Command: /tmp/wrk2/wrk http://10.10.1.1:8000/index.html -c 256 -t 8 -R 2000 -d 10 -L -U
Return code: 0
STDOUT:
Running 10s test @ http://10.10.1.1:8000/index.html
  8 threads and 256 connections
  Thread Stats   Avg      Stdev     Max   +/- Stdev
    Latency   1375.45u 2661.20us63904.00u   99.40%
    Req/Sec       -nan      -nan   0.00      0.00%
  Latency Distribution (HdrHistogram - Recorded Latency)
 50.000% 1197.00us
 75.000% 1502.00us
 90.000% 1843.00us
 99.000% 2531.00us
 99.900%53727.00us
 99.990%63391.00us
 99.999%63935.00us
100.000%63935.00us

  Detailed Percentile spectrum:
       Value   Percentile   TotalCount 1/(1-Percentile)

     227.000     0.000000            1         1.00
     598.000     0.100000         1978         1.11
     771.000     0.200000         3959         1.25
     933.000     0.300000         5928         1.43
    1075.000     0.400000         7908         1.67
    1197.000     0.500000         9885         2.00
    1258.000     0.550000        10863         2.22
    1314.000     0.600000        11858         2.50
    1372.000     0.650000        12836         2.86
    1436.000     0.700000        13829         3.33
    1502.000     0.750000        14810         4.00
    1545.000     0.775000        15302         4.44
    1594.000     0.800000        15799         5.00
    1648.000     0.825000        16290         5.71
    1707.000     0.850000        16787         6.67
    1772.000     0.875000        17286         8.00
    1809.000     0.887500        17529         8.89
    1843.000     0.900000        17773        10.00
    1882.000     0.912500        18020        11.43
    1928.000     0.925000        18268        13.33
    1980.000     0.937500        18516        16.00
    2008.000     0.943750        18637        17.78
    2039.000     0.950000        18760        20.00
    2077.000     0.956250        18882        22.86
    2117.000     0.962500        19007        26.67
    2161.000     0.968750        19130        32.00
    2185.000     0.971875        19189        35.56
    2221.000     0.975000        19251        40.00
    2257.000     0.978125        19315        45.71
    2301.000     0.981250        19374        53.33
    2353.000     0.984375        19437        64.00
    2387.000     0.985938        19467        71.11
    2427.000     0.987500        19498        80.00
    2491.000     0.989062        19529        91.43
    2573.000     0.990625        19559       106.67
    2753.000     0.992188        19590       128.00
    2949.000     0.992969        19606       142.22
    3587.000     0.993750        19621       160.00
    7635.000     0.994531        19637       182.86
   11935.000     0.995313        19652       213.33
   12551.000     0.996094        19667       256.00
   20847.000     0.996484        19675       284.44
   21727.000     0.996875        19683       320.00
   30927.000     0.997266        19691       365.71
   35039.000     0.997656        19698       426.67
   40031.000     0.998047        19707       512.00
   44191.000     0.998242        19711       568.89
   44671.000     0.998437        19714       640.00
   49151.000     0.998633        19718       731.43
   49439.000     0.998828        19721       853.33
   53791.000     0.999023        19725      1024.00
   54015.000     0.999121        19727      1137.78
   54559.000     0.999219        19729      1280.00
   58079.000     0.999316        19731      1462.86
   58527.000     0.999414        19733      1706.67
   58751.000     0.999512        19735      2048.00
   59007.000     0.999561        19736      2275.56
   59647.000     0.999609        19737      2560.00
   63007.000     0.999658        19738      2925.71
   63039.000     0.999707        19739      3413.33
   63199.000     0.999756        19740      4096.00
   63199.000     0.999780        19740      4551.11
   63359.000     0.999805        19741      5120.00
   63359.000     0.999829        19741      5851.43
   63391.000     0.999854        19742      6826.67
   63391.000     0.999878        19742      8192.00
   63391.000     0.999890        19742      9102.22
   63647.000     0.999902        19743     10240.00
   63647.000     0.999915        19743     11702.86
   63647.000     0.999927        19743     13653.33
   63647.000     0.999939        19743     16384.00
   63647.000     0.999945        19743     18204.44
   63935.000     0.999951        19744     20480.00
   63935.000     1.000000        19744          inf
#[Mean    =     1375.451, StdDeviation   =     2661.198]
#[Max     =    63904.000, Total count    =        19744]
#[Buckets =           27, SubBuckets     =         2048]
----------------------------------------------------------

  Latency Distribution (HdrHistogram - Uncorrected Latency (measured without taking delayed starts into account))
 50.000%  403.00us
 75.000%  463.00us
 90.000%  703.00us
 99.000% 1511.00us
 99.900%53439.00us
 99.990%63231.00us
 99.999%63775.00us
100.000%63775.00us

  Detailed Percentile spectrum:
       Value   Percentile   TotalCount 1/(1-Percentile)

     137.000     0.000000            1         1.00
     294.000     0.100000         1976         1.11
     329.000     0.200000         3981         1.25
     363.000     0.300000         5929         1.43
     388.000     0.400000         7901         1.67
     403.000     0.500000         9940         2.00
     411.000     0.550000        10941         2.22
     419.000     0.600000        11854         2.50
     430.000     0.650000        12886         2.86
     443.000     0.700000        13843         3.33
     463.000     0.750000        14811         4.00
     476.000     0.775000        15324         4.44
     491.000     0.800000        15814         5.00
     509.000     0.825000        16295         5.71
     540.000     0.850000        16787         6.67
     601.000     0.875000        17279         8.00
     651.000     0.887500        17527         8.89
     703.000     0.900000        17770        10.00
     783.000     0.912500        18020        11.43
     905.000     0.925000        18265        13.33
    1025.000     0.937500        18511        16.00
    1075.000     0.943750        18634        17.78
    1125.000     0.950000        18761        20.00
    1181.000     0.956250        18882        22.86
    1230.000     0.962500        19004        26.67
    1274.000     0.968750        19127        32.00
    1298.000     0.971875        19191        35.56
    1322.000     0.975000        19252        40.00
    1346.000     0.978125        19316        45.71
    1376.000     0.981250        19376        53.33
    1412.000     0.984375        19436        64.00
    1429.000     0.985938        19467        71.11
    1455.000     0.987500        19499        80.00
    1483.000     0.989062        19529        91.43
    1522.000     0.990625        19559       106.67
    1585.000     0.992188        19590       128.00
    1667.000     0.992969        19606       142.22
    2359.000     0.993750        19621       160.00
    2731.000     0.994531        19637       182.86
    3873.000     0.995313        19652       213.33
   12431.000     0.996094        19667       256.00
   20623.000     0.996484        19675       284.44
   21279.000     0.996875        19683       320.00
   21471.000     0.997266        19691       365.71
   34783.000     0.997656        19698       426.67
   39679.000     0.998047        19707       512.00
   43903.000     0.998242        19710       568.89
   44575.000     0.998437        19714       640.00
   48927.000     0.998633        19718       731.43
   49183.000     0.998828        19721       853.33
   53631.000     0.999023        19725      1024.00
   53887.000     0.999121        19727      1137.78
   54399.000     0.999219        19729      1280.00
   57983.000     0.999316        19731      1462.86
   58399.000     0.999414        19733      1706.67
   58591.000     0.999512        19735      2048.00
   58847.000     0.999561        19736      2275.56
   59455.000     0.999609        19737      2560.00
   62815.000     0.999658        19738      2925.71
   62879.000     0.999707        19739      3413.33
   63007.000     0.999756        19740      4096.00
   63007.000     0.999780        19740      4551.11
   63231.000     0.999805        19742      5120.00
   63231.000     0.999829        19742      5851.43
   63231.000     0.999854        19742      6826.67
   63231.000     0.999878        19742      8192.00
   63231.000     0.999890        19742      9102.22
   63455.000     0.999902        19743     10240.00
   63455.000     0.999915        19743     11702.86
   63455.000     0.999927        19743     13653.33
   63455.000     0.999939        19743     16384.00
   63455.000     0.999945        19743     18204.44
   63775.000     0.999951        19744     20480.00
   63775.000     1.000000        19744          inf
#[Mean    =      622.672, StdDeviation   =     2617.772]
#[Max     =    63744.000, Total count    =        19744]
#[Buckets =           27, SubBuckets     =         2048]
----------------------------------------------------------
  19752 requests in 10.09s, 1.66MB read
Requests/sec:   1957.49
Transfer/sec:    168.22KB

