Command: /tmp/wrk2/wrk http://10.10.1.1:8000/index.html -c 256 -t 8 -R 65000 -d 10 -L -U
Return code: 0
STDOUT:
Running 10s test @ http://10.10.1.1:8000/index.html
  8 threads and 256 connections
  Thread Stats   Avg      Stdev     Max   +/- Stdev
    Latency   3084.11u 6938.77us140416.00   95.60%
    Req/Sec       -nan      -nan   0.00      0.00%
  Latency Distribution (HdrHistogram - Recorded Latency)
 50.000% 1884.00us
 75.000% 2345.00us
 90.000% 2995.00us
 99.000%30623.00us
 99.900%100799.00u
 99.990%133375.00u
 99.999%139519.00u
100.000%140543.00u

  Detailed Percentile spectrum:
       Value   Percentile   TotalCount 1/(1-Percentile)

      94.000     0.000000            1         1.00
    1178.000     0.100000        63916         1.11
    1401.000     0.200000       127482         1.25
    1573.000     0.300000       191230         1.43
    1731.000     0.400000       255221         1.67
    1884.000     0.500000       318742         2.00
    1964.000     0.550000       350774         2.22
    2046.000     0.600000       382409         2.50
    2135.000     0.650000       414763         2.86
    2231.000     0.700000       446318         3.33
    2345.000     0.750000       478046         4.00
    2411.000     0.775000       493999         4.44
    2487.000     0.800000       510224         5.00
    2573.000     0.825000       525934         5.71
    2675.000     0.850000       541704         6.67
    2809.000     0.875000       557820         8.00
    2893.000     0.887500       565726         8.89
    2995.000     0.900000       573636        10.00
    3127.000     0.912500       581560        11.43
    3319.000     0.925000       589506        13.33
    3751.000     0.937500       597463        16.00
    4379.000     0.943750       601443        17.78
    6591.000     0.950000       605423        20.00
   10191.000     0.956250       609405        22.86
   13623.000     0.962500       613392        26.67
   16895.000     0.968750       617373        32.00
   18511.000     0.971875       619374        35.56
   20079.000     0.975000       621363        40.00
   21567.000     0.978125       623370        45.71
   22959.000     0.981250       625339        53.33
   24447.000     0.984375       627349        64.00
   25231.000     0.985938       628324        71.11
   26319.000     0.987500       629321        80.00
   28671.000     0.989062       630319        91.43
   31903.000     0.990625       631313       106.67
   35711.000     0.992188       632308       128.00
   37631.000     0.992969       632805       142.22
   39743.000     0.993750       633308       160.00
   41983.000     0.994531       633804       182.86
   46271.000     0.995313       634297       213.33
   54687.000     0.996094       634795       256.00
   60607.000     0.996484       635045       284.44
   65791.000     0.996875       635295       320.00
   71039.000     0.997266       635543       365.71
   76927.000     0.997656       635791       426.67
   82303.000     0.998047       636041       512.00
   85375.000     0.998242       636167       568.89
   88447.000     0.998437       636290       640.00
   92223.000     0.998633       636413       731.43
   96511.000     0.998828       636538       853.33
  101311.000     0.999023       636666      1024.00
  102911.000     0.999121       636725      1137.78
  105727.000     0.999219       636787      1280.00
  108351.000     0.999316       636850      1462.86
  111487.000     0.999414       636911      1706.67
  114687.000     0.999512       636974      2048.00
  116799.000     0.999561       637004      2275.56
  118847.000     0.999609       637037      2560.00
  120959.000     0.999658       637067      2925.71
  123455.000     0.999707       637099      3413.33
  126079.000     0.999756       637130      4096.00
  126719.000     0.999780       637144      4551.11
  127999.000     0.999805       637161      5120.00
  130111.000     0.999829       637176      5851.43
  131327.000     0.999854       637192      6826.67
  132479.000     0.999878       637207      8192.00
  132991.000     0.999890       637215      9102.22
  133631.000     0.999902       637224     10240.00
  134143.000     0.999915       637232     11702.86
  134655.000     0.999927       637238     13653.33
  135551.000     0.999939       637247     16384.00
  136063.000     0.999945       637251     18204.44
  136319.000     0.999951       637254     20480.00
  136575.000     0.999957       637258     23405.71
  136831.000     0.999963       637261     27306.67
  137087.000     0.999969       637265     32768.00
  137215.000     0.999973       637267     36408.89
  137471.000     0.999976       637269     40960.00
  137599.000     0.999979       637271     46811.43
  137727.000     0.999982       637273     54613.33
  138623.000     0.999985       637275     65536.00
  138879.000     0.999986       637276     72817.78
  139135.000     0.999988       637277     81920.00
  139519.000     0.999989       637278     93622.86
  139903.000     0.999991       637279    109226.67
  140031.000     0.999992       637280    131072.00
  140031.000     0.999993       637280    145635.56
  140159.000     0.999994       637281    163840.00
  140159.000     0.999995       637281    187245.71
  140287.000     0.999995       637282    218453.33
  140287.000     0.999996       637282    262144.00
  140287.000     0.999997       637282    291271.11
  140543.000     0.999997       637284    327680.00
  140543.000     1.000000       637284          inf
#[Mean    =     3084.114, StdDeviation   =     6938.774]
#[Max     =   140416.000, Total count    =       637284]
#[Buckets =           27, SubBuckets     =         2048]
----------------------------------------------------------

  Latency Distribution (HdrHistogram - Uncorrected Latency (measured without taking delayed starts into account))
 50.000% 1162.00us
 75.000% 1470.00us
 90.000% 2006.00us
 99.000% 4375.00us
 99.900% 5523.00us
 99.990% 6691.00us
 99.999%23663.00us
100.000%25215.00us

  Detailed Percentile spectrum:
       Value   Percentile   TotalCount 1/(1-Percentile)

      67.000     0.000000            2         1.00
     671.000     0.100000        63774         1.11
     830.000     0.200000       127559         1.25
     960.000     0.300000       191447         1.43
    1068.000     0.400000       255409         1.67
    1162.000     0.500000       319109         2.00
    1211.000     0.550000       351040         2.22
    1264.000     0.600000       382883         2.50
    1323.000     0.650000       414641         2.86
    1391.000     0.700000       446442         3.33
    1470.000     0.750000       478068         4.00
    1517.000     0.775000       493926         4.44
    1571.000     0.800000       509973         5.00
    1634.000     0.825000       525911         5.71
    1713.000     0.850000       541776         6.67
    1823.000     0.875000       557735         8.00
    1899.000     0.887500       565594         8.89
    2006.000     0.900000       573576        10.00
    2141.000     0.912500       581595        11.43
    2329.000     0.925000       589555        13.33
    2763.000     0.937500       597474        16.00
    3167.000     0.943750       601448        17.78
    3435.000     0.950000       605445        20.00
    3543.000     0.956250       609443        22.86
    3609.000     0.962500       613417        26.67
    3673.000     0.968750       617482        32.00
    3717.000     0.971875       619374        35.56
    3815.000     0.975000       621364        40.00
    4103.000     0.978125       623344        45.71
    4231.000     0.981250       625387        53.33
    4295.000     0.984375       627432        64.00
    4319.000     0.985938       628473        71.11
    4339.000     0.987500       629353        80.00
    4363.000     0.989062       630421        91.43
    4383.000     0.990625       631312       106.67
    4411.000     0.992188       632418       128.00
    4423.000     0.992969       632848       142.22
    4443.000     0.993750       633413       160.00
    4463.000     0.994531       633847       182.86
    4491.000     0.995313       634340       213.33
    4527.000     0.996094       634799       256.00
    4559.000     0.996484       635061       284.44
    4619.000     0.996875       635297       320.00
    4835.000     0.997266       635547       365.71
    5107.000     0.997656       635792       426.67
    5251.000     0.998047       636045       512.00
    5295.000     0.998242       636165       568.89
    5339.000     0.998437       636295       640.00
    5387.000     0.998633       636425       731.43
    5439.000     0.998828       636541       853.33
    5543.000     0.999023       636666      1024.00
    5639.000     0.999121       636726      1137.78
    6051.000     0.999219       636787      1280.00
    6275.000     0.999316       636851      1462.86
    6339.000     0.999414       636912      1706.67
    6391.000     0.999512       636975      2048.00
    6415.000     0.999561       637008      2275.56
    6443.000     0.999609       637041      2560.00
    6467.000     0.999658       637071      2925.71
    6495.000     0.999707       637099      3413.33
    6527.000     0.999756       637129      4096.00
    6543.000     0.999780       637146      4551.11
    6559.000     0.999805       637161      5120.00
    6579.000     0.999829       637177      5851.43
    6595.000     0.999854       637193      6826.67
    6631.000     0.999878       637207      8192.00
    6675.000     0.999890       637215      9102.22
    6695.000     0.999902       637222     10240.00
    6735.000     0.999915       637230     11702.86
    6795.000     0.999927       637238     13653.33
    7415.000     0.999939       637246     16384.00
    9815.000     0.999945       637249     18204.44
   10735.000     0.999951       637253     20480.00
   11887.000     0.999957       637257     23405.71
   14455.000     0.999963       637261     27306.67
   15319.000     0.999969       637265     32768.00
   18415.000     0.999973       637267     36408.89
   18895.000     0.999976       637269     40960.00
   18975.000     0.999979       637271     46811.43
   20047.000     0.999982       637273     54613.33
   20767.000     0.999985       637275     65536.00
   22911.000     0.999986       637276     72817.78
   23439.000     0.999988       637277     81920.00
   23663.000     0.999989       637278     93622.86
   23791.000     0.999991       637279    109226.67
   23903.000     0.999992       637280    131072.00
   23903.000     0.999993       637280    145635.56
   23967.000     0.999994       637281    163840.00
   23967.000     0.999995       637281    187245.71
   24143.000     0.999995       637282    218453.33
   24143.000     0.999996       637282    262144.00
   24143.000     0.999997       637282    291271.11
   24271.000     0.999997       637283    327680.00
   24271.000     0.999997       637283    374491.43
   24271.000     0.999998       637283    436906.67
   24271.000     0.999998       637283    524288.00
   24271.000     0.999998       637283    582542.22
   25215.000     0.999998       637284    655360.00
   25215.000     1.000000       637284          inf
#[Mean    =     1329.405, StdDeviation   =      790.708]
#[Max     =    25200.000, Total count    =       637284]
#[Buckets =           27, SubBuckets     =         2048]
----------------------------------------------------------
  637316 requests in 10.00s, 53.49MB read
Requests/sec:  63724.98
Transfer/sec:      5.35MB

