Command: /tmp/wrk2/wrk http://10.10.1.1:8000/index.html -c 256 -t 8 -R 30000 -d 10 -L -U
Return code: 0
STDOUT:
Running 10s test @ http://10.10.1.1:8000/index.html
  8 threads and 256 connections
  Thread Stats   Avg      Stdev     Max   +/- Stdev
    Latency   1350.55u  646.72us31648.00u   73.02%
    Req/Sec       -nan      -nan   0.00      0.00%
  Latency Distribution (HdrHistogram - Recorded Latency)
 50.000% 1301.00us
 75.000% 1730.00us
 90.000% 2111.00us
 99.000% 2791.00us
 99.900% 3773.00us
 99.990%18223.00us
 99.999%30607.00us
100.000%31663.00us

  Detailed Percentile spectrum:
       Value   Percentile   TotalCount 1/(1-Percentile)

      99.000     0.000000            1         1.00
     629.000     0.100000        29486         1.11
     825.000     0.200000        58927         1.25
     989.000     0.300000        88458         1.43
    1145.000     0.400000       117843         1.67
    1301.000     0.500000       147289         2.00
    1381.000     0.550000       161980         2.22
    1462.000     0.600000       176635         2.50
    1546.000     0.650000       191431         2.86
    1633.000     0.700000       205981         3.33
    1730.000     0.750000       220847         4.00
    1780.000     0.775000       228075         4.44
    1835.000     0.800000       235514         5.00
    1893.000     0.825000       242764         5.71
    1957.000     0.850000       250147         6.67
    2029.000     0.875000       257561         8.00
    2069.000     0.887500       261224         8.89
    2111.000     0.900000       264874        10.00
    2159.000     0.912500       268577        11.43
    2213.000     0.925000       272216        13.33
    2273.000     0.937500       275917        16.00
    2307.000     0.943750       277727        17.78
    2345.000     0.950000       279576        20.00
    2387.000     0.956250       281437        22.86
    2433.000     0.962500       283277        26.67
    2485.000     0.968750       285076        32.00
    2517.000     0.971875       286034        35.56
    2551.000     0.975000       286948        40.00
    2585.000     0.978125       287821        45.71
    2627.000     0.981250       288766        53.33
    2673.000     0.984375       289674        64.00
    2699.000     0.985938       290146        71.11
    2727.000     0.987500       290589        80.00
    2765.000     0.989062       291057        91.43
    2809.000     0.990625       291514       106.67
    2859.000     0.992188       291962       128.00
    2889.000     0.992969       292191       142.22
    2923.000     0.993750       292425       160.00
    2959.000     0.994531       292652       182.86
    3001.000     0.995313       292878       213.33
    3057.000     0.996094       293113       256.00
    3089.000     0.996484       293227       284.44
    3123.000     0.996875       293339       320.00
    3169.000     0.997266       293453       365.71
    3223.000     0.997656       293568       426.67
    3279.000     0.998047       293683       512.00
    3323.000     0.998242       293741       568.89
    3379.000     0.998437       293798       640.00
    3471.000     0.998633       293855       731.43
    3593.000     0.998828       293914       853.33
    3815.000     0.999023       293970      1024.00
    3979.000     0.999121       293999      1137.78
    4311.000     0.999219       294028      1280.00
    4679.000     0.999316       294057      1462.86
    5379.000     0.999414       294085      1706.67
    6259.000     0.999512       294114      2048.00
    6495.000     0.999561       294128      2275.56
    7615.000     0.999609       294143      2560.00
    8399.000     0.999658       294157      2925.71
    9671.000     0.999707       294171      3413.33
   10135.000     0.999756       294186      4096.00
   10359.000     0.999780       294193      4551.11
   12863.000     0.999805       294200      5120.00
   13495.000     0.999829       294207      5851.43
   14743.000     0.999854       294214      6826.67
   17471.000     0.999878       294222      8192.00
   17807.000     0.999890       294225      9102.22
   18399.000     0.999902       294229     10240.00
   21231.000     0.999915       294232     11702.86
   21631.000     0.999927       294236     13653.33
   22447.000     0.999939       294240     16384.00
   22703.000     0.999945       294241     18204.44
   23487.000     0.999951       294243     20480.00
   25791.000     0.999957       294245     23405.71
   25887.000     0.999963       294247     27306.67
   25983.000     0.999969       294249     32768.00
   25983.000     0.999973       294249     36408.89
   26591.000     0.999976       294250     40960.00
   29855.000     0.999979       294251     46811.43
   30207.000     0.999982       294252     54613.33
   30543.000     0.999985       294253     65536.00
   30543.000     0.999986       294253     72817.78
   30607.000     0.999988       294254     81920.00
   30607.000     0.999989       294254     93622.86
   30687.000     0.999991       294255    109226.67
   30687.000     0.999992       294255    131072.00
   30687.000     0.999993       294255    145635.56
   30847.000     0.999994       294256    163840.00
   30847.000     0.999995       294256    187245.71
   30847.000     0.999995       294256    218453.33
   30847.000     0.999996       294256    262144.00
   30847.000     0.999997       294256    291271.11
   31663.000     0.999997       294257    327680.00
   31663.000     1.000000       294257          inf
#[Mean    =     1350.554, StdDeviation   =      646.719]
#[Max     =    31648.000, Total count    =       294257]
#[Buckets =           27, SubBuckets     =         2048]
----------------------------------------------------------

  Latency Distribution (HdrHistogram - Uncorrected Latency (measured without taking delayed starts into account))
 50.000%  486.00us
 75.000%  693.00us
 90.000%  933.00us
 99.000% 1495.00us
 99.900% 2205.00us
 99.990%12799.00us
 99.999%30447.00us
100.000%31439.00us

  Detailed Percentile spectrum:
       Value   Percentile   TotalCount 1/(1-Percentile)

      65.000     0.000000            2         1.00
     227.000     0.100000        29722         1.11
     299.000     0.200000        58905         1.25
     363.000     0.300000        88426         1.43
     424.000     0.400000       117846         1.67
     486.000     0.500000       147132         2.00
     520.000     0.550000       161895         2.22
     557.000     0.600000       176699         2.50
     597.000     0.650000       191337         2.86
     642.000     0.700000       206152         3.33
     693.000     0.750000       220908         4.00
     722.000     0.775000       228289         4.44
     754.000     0.800000       235592         5.00
     789.000     0.825000       242873         5.71
     829.000     0.850000       250290         6.67
     875.000     0.875000       257574         8.00
     902.000     0.887500       261187         8.89
     933.000     0.900000       264870        10.00
     969.000     0.912500       268589        11.43
    1009.000     0.925000       272256        13.33
    1055.000     0.937500       275877        16.00
    1082.000     0.943750       277757        17.78
    1111.000     0.950000       279569        20.00
    1144.000     0.956250       281406        22.86
    1182.000     0.962500       283251        26.67
    1224.000     0.968750       285080        32.00
    1249.000     0.971875       286008        35.56
    1275.000     0.975000       286907        40.00
    1308.000     0.978125       287833        45.71
    1345.000     0.981250       288745        53.33
    1387.000     0.984375       289669        64.00
    1412.000     0.985938       290134        71.11
    1441.000     0.987500       290582        80.00
    1473.000     0.989062       291041        91.43
    1510.000     0.990625       291503       106.67
    1551.000     0.992188       291959       128.00
    1580.000     0.992969       292192       142.22
    1611.000     0.993750       292421       160.00
    1650.000     0.994531       292653       182.86
    1691.000     0.995313       292878       213.33
    1743.000     0.996094       293112       256.00
    1771.000     0.996484       293225       284.44
    1805.000     0.996875       293341       320.00
    1839.000     0.997266       293460       365.71
    1884.000     0.997656       293568       426.67
    1932.000     0.998047       293684       512.00
    1963.000     0.998242       293742       568.89
    1999.000     0.998437       293798       640.00
    2044.000     0.998633       293855       731.43
    2111.000     0.998828       293915       853.33
    2221.000     0.999023       293970      1024.00
    2267.000     0.999121       293999      1137.78
    2339.000     0.999219       294028      1280.00
    2455.000     0.999316       294056      1462.86
    2693.000     0.999414       294085      1706.67
    2979.000     0.999512       294114      2048.00
    3101.000     0.999561       294128      2275.56
    3363.000     0.999609       294143      2560.00
    3489.000     0.999658       294157      2925.71
    3707.000     0.999707       294171      3413.33
    4001.000     0.999756       294186      4096.00
    4247.000     0.999780       294193      4551.11
    4379.000     0.999805       294200      5120.00
    4595.000     0.999829       294207      5851.43
    5943.000     0.999854       294214      6826.67
    8463.000     0.999878       294222      8192.00
   12463.000     0.999890       294225      9102.22
   13391.000     0.999902       294229     10240.00
   17071.000     0.999915       294232     11702.86
   18047.000     0.999927       294236     13653.33
   21151.000     0.999939       294240     16384.00
   21279.000     0.999945       294241     18204.44
   21647.000     0.999951       294243     20480.00
   25647.000     0.999957       294245     23405.71
   25695.000     0.999963       294247     27306.67
   25903.000     0.999969       294249     32768.00
   25903.000     0.999973       294249     36408.89
   26447.000     0.999976       294250     40960.00
   29631.000     0.999979       294251     46811.43
   29999.000     0.999982       294252     54613.33
   30431.000     0.999985       294253     65536.00
   30431.000     0.999986       294253     72817.78
   30447.000     0.999988       294254     81920.00
   30447.000     0.999989       294254     93622.86
   30511.000     0.999991       294255    109226.67
   30511.000     0.999992       294255    131072.00
   30511.000     0.999993       294255    145635.56
   30639.000     0.999994       294256    163840.00
   30639.000     0.999995       294256    187245.71
   30639.000     0.999995       294256    218453.33
   30639.000     0.999996       294256    262144.00
   30639.000     0.999997       294256    291271.11
   31439.000     0.999997       294257    327680.00
   31439.000     1.000000       294257          inf
#[Mean    =      547.966, StdDeviation   =      384.073]
#[Max     =    31424.000, Total count    =       294257]
#[Buckets =           27, SubBuckets     =         2048]
----------------------------------------------------------
  294273 requests in 10.01s, 24.70MB read
Requests/sec:  29410.65
Transfer/sec:      2.47MB

