Command: /tmp/wrk2/wrk http://10.10.1.1:8000/index.html -c 256 -t 8 -R 10000 -d 10 -L -U
Return code: 0
STDOUT:
Running 10s test @ http://10.10.1.1:8000/index.html
  8 threads and 256 connections
  Thread Stats   Avg      Stdev     Max   +/- Stdev
    Latency   2011.97u 1435.22us40288.00u   74.49%
    Req/Sec       -nan      -nan   0.00      0.00%
  Latency Distribution (HdrHistogram - Recorded Latency)
 50.000% 1561.00us
 75.000% 2985.00us
 90.000% 4001.00us
 99.000% 5043.00us
 99.900%11063.00us
 99.990%30575.00us
 99.999%39967.00us
100.000%40319.00us

  Detailed Percentile spectrum:
       Value   Percentile   TotalCount 1/(1-Percentile)

     112.000     0.000000            1         1.00
     664.000     0.100000         9586         1.11
     903.000     0.200000        19215         1.25
    1121.000     0.300000        28779         1.43
    1333.000     0.400000        38361         1.67
    1561.000     0.500000        47939         2.00
    1695.000     0.550000        52744         2.22
    1858.000     0.600000        57526         2.50
    2099.000     0.650000        62320         2.86
    2517.000     0.700000        67117         3.33
    2985.000     0.750000        71900         4.00
    3187.000     0.775000        74300         4.44
    3365.000     0.800000        76706         5.00
    3525.000     0.825000        79092         5.71
    3687.000     0.850000        81511         6.67
    3841.000     0.875000        83877         8.00
    3923.000     0.887500        85095         8.89
    4001.000     0.900000        86281        10.00
    4087.000     0.912500        87505        11.43
    4175.000     0.925000        88699        13.33
    4271.000     0.937500        89884        16.00
    4323.000     0.943750        90493        17.78
    4375.000     0.950000        91074        20.00
    4435.000     0.956250        91675        22.86
    4507.000     0.962500        92292        26.67
    4591.000     0.968750        92893        32.00
    4627.000     0.971875        93169        35.56
    4683.000     0.975000        93483        40.00
    4735.000     0.978125        93769        45.71
    4795.000     0.981250        94072        53.33
    4871.000     0.984375        94375        64.00
    4907.000     0.985938        94513        71.11
    4959.000     0.987500        94669        80.00
    5007.000     0.989062        94811        91.43
    5063.000     0.990625        94964       106.67
    5135.000     0.992188        95112       128.00
    5175.000     0.992969        95189       142.22
    5231.000     0.993750        95263       160.00
    5299.000     0.994531        95337       182.86
    5359.000     0.995313        95413       213.33
    5439.000     0.996094        95485       256.00
    5503.000     0.996484        95523       284.44
    5559.000     0.996875        95562       320.00
    5651.000     0.997266        95597       365.71
    5763.000     0.997656        95635       426.67
    5931.000     0.998047        95673       512.00
    6023.000     0.998242        95692       568.89
    6183.000     0.998437        95711       640.00
    6459.000     0.998633        95728       731.43
    7747.000     0.998828        95747       853.33
   12055.000     0.999023        95766      1024.00
   15551.000     0.999121        95776      1137.78
   20623.000     0.999219        95785      1280.00
   20991.000     0.999316        95794      1462.86
   21599.000     0.999414        95803      1706.67
   21839.000     0.999512        95815      2048.00
   21887.000     0.999561        95817      2275.56
   21935.000     0.999609        95822      2560.00
   22111.000     0.999658        95827      2925.71
   22223.000     0.999707        95831      3413.33
   22415.000     0.999756        95836      4096.00
   22511.000     0.999780        95838      4551.11
   25327.000     0.999805        95841      5120.00
   25759.000     0.999829        95843      5851.43
   29615.000     0.999854        95845      6826.67
   30319.000     0.999878        95848      8192.00
   30575.000     0.999890        95849      9102.22
   34111.000     0.999902        95850     10240.00
   34879.000     0.999915        95851     11702.86
   34943.000     0.999927        95852     13653.33
   35615.000     0.999939        95854     16384.00
   35615.000     0.999945        95854     18204.44
   39231.000     0.999951        95855     20480.00
   39231.000     0.999957        95855     23405.71
   39455.000     0.999963        95856     27306.67
   39871.000     0.999969        95857     32768.00
   39871.000     0.999973        95857     36408.89
   39871.000     0.999976        95857     40960.00
   39871.000     0.999979        95857     46811.43
   39967.000     0.999982        95858     54613.33
   39967.000     0.999985        95858     65536.00
   39967.000     0.999986        95858     72817.78
   39967.000     0.999988        95858     81920.00
   39967.000     0.999989        95858     93622.86
   40319.000     0.999991        95859    109226.67
   40319.000     1.000000        95859          inf
#[Mean    =     2011.970, StdDeviation   =     1435.224]
#[Max     =    40288.000, Total count    =        95859]
#[Buckets =           27, SubBuckets     =         2048]
----------------------------------------------------------

  Latency Distribution (HdrHistogram - Uncorrected Latency (measured without taking delayed starts into account))
 50.000%  540.00us
 75.000% 2135.00us
 90.000% 3003.00us
 99.000% 3877.00us
 99.900% 5243.00us
 99.990%30431.00us
 99.999%39647.00us
100.000%40063.00us

  Detailed Percentile spectrum:
       Value   Percentile   TotalCount 1/(1-Percentile)

      82.000     0.000000            1         1.00
     254.000     0.100000         9712         1.11
     307.000     0.200000        19259         1.25
     362.000     0.300000        28786         1.43
     432.000     0.400000        38431         1.67
     540.000     0.500000        47934         2.00
     637.000     0.550000        52745         2.22
     826.000     0.600000        57517         2.50
    1215.000     0.650000        62313         2.86
    1678.000     0.700000        67102         3.33
    2135.000     0.750000        71916         4.00
    2301.000     0.775000        74304         4.44
    2453.000     0.800000        76699         5.00
    2599.000     0.825000        79096         5.71
    2735.000     0.850000        81497         6.67
    2869.000     0.875000        83898         8.00
    2937.000     0.887500        85104         8.89
    3003.000     0.900000        86303        10.00
    3075.000     0.912500        87501        11.43
    3147.000     0.925000        88691        13.33
    3227.000     0.937500        89893        16.00
    3271.000     0.943750        90499        17.78
    3317.000     0.950000        91088        20.00
    3367.000     0.956250        91666        22.86
    3427.000     0.962500        92273        26.67
    3495.000     0.968750        92868        32.00
    3533.000     0.971875        93163        35.56
    3577.000     0.975000        93468        40.00
    3627.000     0.978125        93770        45.71
    3679.000     0.981250        94073        53.33
    3735.000     0.984375        94370        64.00
    3775.000     0.985938        94517        71.11
    3809.000     0.987500        94666        80.00
    3847.000     0.989062        94821        91.43
    3893.000     0.990625        94964       106.67
    3945.000     0.992188        95119       128.00
    3973.000     0.992969        95187       142.22
    4011.000     0.993750        95262       160.00
    4049.000     0.994531        95337       182.86
    4087.000     0.995313        95411       213.33
    4135.000     0.996094        95491       256.00
    4159.000     0.996484        95523       284.44
    4195.000     0.996875        95564       320.00
    4235.000     0.997266        95602       365.71
    4303.000     0.997656        95636       426.67
    4407.000     0.998047        95673       512.00
    4443.000     0.998242        95693       568.89
    4547.000     0.998437        95710       640.00
    4631.000     0.998633        95728       731.43
    4979.000     0.998828        95747       853.33
    5275.000     0.999023        95766      1024.00
    5399.000     0.999121        95775      1137.78
    5511.000     0.999219        95785      1280.00
    5703.000     0.999316        95794      1462.86
    6215.000     0.999414        95803      1706.67
    7211.000     0.999512        95813      2048.00
    7863.000     0.999561        95817      2275.56
   10415.000     0.999609        95822      2560.00
   11735.000     0.999658        95827      2925.71
   15127.000     0.999707        95831      3413.33
   20303.000     0.999756        95836      4096.00
   21135.000     0.999780        95838      4551.11
   24943.000     0.999805        95841      5120.00
   25455.000     0.999829        95843      5851.43
   29407.000     0.999854        95845      6826.67
   30143.000     0.999878        95848      8192.00
   30431.000     0.999890        95849      9102.22
   33919.000     0.999902        95850     10240.00
   34463.000     0.999915        95851     11702.86
   34655.000     0.999927        95852     13653.33
   35423.000     0.999939        95854     16384.00
   35423.000     0.999945        95854     18204.44
   39007.000     0.999951        95855     20480.00
   39007.000     0.999957        95855     23405.71
   39167.000     0.999963        95856     27306.67
   39647.000     0.999969        95858     32768.00
   39647.000     0.999973        95858     36408.89
   39647.000     0.999976        95858     40960.00
   39647.000     0.999979        95858     46811.43
   39647.000     0.999982        95858     54613.33
   39647.000     0.999985        95858     65536.00
   39647.000     0.999986        95858     72817.78
   39647.000     0.999988        95858     81920.00
   39647.000     0.999989        95858     93622.86
   40063.000     0.999991        95859    109226.67
   40063.000     1.000000        95859          inf
#[Mean    =     1191.252, StdDeviation   =     1219.395]
#[Max     =    40032.000, Total count    =        95859]
#[Buckets =           27, SubBuckets     =         2048]
----------------------------------------------------------
  95870 requests in 10.01s, 8.05MB read
Requests/sec:   9574.05
Transfer/sec:    822.77KB

