Command: /tmp/wrk2/wrk http://10.10.1.1:8000/index.html -c 256 -t 8 -R 20000 -d 10 -L -U
Return code: 0
STDOUT:
Running 10s test @ http://10.10.1.1:8000/index.html
  8 threads and 256 connections
  Thread Stats   Avg      Stdev     Max   +/- Stdev
    Latency   1169.90u  949.69us50144.00u   96.62%
    Req/Sec       -nan      -nan   0.00      0.00%
  Latency Distribution (HdrHistogram - Recorded Latency)
 50.000% 1117.00us
 75.000% 1495.00us
 90.000% 1808.00us
 99.000% 2361.00us
 99.900% 7875.00us
 99.990%41183.00us
 99.999%50047.00us
100.000%50175.00us

  Detailed Percentile spectrum:
       Value   Percentile   TotalCount 1/(1-Percentile)

     106.000     0.000000            1         1.00
     514.000     0.100000        19892         1.11
     686.000     0.200000        39745         1.25
     835.000     0.300000        59656         1.43
     975.000     0.400000        79452         1.67
    1117.000     0.500000        99374         2.00
    1189.000     0.550000       109258         2.22
    1263.000     0.600000       119213         2.50
    1337.000     0.650000       129097         2.86
    1416.000     0.700000       139060         3.33
    1495.000     0.750000       148900         4.00
    1537.000     0.775000       153876         4.44
    1582.000     0.800000       158834         5.00
    1630.000     0.825000       163786         5.71
    1682.000     0.850000       168781         6.67
    1740.000     0.875000       173760         8.00
    1773.000     0.887500       176209         8.89
    1808.000     0.900000       178663        10.00
    1847.000     0.912500       181183        11.43
    1888.000     0.925000       183649        13.33
    1938.000     0.937500       186154        16.00
    1966.000     0.943750       187374        17.78
    1997.000     0.950000       188617        20.00
    2029.000     0.956250       189832        22.86
    2069.000     0.962500       191133        26.67
    2111.000     0.968750       192322        32.00
    2137.000     0.971875       192939        35.56
    2163.000     0.975000       193556        40.00
    2193.000     0.978125       194180        45.71
    2231.000     0.981250       194821        53.33
    2267.000     0.984375       195412        64.00
    2291.000     0.985938       195743        71.11
    2315.000     0.987500       196052        80.00
    2341.000     0.989062       196346        91.43
    2373.000     0.990625       196657       106.67
    2411.000     0.992188       196962       128.00
    2437.000     0.992969       197122       142.22
    2461.000     0.993750       197277       160.00
    2493.000     0.994531       197430       182.86
    2525.000     0.995313       197583       213.33
    2571.000     0.996094       197742       256.00
    2601.000     0.996484       197817       284.44
    2635.000     0.996875       197892       320.00
    2683.000     0.997266       197971       365.71
    2735.000     0.997656       198049       426.67
    2823.000     0.998047       198125       512.00
    2903.000     0.998242       198166       568.89
    3055.000     0.998437       198202       640.00
    3921.000     0.998633       198241       731.43
    5863.000     0.998828       198280       853.33
    7963.000     0.999023       198319      1024.00
   11823.000     0.999121       198338      1137.78
   12847.000     0.999219       198357      1280.00
   15599.000     0.999316       198377      1462.86
   19279.000     0.999414       198396      1706.67
   22031.000     0.999512       198416      2048.00
   24847.000     0.999561       198425      2275.56
   25359.000     0.999609       198435      2560.00
   28911.000     0.999658       198445      2925.71
   29503.000     0.999707       198454      3413.33
   32735.000     0.999756       198464      4096.00
   33087.000     0.999780       198469      4551.11
   36927.000     0.999805       198474      5120.00
   37279.000     0.999829       198480      5851.43
   37535.000     0.999854       198484      6826.67
   37823.000     0.999878       198488      8192.00
   41119.000     0.999890       198491      9102.22
   41183.000     0.999902       198493     10240.00
   41759.000     0.999915       198496     11702.86
   44639.000     0.999927       198498     13653.33
   44799.000     0.999939       198500     16384.00
   45055.000     0.999945       198502     18204.44
   45311.000     0.999951       198503     20480.00
   45407.000     0.999957       198504     23405.71
   49311.000     0.999963       198505     27306.67
   49343.000     0.999969       198507     32768.00
   49343.000     0.999973       198507     36408.89
   49471.000     0.999976       198508     40960.00
   49471.000     0.999979       198508     46811.43
   49631.000     0.999982       198509     54613.33
   49631.000     0.999985       198509     65536.00
   50047.000     0.999986       198511     72817.78
   50047.000     0.999988       198511     81920.00
   50047.000     0.999989       198511     93622.86
   50047.000     0.999991       198511    109226.67
   50047.000     0.999992       198511    131072.00
   50047.000     0.999993       198511    145635.56
   50047.000     0.999994       198511    163840.00
   50047.000     0.999995       198511    187245.71
   50175.000     0.999995       198512    218453.33
   50175.000     1.000000       198512          inf
#[Mean    =     1169.904, StdDeviation   =      949.694]
#[Max     =    50144.000, Total count    =       198512]
#[Buckets =           27, SubBuckets     =         2048]
----------------------------------------------------------

  Latency Distribution (HdrHistogram - Uncorrected Latency (measured without taking delayed starts into account))
 50.000%  319.00us
 75.000%  447.00us
 90.000%  599.00us
 99.000%  931.00us
 99.900% 1494.00us
 99.990%40991.00us
 99.999%49791.00us
100.000%50079.00us

  Detailed Percentile spectrum:
       Value   Percentile   TotalCount 1/(1-Percentile)

      65.000     0.000000            1         1.00
     173.000     0.100000        19982         1.11
     215.000     0.200000        39837         1.25
     246.000     0.300000        59886         1.43
     280.000     0.400000        79514         1.67
     319.000     0.500000        99657         2.00
     339.000     0.550000       109229         2.22
     362.000     0.600000       119330         2.50
     387.000     0.650000       129208         2.86
     415.000     0.700000       139293         3.33
     447.000     0.750000       149060         4.00
     465.000     0.775000       153998         4.44
     485.000     0.800000       158987         5.00
     507.000     0.825000       163910         5.71
     533.000     0.850000       168889         6.67
     563.000     0.875000       173766         8.00
     580.000     0.887500       176234         8.89
     599.000     0.900000       178719        10.00
     621.000     0.912500       181249        11.43
     645.000     0.925000       183663        13.33
     673.000     0.937500       186156        16.00
     689.000     0.943750       187408        17.78
     707.000     0.950000       188635        20.00
     727.000     0.956250       189839        22.86
     750.000     0.962500       191068        26.67
     777.000     0.968750       192330        32.00
     793.000     0.971875       192963        35.56
     809.000     0.975000       193582        40.00
     827.000     0.978125       194204        45.71
     847.000     0.981250       194809        53.33
     871.000     0.984375       195433        64.00
     884.000     0.985938       195735        71.11
     900.000     0.987500       196044        80.00
     917.000     0.989062       196347        91.43
     941.000     0.990625       196666       106.67
     964.000     0.992188       196963       128.00
     978.000     0.992969       197119       142.22
     997.000     0.993750       197278       160.00
    1014.000     0.994531       197428       182.86
    1037.000     0.995313       197585       213.33
    1065.000     0.996094       197740       256.00
    1081.000     0.996484       197820       284.44
    1101.000     0.996875       197892       320.00
    1122.000     0.997266       197970       365.71
    1144.000     0.997656       198047       426.67
    1175.000     0.998047       198130       512.00
    1194.000     0.998242       198164       568.89
    1218.000     0.998437       198203       640.00
    1254.000     0.998633       198241       731.43
    1338.000     0.998828       198280       853.33
    1549.000     0.999023       198319      1024.00
    1669.000     0.999121       198338      1137.78
    1889.000     0.999219       198357      1280.00
    2071.000     0.999316       198377      1462.86
    2389.000     0.999414       198396      1706.67
    3763.000     0.999512       198416      2048.00
    7019.000     0.999561       198425      2275.56
   11503.000     0.999609       198435      2560.00
   14335.000     0.999658       198445      2925.71
   15095.000     0.999707       198455      3413.33
   24831.000     0.999756       198464      4096.00
   28831.000     0.999780       198469      4551.11
   32351.000     0.999805       198474      5120.00
   33087.000     0.999829       198479      5851.43
   36895.000     0.999854       198483      6826.67
   37471.000     0.999878       198488      8192.00
   40959.000     0.999890       198491      9102.22
   41023.000     0.999902       198493     10240.00
   41535.000     0.999915       198496     11702.86
   44479.000     0.999927       198498     13653.33
   44639.000     0.999939       198501     16384.00
   44991.000     0.999945       198502     18204.44
   45055.000     0.999951       198503     20480.00
   45119.000     0.999957       198504     23405.71
   49151.000     0.999963       198506     27306.67
   49151.000     0.999969       198506     32768.00
   49183.000     0.999973       198507     36408.89
   49247.000     0.999976       198508     40960.00
   49247.000     0.999979       198508     46811.43
   49439.000     0.999982       198509     54613.33
   49439.000     0.999985       198509     65536.00
   49791.000     0.999986       198510     72817.78
   49791.000     0.999988       198510     81920.00
   49791.000     0.999989       198510     93622.86
   49855.000     0.999991       198511    109226.67
   49855.000     0.999992       198511    131072.00
   49855.000     0.999993       198511    145635.56
   49855.000     0.999994       198511    163840.00
   49855.000     0.999995       198511    187245.71
   50079.000     0.999995       198512    218453.33
   50079.000     1.000000       198512          inf
#[Mean    =      371.236, StdDeviation   =      668.902]
#[Max     =    50048.000, Total count    =       198512]
#[Buckets =           27, SubBuckets     =         2048]
----------------------------------------------------------
  198524 requests in 10.00s, 16.66MB read
Requests/sec:  19853.34
Transfer/sec:      1.67MB

