Command: /tmp/wrk2/wrk http://10.10.1.1:8000/index.html -c 256 -t 8 -R 40000 -d 10 -L -U
Return code: 0
STDOUT:
Running 10s test @ http://10.10.1.1:8000/index.html
  8 threads and 256 connections
  Thread Stats   Avg      Stdev     Max   +/- Stdev
    Latency   1471.26u  748.05us27632.00u   78.18%
    Req/Sec       -nan      -nan   0.00      0.00%
  Latency Distribution (HdrHistogram - Recorded Latency)
 50.000% 1388.00us
 75.000% 1840.00us
 90.000% 2283.00us
 99.000% 3171.00us
 99.900% 8951.00us
 99.990%18527.00us
 99.999%27103.00us
100.000%27647.00us

  Detailed Percentile spectrum:
       Value   Percentile   TotalCount 1/(1-Percentile)

      93.000     0.000000            1         1.00
     715.000     0.100000        39815         1.11
     913.000     0.200000        79497         1.25
    1079.000     0.300000       119269         1.43
    1233.000     0.400000       158960         1.67
    1388.000     0.500000       198528         2.00
    1469.000     0.550000       218350         2.22
    1552.000     0.600000       238218         2.50
    1640.000     0.650000       258012         2.86
    1736.000     0.700000       278025         3.33
    1840.000     0.750000       297730         4.00
    1897.000     0.775000       307609         4.44
    1957.000     0.800000       317519         5.00
    2024.000     0.825000       327497         5.71
    2099.000     0.850000       337553         6.67
    2183.000     0.875000       347380         8.00
    2231.000     0.887500       352330         8.89
    2283.000     0.900000       357264        10.00
    2343.000     0.912500       362280        11.43
    2411.000     0.925000       367238        13.33
    2487.000     0.937500       372119        16.00
    2531.000     0.943750       374673        17.78
    2577.000     0.950000       377110        20.00
    2631.000     0.956250       379562        22.86
    2691.000     0.962500       382049        26.67
    2759.000     0.968750       384537        32.00
    2799.000     0.971875       385744        35.56
    2845.000     0.975000       387005        40.00
    2895.000     0.978125       388234        45.71
    2951.000     0.981250       389477        53.33
    3015.000     0.984375       390704        64.00
    3053.000     0.985938       391339        71.11
    3095.000     0.987500       391945        80.00
    3141.000     0.989062       392556        91.43
    3193.000     0.990625       393184       106.67
    3265.000     0.992188       393800       128.00
    3313.000     0.992969       394114       142.22
    3369.000     0.993750       394420       160.00
    3443.000     0.994531       394731       182.86
    3527.000     0.995313       395035       213.33
    3683.000     0.996094       395345       256.00
    3829.000     0.996484       395500       284.44
    4199.000     0.996875       395655       320.00
    4739.000     0.997266       395811       365.71
    5415.000     0.997656       395965       426.67
    6219.000     0.998047       396121       512.00
    6843.000     0.998242       396198       568.89
    7263.000     0.998437       396276       640.00
    7811.000     0.998633       396354       731.43
    8407.000     0.998828       396430       853.33
    9031.000     0.999023       396509      1024.00
    9479.000     0.999121       396548      1137.78
    9887.000     0.999219       396585      1280.00
   10311.000     0.999316       396624      1462.86
   10903.000     0.999414       396664      1706.67
   11479.000     0.999512       396702      2048.00
   11655.000     0.999561       396721      2275.56
   11919.000     0.999609       396740      2560.00
   12423.000     0.999658       396760      2925.71
   12791.000     0.999707       396779      3413.33
   13567.000     0.999756       396799      4096.00
   14055.000     0.999780       396808      4551.11
   14719.000     0.999805       396818      5120.00
   15199.000     0.999829       396828      5851.43
   16023.000     0.999854       396837      6826.67
   17071.000     0.999878       396847      8192.00
   18223.000     0.999890       396852      9102.22
   18607.000     0.999902       396857     10240.00
   19039.000     0.999915       396862     11702.86
   20767.000     0.999927       396866     13653.33
   21055.000     0.999939       396871     16384.00
   21519.000     0.999945       396874     18204.44
   22047.000     0.999951       396876     20480.00
   22479.000     0.999957       396879     23405.71
   22719.000     0.999963       396881     27306.67
   23087.000     0.999969       396883     32768.00
   24287.000     0.999973       396885     36408.89
   25119.000     0.999976       396886     40960.00
   26575.000     0.999979       396887     46811.43
   26783.000     0.999982       396888     54613.33
   26831.000     0.999985       396889     65536.00
   27023.000     0.999986       396890     72817.78
   27103.000     0.999988       396891     81920.00
   27103.000     0.999989       396891     93622.86
   27167.000     0.999991       396893    109226.67
   27167.000     0.999992       396893    131072.00
   27167.000     0.999993       396893    145635.56
   27167.000     0.999994       396893    163840.00
   27167.000     0.999995       396893    187245.71
   27599.000     0.999995       396894    218453.33
   27599.000     0.999996       396894    262144.00
   27599.000     0.999997       396894    291271.11
   27599.000     0.999997       396894    327680.00
   27599.000     0.999997       396894    374491.43
   27647.000     0.999998       396895    436906.67
   27647.000     1.000000       396895          inf
#[Mean    =     1471.255, StdDeviation   =      748.050]
#[Max     =    27632.000, Total count    =       396895]
#[Buckets =           27, SubBuckets     =         2048]
----------------------------------------------------------

  Latency Distribution (HdrHistogram - Uncorrected Latency (measured without taking delayed starts into account))
 50.000%  601.00us
 75.000%  837.00us
 90.000% 1096.00us
 99.000% 1629.00us
 99.900% 4775.00us
 99.990%11383.00us
 99.999%26895.00us
100.000%27423.00us

  Detailed Percentile spectrum:
       Value   Percentile   TotalCount 1/(1-Percentile)

      68.000     0.000000            1         1.00
     260.000     0.100000        39964         1.11
     355.000     0.200000        79390         1.25
     440.000     0.300000       119350         1.43
     521.000     0.400000       159112         1.67
     601.000     0.500000       198467         2.00
     643.000     0.550000       218737         2.22
     686.000     0.600000       238504         2.50
     731.000     0.650000       258108         2.86
     781.000     0.700000       278185         3.33
     837.000     0.750000       297956         4.00
     869.000     0.775000       307872         4.44
     904.000     0.800000       317535         5.00
     944.000     0.825000       327538         5.71
     989.000     0.850000       337422         6.67
    1040.000     0.875000       347416         8.00
    1067.000     0.887500       352273         8.89
    1096.000     0.900000       357209        10.00
    1128.000     0.912500       362236        11.43
    1163.000     0.925000       367180        13.33
    1204.000     0.937500       372194        16.00
    1226.000     0.943750       374616        17.78
    1251.000     0.950000       377056        20.00
    1279.000     0.956250       379602        22.86
    1311.000     0.962500       382031        26.67
    1350.000     0.968750       384528        32.00
    1374.000     0.971875       385765        35.56
    1400.000     0.975000       387010        40.00
    1430.000     0.978125       388244        45.71
    1467.000     0.981250       389458        53.33
    1513.000     0.984375       390713        64.00
    1538.000     0.985938       391327        71.11
    1566.000     0.987500       391938        80.00
    1604.000     0.989062       392566        91.43
    1647.000     0.990625       393182       106.67
    1705.000     0.992188       393805       128.00
    1742.000     0.992969       394112       142.22
    1783.000     0.993750       394415       160.00
    1851.000     0.994531       394728       182.86
    1962.000     0.995313       395039       213.33
    2203.000     0.996094       395346       256.00
    2479.000     0.996484       395501       284.44
    2893.000     0.996875       395655       320.00
    3347.000     0.997266       395811       365.71
    3763.000     0.997656       395967       426.67
    4057.000     0.998047       396122       512.00
    4259.000     0.998242       396199       568.89
    4515.000     0.998437       396275       640.00
    4643.000     0.998633       396356       731.43
    4719.000     0.998828       396432       853.33
    4779.000     0.999023       396511      1024.00
    4799.000     0.999121       396549      1137.78
    4823.000     0.999219       396588      1280.00
    4863.000     0.999316       396625      1462.86
    4967.000     0.999414       396663      1706.67
    5143.000     0.999512       396702      2048.00
    5311.000     0.999561       396721      2275.56
    5563.000     0.999609       396740      2560.00
    6147.000     0.999658       396760      2925.71
    6243.000     0.999707       396779      3413.33
    6427.000     0.999756       396799      4096.00
    6911.000     0.999780       396808      4551.11
    7103.000     0.999805       396818      5120.00
    9759.000     0.999829       396828      5851.43
   10135.000     0.999854       396837      6826.67
   10287.000     0.999878       396848      8192.00
   10319.000     0.999890       396852      9102.22
   13359.000     0.999902       396857     10240.00
   14327.000     0.999915       396863     11702.86
   15663.000     0.999927       396866     13653.33
   18095.000     0.999939       396871     16384.00
   18223.000     0.999945       396874     18204.44
   18351.000     0.999951       396876     20480.00
   21695.000     0.999957       396879     23405.71
   21855.000     0.999963       396881     27306.67
   22367.000     0.999969       396883     32768.00
   22799.000     0.999973       396885     36408.89
   22847.000     0.999976       396886     40960.00
   22927.000     0.999979       396887     46811.43
   26223.000     0.999982       396888     54613.33
   26559.000     0.999985       396889     65536.00
   26591.000     0.999986       396890     72817.78
   26895.000     0.999988       396891     81920.00
   26895.000     0.999989       396891     93622.86
   26911.000     0.999991       396892    109226.67
   26911.000     0.999992       396892    131072.00
   26927.000     0.999993       396893    145635.56
   26927.000     0.999994       396893    163840.00
   26927.000     0.999995       396893    187245.71
   27311.000     0.999995       396894    218453.33
   27311.000     0.999996       396894    262144.00
   27311.000     0.999997       396894    291271.11
   27311.000     0.999997       396894    327680.00
   27311.000     0.999997       396894    374491.43
   27423.000     0.999998       396895    436906.67
   27423.000     1.000000       396895          inf
#[Mean    =      657.368, StdDeviation   =      438.993]
#[Max     =    27408.000, Total count    =       396895]
#[Buckets =           27, SubBuckets     =         2048]
----------------------------------------------------------
  396903 requests in 10.00s, 33.31MB read
Requests/sec:  39690.80
Transfer/sec:      3.33MB

