Command: /tmp/wrk2/wrk http://10.10.1.1:8000/index.html -c 256 -t 8 -R 1000 -d 10 -L -U
Return code: 0
STDOUT:
Running 10s test @ http://10.10.1.1:8000/index.html
  8 threads and 256 connections
  Thread Stats   Avg      Stdev     Max   +/- Stdev
    Latency   1145.94u  478.47us11248.00u   75.53%
    Req/Sec       -nan      -nan   0.00      0.00%
  Latency Distribution (HdrHistogram - Recorded Latency)
 50.000% 1136.00us
 75.000% 1406.00us
 90.000% 1651.00us
 99.000% 2163.00us
 99.900% 6531.00us
 99.990%11231.00us
 99.999%11255.00us
100.000%11255.00us

  Detailed Percentile spectrum:
       Value   Percentile   TotalCount 1/(1-Percentile)

     254.000     0.000000            1         1.00
     609.000     0.100000         1003         1.11
     763.000     0.200000         2008         1.25
     892.000     0.300000         3008         1.43
    1014.000     0.400000         4011         1.67
    1136.000     0.500000         5004         2.00
    1189.000     0.550000         5516         2.22
    1244.000     0.600000         6006         2.50
    1297.000     0.650000         6514         2.86
    1349.000     0.700000         7011         3.33
    1406.000     0.750000         7514         4.00
    1435.000     0.775000         7761         4.44
    1462.000     0.800000         8012         5.00
    1498.000     0.825000         8259         5.71
    1538.000     0.850000         8508         6.67
    1587.000     0.875000         8758         8.00
    1617.000     0.887500         8887         8.89
    1651.000     0.900000         9008        10.00
    1690.000     0.912500         9136        11.43
    1727.000     0.925000         9259        13.33
    1770.000     0.937500         9383        16.00
    1803.000     0.943750         9448        17.78
    1832.000     0.950000         9509        20.00
    1867.000     0.956250         9573        22.86
    1909.000     0.962500         9635        26.67
    1950.000     0.968750         9696        32.00
    1971.000     0.971875         9729        35.56
    1987.000     0.975000         9758        40.00
    2014.000     0.978125         9790        45.71
    2045.000     0.981250         9823        53.33
    2083.000     0.984375         9853        64.00
    2097.000     0.985938         9868        71.11
    2123.000     0.987500         9883        80.00
    2147.000     0.989062         9899        91.43
    2171.000     0.990625         9916       106.67
    2203.000     0.992188         9930       128.00
    2227.000     0.992969         9939       142.22
    2249.000     0.993750         9946       160.00
    2287.000     0.994531         9954       182.86
    2315.000     0.995313         9962       213.33
    2367.000     0.996094         9969       256.00
    2379.000     0.996484         9973       284.44
    2401.000     0.996875         9977       320.00
    2489.000     0.997266         9981       365.71
    2741.000     0.997656         9985       426.67
    3183.000     0.998047         9989       512.00
    3441.000     0.998242         9991       568.89
    4259.000     0.998437         9993       640.00
    5591.000     0.998633         9995       731.43
    6267.000     0.998828         9997       853.33
    6667.000     0.999023         9999      1024.00
    6695.000     0.999121        10000      1137.78
    6995.000     0.999219        10001      1280.00
    7103.000     0.999316        10002      1462.86
    7419.000     0.999414        10003      1706.67
    7887.000     0.999512        10004      2048.00
    7887.000     0.999561        10004      2275.56
    8599.000     0.999609        10005      2560.00
    8599.000     0.999658        10005      2925.71
   10671.000     0.999707        10006      3413.33
   10671.000     0.999756        10006      4096.00
   10671.000     0.999780        10006      4551.11
   11231.000     0.999805        10007      5120.00
   11231.000     0.999829        10007      5851.43
   11231.000     0.999854        10007      6826.67
   11231.000     0.999878        10007      8192.00
   11231.000     0.999890        10007      9102.22
   11255.000     0.999902        10008     10240.00
   11255.000     1.000000        10008          inf
#[Mean    =     1145.940, StdDeviation   =      478.473]
#[Max     =    11248.000, Total count    =        10008]
#[Buckets =           27, SubBuckets     =         2048]
----------------------------------------------------------

  Latency Distribution (HdrHistogram - Uncorrected Latency (measured without taking delayed starts into account))
 50.000%  393.00us
 75.000%  434.00us
 90.000%  481.00us
 99.000%  603.00us
 99.900% 1631.00us
 99.990% 2353.00us
 99.999% 2457.00us
100.000% 2457.00us

  Detailed Percentile spectrum:
       Value   Percentile   TotalCount 1/(1-Percentile)

     132.000     0.000000            1         1.00
     320.000     0.100000         1029         1.11
     356.000     0.200000         2036         1.25
     372.000     0.300000         3030         1.43
     383.000     0.400000         4103         1.67
     393.000     0.500000         5009         2.00
     399.000     0.550000         5584         2.22
     405.000     0.600000         6041         2.50
     413.000     0.650000         6544         2.86
     422.000     0.700000         7017         3.33
     434.000     0.750000         7525         4.00
     441.000     0.775000         7773         4.44
     449.000     0.800000         8037         5.00
     455.000     0.825000         8264         5.71
     463.000     0.850000         8514         6.67
     472.000     0.875000         8781         8.00
     476.000     0.887500         8895         8.89
     481.000     0.900000         9033        10.00
     486.000     0.912500         9143        11.43
     492.000     0.925000         9267        13.33
     500.000     0.937500         9388        16.00
     506.000     0.943750         9448        17.78
     511.000     0.950000         9511        20.00
     516.000     0.956250         9572        22.86
     523.000     0.962500         9633        26.67
     530.000     0.968750         9698        32.00
     536.000     0.971875         9728        35.56
     543.000     0.975000         9760        40.00
     553.000     0.978125         9790        45.71
     563.000     0.981250         9821        53.33
     574.000     0.984375         9854        64.00
     584.000     0.985938         9870        71.11
     590.000     0.987500         9886        80.00
     596.000     0.989062         9899        91.43
     608.000     0.990625         9916       106.67
     620.000     0.992188         9930       128.00
     627.000     0.992969         9938       142.22
     638.000     0.993750         9946       160.00
     650.000     0.994531         9954       182.86
     675.000     0.995313         9962       213.33
     707.000     0.996094         9969       256.00
     735.000     0.996484         9973       284.44
     784.000     0.996875         9977       320.00
     883.000     0.997266         9981       365.71
    1144.000     0.997656         9985       426.67
    1328.000     0.998047         9989       512.00
    1420.000     0.998242         9991       568.89
    1452.000     0.998437         9993       640.00
    1490.000     0.998633         9995       731.43
    1525.000     0.998828         9997       853.33
    1694.000     0.999023         9999      1024.00
    1781.000     0.999121        10000      1137.78
    1817.000     0.999219        10001      1280.00
    1885.000     0.999316        10002      1462.86
    1903.000     0.999414        10003      1706.67
    2203.000     0.999512        10004      2048.00
    2203.000     0.999561        10004      2275.56
    2299.000     0.999609        10005      2560.00
    2299.000     0.999658        10005      2925.71
    2315.000     0.999707        10006      3413.33
    2315.000     0.999756        10006      4096.00
    2315.000     0.999780        10006      4551.11
    2353.000     0.999805        10007      5120.00
    2353.000     0.999829        10007      5851.43
    2353.000     0.999854        10007      6826.67
    2353.000     0.999878        10007      8192.00
    2353.000     0.999890        10007      9102.22
    2457.000     0.999902        10008     10240.00
    2457.000     1.000000        10008          inf
#[Mean    =      402.355, StdDeviation   =       92.462]
#[Max     =     2456.000, Total count    =        10008]
#[Buckets =           27, SubBuckets     =         2048]
----------------------------------------------------------
  10016 requests in 10.00s, 860.75KB read
Requests/sec:   1001.44
Transfer/sec:     86.06KB

