Command: /tmp/wrk2/wrk http://10.10.1.1:8000/index.html -c 256 -t 8 -R 7000 -d 10 -L -U
Return code: 0
STDOUT:
Running 10s test @ http://10.10.1.1:8000/index.html
  8 threads and 256 connections
  Thread Stats   Avg      Stdev     Max   +/- Stdev
    Latency   1172.85u 1333.18us55392.00u   99.68%
    Req/Sec       -nan      -nan   0.00      0.00%
  Latency Distribution (HdrHistogram - Recorded Latency)
 50.000% 1110.00us
 75.000% 1440.00us
 90.000% 1723.00us
 99.000% 2189.00us
 99.900%18687.00us
 99.990%54591.00us
 99.999%55231.00us
100.000%55423.00us

  Detailed Percentile spectrum:
       Value   Percentile   TotalCount 1/(1-Percentile)

     149.000     0.000000            1         1.00
     547.000     0.100000         6961         1.11
     706.000     0.200000        13936         1.25
     845.000     0.300000        20890         1.43
     980.000     0.400000        27868         1.67
    1110.000     0.500000        34786         2.00
    1175.000     0.550000        38288         2.22
    1241.000     0.600000        41780         2.50
    1305.000     0.650000        45227         2.86
    1370.000     0.700000        48699         3.33
    1440.000     0.750000        52207         4.00
    1478.000     0.775000        53935         4.44
    1520.000     0.800000        55666         5.00
    1562.000     0.825000        57414         5.71
    1609.000     0.850000        59136         6.67
    1661.000     0.875000        60881         8.00
    1692.000     0.887500        61755         8.89
    1723.000     0.900000        62624        10.00
    1754.000     0.912500        63491        11.43
    1790.000     0.925000        64368        13.33
    1830.000     0.937500        65239        16.00
    1854.000     0.943750        65655        17.78
    1880.000     0.950000        66102        20.00
    1906.000     0.956250        66530        22.86
    1937.000     0.962500        66961        26.67
    1972.000     0.968750        67394        32.00
    1994.000     0.971875        67611        35.56
    2016.000     0.975000        67838        40.00
    2040.000     0.978125        68046        45.71
    2069.000     0.981250        68267        53.33
    2105.000     0.984375        68487        64.00
    2125.000     0.985938        68589        71.11
    2147.000     0.987500        68699        80.00
    2175.000     0.989062        68810        91.43
    2203.000     0.990625        68913       106.67
    2237.000     0.992188        69027       128.00
    2255.000     0.992969        69076       142.22
    2281.000     0.993750        69132       160.00
    2315.000     0.994531        69185       182.86
    2355.000     0.995313        69239       213.33
    2425.000     0.996094        69295       256.00
    2479.000     0.996484        69321       284.44
    2527.000     0.996875        69348       320.00
    3147.000     0.997266        69375       365.71
    5099.000     0.997656        69402       426.67
    7787.000     0.998047        69430       512.00
    9079.000     0.998242        69443       568.89
   10383.000     0.998437        69457       640.00
   13767.000     0.998633        69470       731.43
   14863.000     0.998828        69484       853.33
   18831.000     0.999023        69499      1024.00
   19455.000     0.999121        69504      1137.78
   27807.000     0.999219        69511      1280.00
   31775.000     0.999316        69518      1462.86
   33215.000     0.999414        69525      1706.67
   37343.000     0.999512        69532      2048.00
   41279.000     0.999561        69536      2275.56
   41375.000     0.999609        69538      2560.00
   45215.000     0.999658        69542      2925.71
   45439.000     0.999707        69545      3413.33
   46623.000     0.999756        69549      4096.00
   49887.000     0.999780        69550      4551.11
   49983.000     0.999805        69552      5120.00
   50175.000     0.999829        69554      5851.43
   50335.000     0.999854        69555      6826.67
   51039.000     0.999878        69557      8192.00
   54591.000     0.999890        69558      9102.22
   54623.000     0.999902        69560     10240.00
   54623.000     0.999915        69560     11702.86
   54623.000     0.999927        69560     13653.33
   54783.000     0.999939        69561     16384.00
   54943.000     0.999945        69562     18204.44
   54943.000     0.999951        69562     20480.00
   55039.000     0.999957        69563     23405.71
   55039.000     0.999963        69563     27306.67
   55039.000     0.999969        69563     32768.00
   55231.000     0.999973        69564     36408.89
   55231.000     0.999976        69564     40960.00
   55231.000     0.999979        69564     46811.43
   55231.000     0.999982        69564     54613.33
   55231.000     0.999985        69564     65536.00
   55423.000     0.999986        69565     72817.78
   55423.000     1.000000        69565          inf
#[Mean    =     1172.846, StdDeviation   =     1333.175]
#[Max     =    55392.000, Total count    =        69565]
#[Buckets =           27, SubBuckets     =         2048]
----------------------------------------------------------

  Latency Distribution (HdrHistogram - Uncorrected Latency (measured without taking delayed starts into account))
 50.000%  349.00us
 75.000%  422.00us
 90.000%  506.00us
 99.000%  746.00us
 99.900%17743.00us
 99.990%54463.00us
 99.999%55103.00us
100.000%55167.00us

  Detailed Percentile spectrum:
       Value   Percentile   TotalCount 1/(1-Percentile)

      87.000     0.000000            1         1.00
     238.000     0.100000         7017         1.11
     270.000     0.200000        13931         1.25
     296.000     0.300000        20992         1.43
     322.000     0.400000        27865         1.67
     349.000     0.500000        34971         2.00
     361.000     0.550000        38394         2.22
     374.000     0.600000        41857         2.50
     388.000     0.650000        45300         2.86
     404.000     0.700000        48794         3.33
     422.000     0.750000        52317         4.00
     432.000     0.775000        54081         4.44
     443.000     0.800000        55756         5.00
     455.000     0.825000        57477         5.71
     469.000     0.850000        59168         6.67
     486.000     0.875000        60914         8.00
     496.000     0.887500        61784         8.89
     506.000     0.900000        62609        10.00
     519.000     0.912500        63510        11.43
     533.000     0.925000        64397        13.33
     549.000     0.937500        65228        16.00
     559.000     0.943750        65663        17.78
     570.000     0.950000        66089        20.00
     583.000     0.956250        66544        22.86
     599.000     0.962500        66979        26.67
     616.000     0.968750        67401        32.00
     628.000     0.971875        67615        35.56
     640.000     0.975000        67830        40.00
     653.000     0.978125        68044        45.71
     672.000     0.981250        68270        53.33
     694.000     0.984375        68485        64.00
     704.000     0.985938        68594        71.11
     718.000     0.987500        68703        80.00
     734.000     0.989062        68806        91.43
     754.000     0.990625        68916       106.67
     778.000     0.992188        69022       128.00
     792.000     0.992969        69078       142.22
     808.000     0.993750        69134       160.00
     827.000     0.994531        69185       182.86
     856.000     0.995313        69240       213.33
     891.000     0.996094        69294       256.00
     907.000     0.996484        69321       284.44
     936.000     0.996875        69348       320.00
     986.000     0.997266        69375       365.71
    1150.000     0.997656        69402       426.67
    1425.000     0.998047        69430       512.00
    1803.000     0.998242        69443       568.89
    1999.000     0.998437        69457       640.00
    4587.000     0.998633        69470       731.43
    9551.000     0.998828        69484       853.33
   18255.000     0.999023        69498      1024.00
   18463.000     0.999121        69504      1137.78
   18623.000     0.999219        69511      1280.00
   31487.000     0.999316        69518      1462.86
   33055.000     0.999414        69525      1706.67
   37119.000     0.999512        69532      2048.00
   40895.000     0.999561        69535      2275.56
   41055.000     0.999609        69538      2560.00
   44959.000     0.999658        69542      2925.71
   45247.000     0.999707        69545      3413.33
   46431.000     0.999756        69549      4096.00
   49823.000     0.999780        69550      4551.11
   49855.000     0.999805        69552      5120.00
   49951.000     0.999829        69554      5851.43
   50239.000     0.999854        69555      6826.67
   50879.000     0.999878        69557      8192.00
   54463.000     0.999890        69558      9102.22
   54527.000     0.999902        69560     10240.00
   54527.000     0.999915        69560     11702.86
   54527.000     0.999927        69560     13653.33
   54591.000     0.999939        69561     16384.00
   54847.000     0.999945        69563     18204.44
   54847.000     0.999951        69563     20480.00
   54847.000     0.999957        69563     23405.71
   54847.000     0.999963        69563     27306.67
   54847.000     0.999969        69563     32768.00
   55103.000     0.999973        69564     36408.89
   55103.000     0.999976        69564     40960.00
   55103.000     0.999979        69564     46811.43
   55103.000     0.999982        69564     54613.33
   55103.000     0.999985        69564     65536.00
   55167.000     0.999986        69565     72817.78
   55167.000     1.000000        69565          inf
#[Mean    =      402.887, StdDeviation   =     1227.648]
#[Max     =    55136.000, Total count    =        69565]
#[Buckets =           27, SubBuckets     =         2048]
----------------------------------------------------------
  69575 requests in 10.00s, 5.84MB read
Requests/sec:   6956.80
Transfer/sec:    597.85KB

