Command: /tmp/wrk2/wrk http://10.10.1.1:8000/index.html -c 1 -t 1 -R 1000 -d 10 -L -U
Return code: 0
STDOUT:
Running 10s test @ http://10.10.1.1:8000/index.html
  1 threads and 1 connections
  Thread Stats   Avg      Stdev     Max   +/- Stdev
    Latency   1156.59u  349.96us2216.00us   61.31%
    Req/Sec       -nan      -nan   0.00      0.00%
  Latency Distribution (HdrHistogram - Recorded Latency)
 50.000% 1151.00us
 75.000% 1447.00us
 90.000% 1618.00us
 99.000% 1945.00us
 99.900% 2125.00us
 99.990% 2213.00us
 99.999% 2217.00us
100.000% 2217.00us

  Detailed Percentile spectrum:
       Value   Percentile   TotalCount 1/(1-Percentile)

     252.000     0.000000            1         1.00
     702.000     0.100000         1005         1.11
     805.000     0.200000         2008         1.25
     920.000     0.300000         3013         1.43
    1039.000     0.400000         4005         1.67
    1151.000     0.500000         4999         2.00
    1202.000     0.550000         5499         2.22
    1266.000     0.600000         6012         2.50
    1332.000     0.650000         6502         2.86
    1386.000     0.700000         7009         3.33
    1447.000     0.750000         7499         4.00
    1470.000     0.775000         7751         4.44
    1494.000     0.800000         8003         5.00
    1518.000     0.825000         8253         5.71
    1546.000     0.850000         8501         6.67
    1582.000     0.875000         8749         8.00
    1600.000     0.887500         8874         8.89
    1618.000     0.900000         9004        10.00
    1637.000     0.912500         9124        11.43
    1653.000     0.925000         9249        13.33
    1669.000     0.937500         9375        16.00
    1678.000     0.943750         9439        17.78
    1684.000     0.950000         9500        20.00
    1693.000     0.956250         9566        22.86
    1706.000     0.962500         9625        26.67
    1738.000     0.968750         9688        32.00
    1774.000     0.971875         9717        35.56
    1811.000     0.975000         9749        40.00
    1868.000     0.978125         9781        45.71
    1889.000     0.981250         9811        53.33
    1910.000     0.984375         9843        64.00
    1921.000     0.985938         9859        71.11
    1933.000     0.987500         9874        80.00
    1942.000     0.989062         9891        91.43
    1951.000     0.990625         9906       106.67
    1961.000     0.992188         9922       128.00
    1969.000     0.992969         9928       142.22
    1974.000     0.993750         9936       160.00
    1983.000     0.994531         9945       182.86
    1991.000     0.995313         9954       213.33
    2016.000     0.996094         9959       256.00
    2029.000     0.996484         9963       284.44
    2049.000     0.996875         9967       320.00
    2061.000     0.997266         9971       365.71
    2077.000     0.997656         9975       426.67
    2097.000     0.998047         9979       512.00
    2109.000     0.998242         9981       568.89
    2117.000     0.998437         9983       640.00
    2121.000     0.998633         9985       731.43
    2123.000     0.998828         9987       853.33
    2137.000     0.999023         9989      1024.00
    2151.000     0.999121         9990      1137.78
    2153.000     0.999219         9991      1280.00
    2159.000     0.999316         9992      1462.86
    2165.000     0.999414         9993      1706.67
    2177.000     0.999512         9994      2048.00
    2177.000     0.999561         9994      2275.56
    2181.000     0.999609         9995      2560.00
    2181.000     0.999658         9995      2925.71
    2207.000     0.999707         9996      3413.33
    2207.000     0.999756         9996      4096.00
    2207.000     0.999780         9996      4551.11
    2213.000     0.999805         9997      5120.00
    2213.000     0.999829         9997      5851.43
    2213.000     0.999854         9997      6826.67
    2213.000     0.999878         9997      8192.00
    2213.000     0.999890         9997      9102.22
    2217.000     0.999902         9998     10240.00
    2217.000     1.000000         9998          inf
#[Mean    =     1156.594, StdDeviation   =      349.962]
#[Max     =     2216.000, Total count    =         9998]
#[Buckets =           27, SubBuckets     =         2048]
----------------------------------------------------------

  Latency Distribution (HdrHistogram - Uncorrected Latency (measured without taking delayed starts into account))
 50.000%  589.00us
 75.000%  608.00us
 90.000%  622.00us
 99.000%  645.00us
 99.900%  665.00us
 99.990%  687.00us
 99.999%  696.00us
100.000%  696.00us

  Detailed Percentile spectrum:
       Value   Percentile   TotalCount 1/(1-Percentile)

     133.000     0.000000            1         1.00
     429.000     0.100000         1021         1.11
     486.000     0.200000         2004         1.25
     532.000     0.300000         3005         1.43
     569.000     0.400000         4027         1.67
     589.000     0.500000         5001         2.00
     595.000     0.550000         5598         2.22
     598.000     0.600000         6020         2.50
     602.000     0.650000         6603         2.86
     605.000     0.700000         7043         3.33
     608.000     0.750000         7515         4.00
     610.000     0.775000         7785         4.44
     612.000     0.800000         8048         5.00
     614.000     0.825000         8279         5.71
     617.000     0.850000         8592         6.67
     619.000     0.875000         8803         8.00
     620.000     0.887500         8891         8.89
     622.000     0.900000         9039        10.00
     624.000     0.912500         9162        11.43
     626.000     0.925000         9305        13.33
     628.000     0.937500         9400        16.00
     629.000     0.943750         9437        17.78
     631.000     0.950000         9533        20.00
     632.000     0.956250         9572        22.86
     634.000     0.962500         9635        26.67
     636.000     0.968750         9706        32.00
     637.000     0.971875         9744        35.56
     638.000     0.975000         9762        40.00
     639.000     0.978125         9784        45.71
     640.000     0.981250         9812        53.33
     642.000     0.984375         9859        64.00
     642.000     0.985938         9859        71.11
     643.000     0.987500         9876        80.00
     644.000     0.989062         9889        91.43
     646.000     0.990625         9909       106.67
     647.000     0.992188         9925       128.00
     648.000     0.992969         9933       142.22
     649.000     0.993750         9943       160.00
     650.000     0.994531         9948       182.86
     652.000     0.995313         9958       213.33
     653.000     0.996094         9965       256.00
     653.000     0.996484         9965       284.44
     654.000     0.996875         9970       320.00
     655.000     0.997266         9971       365.71
     657.000     0.997656         9976       426.67
     658.000     0.998047         9979       512.00
     660.000     0.998242         9981       568.89
     661.000     0.998437         9985       640.00
     661.000     0.998633         9985       731.43
     663.000     0.998828         9987       853.33
     666.000     0.999023         9989      1024.00
     668.000     0.999121         9991      1137.78
     668.000     0.999219         9991      1280.00
     671.000     0.999316         9992      1462.86
     673.000     0.999414         9993      1706.67
     675.000     0.999512         9994      2048.00
     675.000     0.999561         9994      2275.56
     676.000     0.999609         9995      2560.00
     676.000     0.999658         9995      2925.71
     684.000     0.999707         9996      3413.33
     684.000     0.999756         9996      4096.00
     684.000     0.999780         9996      4551.11
     687.000     0.999805         9997      5120.00
     687.000     0.999829         9997      5851.43
     687.000     0.999854         9997      6826.67
     687.000     0.999878         9997      8192.00
     687.000     0.999890         9997      9102.22
     696.000     0.999902         9998     10240.00
     696.000     1.000000         9998          inf
#[Mean    =      552.962, StdDeviation   =       78.890]
#[Max     =      696.000, Total count    =         9998]
#[Buckets =           27, SubBuckets     =         2048]
----------------------------------------------------------
  9999 requests in 10.00s, 859.29KB read
Requests/sec:    999.85
Transfer/sec:     85.92KB

