Command: /tmp/wrk2/wrk http://10.10.1.1:8000/index.html -c 1 -t 1 -R 2000 -d 10 -L -U
Return code: 0
STDOUT:
Running 10s test @ http://10.10.1.1:8000/index.html
  1 threads and 1 connections
  Thread Stats   Avg      Stdev     Max   +/- Stdev
    Latency   1528.95u  600.79us4660.00us   69.06%
    Req/Sec       -nan      -nan   0.00      0.00%
  Latency Distribution (HdrHistogram - Recorded Latency)
 50.000% 1509.00us
 75.000% 1903.00us
 90.000% 2279.00us
 99.000% 3177.00us
 99.900% 3897.00us
 99.990% 4511.00us
 99.999% 4663.00us
100.000% 4663.00us

  Detailed Percentile spectrum:
       Value   Percentile   TotalCount 1/(1-Percentile)

     132.000     0.000000            1         1.00
     761.000     0.100000         2006         1.11
    1004.000     0.200000         4000         1.25
    1209.000     0.300000         6003         1.43
    1370.000     0.400000         8004         1.67
    1509.000     0.500000        10010         2.00
    1578.000     0.550000        11009         2.22
    1647.000     0.600000        12003         2.50
    1732.000     0.650000        12998         2.86
    1815.000     0.700000        14000         3.33
    1903.000     0.750000        15006         4.00
    1957.000     0.775000        15503         4.44
    2001.000     0.800000        15999         5.00
    2055.000     0.825000        16503         5.71
    2119.000     0.850000        17005         6.67
    2189.000     0.875000        17504         8.00
    2237.000     0.887500        17755         8.89
    2279.000     0.900000        17995        10.00
    2333.000     0.912500        18249        11.43
    2385.000     0.925000        18498        13.33
    2471.000     0.937500        18745        16.00
    2505.000     0.943750        18871        17.78
    2551.000     0.950000        18998        20.00
    2587.000     0.956250        19119        22.86
    2643.000     0.962500        19247        26.67
    2735.000     0.968750        19372        32.00
    2779.000     0.971875        19433        35.56
    2829.000     0.975000        19494        40.00
    2889.000     0.978125        19557        45.71
    2969.000     0.981250        19619        53.33
    3025.000     0.984375        19681        64.00
    3053.000     0.985938        19712        71.11
    3097.000     0.987500        19745        80.00
    3135.000     0.989062        19775        91.43
    3225.000     0.990625        19806       106.67
    3271.000     0.992188        19838       128.00
    3309.000     0.992969        19853       142.22
    3363.000     0.993750        19869       160.00
    3417.000     0.994531        19884       182.86
    3487.000     0.995313        19903       213.33
    3509.000     0.996094        19915       256.00
    3525.000     0.996484        19923       284.44
    3547.000     0.996875        19931       320.00
    3585.000     0.997266        19940       365.71
    3611.000     0.997656        19947       426.67
    3651.000     0.998047        19954       512.00
    3679.000     0.998242        19958       568.89
    3729.000     0.998437        19962       640.00
    3769.000     0.998633        19966       731.43
    3829.000     0.998828        19970       853.33
    3919.000     0.999023        19975      1024.00
    3943.000     0.999121        19976      1137.78
    4009.000     0.999219        19978      1280.00
    4115.000     0.999316        19981      1462.86
    4131.000     0.999414        19982      1706.67
    4163.000     0.999512        19984      2048.00
    4239.000     0.999561        19985      2275.56
    4279.000     0.999609        19986      2560.00
    4315.000     0.999658        19987      2925.71
    4323.000     0.999707        19988      3413.33
    4407.000     0.999756        19989      4096.00
    4407.000     0.999780        19989      4551.11
    4435.000     0.999805        19990      5120.00
    4435.000     0.999829        19990      5851.43
    4511.000     0.999854        19991      6826.67
    4511.000     0.999878        19991      8192.00
    4511.000     0.999890        19991      9102.22
    4611.000     0.999902        19992     10240.00
    4611.000     0.999915        19992     11702.86
    4611.000     0.999927        19992     13653.33
    4611.000     0.999939        19992     16384.00
    4611.000     0.999945        19992     18204.44
    4663.000     0.999951        19993     20480.00
    4663.000     1.000000        19993          inf
#[Mean    =     1528.951, StdDeviation   =      600.786]
#[Max     =     4660.000, Total count    =        19993]
#[Buckets =           27, SubBuckets     =         2048]
----------------------------------------------------------

  Latency Distribution (HdrHistogram - Uncorrected Latency (measured without taking delayed starts into account))
 50.000%  469.00us
 75.000%  576.00us
 90.000%  611.00us
 99.000%  642.00us
 99.900%  669.00us
 99.990%  684.00us
 99.999%  742.00us
100.000%  742.00us

  Detailed Percentile spectrum:
       Value   Percentile   TotalCount 1/(1-Percentile)

      96.000     0.000000            1         1.00
     286.000     0.100000         2074         1.11
     319.000     0.200000         4038         1.25
     377.000     0.300000         6013         1.43
     427.000     0.400000         8052         1.67
     469.000     0.500000        10042         2.00
     493.000     0.550000        11001         2.22
     519.000     0.600000        12025         2.50
     544.000     0.650000        13016         2.86
     560.000     0.700000        14010         3.33
     576.000     0.750000        15038         4.00
     584.000     0.775000        15548         4.44
     592.000     0.800000        16067         5.00
     597.000     0.825000        16531         5.71
     602.000     0.850000        17050         6.67
     606.000     0.875000        17496         8.00
     609.000     0.887500        17819         8.89
     611.000     0.900000        18038        10.00
     613.000     0.912500        18251        11.43
     616.000     0.925000        18512        13.33
     619.000     0.937500        18748        16.00
     621.000     0.943750        18896        17.78
     623.000     0.950000        19032        20.00
     625.000     0.956250        19158        22.86
     627.000     0.962500        19294        26.67
     629.000     0.968750        19408        32.00
     630.000     0.971875        19447        35.56
     632.000     0.975000        19523        40.00
     633.000     0.978125        19571        45.71
     635.000     0.981250        19644        53.33
     637.000     0.984375        19697        64.00
     638.000     0.985938        19724        71.11
     639.000     0.987500        19744        80.00
     641.000     0.989062        19790        91.43
     642.000     0.990625        19815       106.67
     644.000     0.992188        19839       128.00
     646.000     0.992969        19858       142.22
     648.000     0.993750        19882       160.00
     649.000     0.994531        19892       182.86
     650.000     0.995313        19900       213.33
     654.000     0.996094        19922       256.00
     655.000     0.996484        19931       284.44
     655.000     0.996875        19931       320.00
     657.000     0.997266        19939       365.71
     660.000     0.997656        19954       426.67
     660.000     0.998047        19954       512.00
     661.000     0.998242        19959       568.89
     663.000     0.998437        19963       640.00
     665.000     0.998633        19966       731.43
     667.000     0.998828        19970       853.33
     670.000     0.999023        19974      1024.00
     671.000     0.999121        19976      1137.78
     672.000     0.999219        19978      1280.00
     673.000     0.999316        19980      1462.86
     675.000     0.999414        19982      1706.67
     676.000     0.999512        19984      2048.00
     677.000     0.999561        19986      2275.56
     677.000     0.999609        19986      2560.00
     678.000     0.999658        19987      2925.71
     679.000     0.999707        19989      3413.33
     679.000     0.999756        19989      4096.00
     679.000     0.999780        19989      4551.11
     683.000     0.999805        19990      5120.00
     683.000     0.999829        19990      5851.43
     684.000     0.999854        19992      6826.67
     684.000     0.999878        19992      8192.00
     684.000     0.999890        19992      9102.22
     684.000     0.999902        19992     10240.00
     684.000     0.999915        19992     11702.86
     684.000     0.999927        19992     13653.33
     684.000     0.999939        19992     16384.00
     684.000     0.999945        19992     18204.44
     742.000     0.999951        19993     20480.00
     742.000     1.000000        19993          inf
#[Mean    =      455.627, StdDeviation   =      130.547]
#[Max     =      742.000, Total count    =        19993]
#[Buckets =           27, SubBuckets     =         2048]
----------------------------------------------------------
  19994 requests in 10.00s, 1.68MB read
Requests/sec:   1999.36
Transfer/sec:    171.82KB

