Command: /tmp/wrk2/wrk http://10.0.0.4:8000/index.html -c 256 -t 8 -R 4000 -d 10 -L -U
Return code: 0
STDOUT:
Running 10s test @ http://10.0.0.4:8000/index.html
  8 threads and 256 connections
  Thread Stats   Avg      Stdev     Max   +/- Stdev
    Latency   1277.76u  783.42us19072.00u   90.73%
    Req/Sec       -nan      -nan   0.00      0.00%
  Latency Distribution (HdrHistogram - Recorded Latency)
 50.000% 1199.00us
 75.000% 1525.00us
 90.000% 1853.00us
 99.000% 3677.00us
 99.900%11999.00us
 99.990%18559.00us
 99.999%19087.00us
100.000%19087.00us

  Detailed Percentile spectrum:
       Value   Percentile   TotalCount 1/(1-Percentile)

     264.000     0.000000            1         1.00
     636.000     0.100000         3942         1.11
     811.000     0.200000         7876         1.25
     951.000     0.300000        11814         1.43
    1076.000     0.400000        15758         1.67
    1199.000     0.500000        19665         2.00
    1258.000     0.550000        21637         2.22
    1319.000     0.600000        23610         2.50
    1381.000     0.650000        25566         2.86
    1449.000     0.700000        27544         3.33
    1525.000     0.750000        29524         4.00
    1566.000     0.775000        30501         4.44
    1612.000     0.800000        31473         5.00
    1662.000     0.825000        32452         5.71
    1718.000     0.850000        33433         6.67
    1780.000     0.875000        34415         8.00
    1815.000     0.887500        34907         8.89
    1853.000     0.900000        35408        10.00
    1894.000     0.912500        35891        11.43
    1948.000     0.925000        36394        13.33
    2011.000     0.937500        36877        16.00
    2049.000     0.943750        37118        17.78
    2093.000     0.950000        37364        20.00
    2143.000     0.956250        37616        22.86
    2201.000     0.962500        37857        26.67
    2281.000     0.968750        38101        32.00
    2331.000     0.971875        38227        35.56
    2399.000     0.975000        38347        40.00
    2485.000     0.978125        38470        45.71
    2615.000     0.981250        38595        53.33
    2863.000     0.984375        38716        64.00
    3045.000     0.985938        38777        71.11
    3255.000     0.987500        38839        80.00
    3471.000     0.989062        38900        91.43
    3795.000     0.990625        38963       106.67
    4171.000     0.992188        39024       128.00
    4415.000     0.992969        39054       142.22
    4667.000     0.993750        39085       160.00
    5047.000     0.994531        39115       182.86
    5455.000     0.995313        39146       213.33
    6171.000     0.996094        39177       256.00
    6403.000     0.996484        39192       284.44
    7235.000     0.996875        39209       320.00
    7971.000     0.997266        39224       365.71
    8423.000     0.997656        39238       426.67
    9023.000     0.998047        39254       512.00
    9135.000     0.998242        39261       568.89
    9631.000     0.998437        39269       640.00
   10239.000     0.998633        39277       731.43
   10615.000     0.998828        39284       853.33
   12015.000     0.999023        39292      1024.00
   12095.000     0.999121        39296      1137.78
   12159.000     0.999219        39300      1280.00
   12215.000     0.999316        39305      1462.86
   12295.000     0.999414        39307      1706.67
   13287.000     0.999512        39311      2048.00
   13671.000     0.999561        39313      2275.56
   14007.000     0.999609        39315      2560.00
   14079.000     0.999658        39317      2925.71
   14215.000     0.999707        39319      3413.33
   14631.000     0.999756        39321      4096.00
   14663.000     0.999780        39322      4551.11
   15119.000     0.999805        39323      5120.00
   18319.000     0.999829        39324      5851.43
   18511.000     0.999854        39325      6826.67
   18559.000     0.999878        39326      8192.00
   18559.000     0.999890        39326      9102.22
   18751.000     0.999902        39328     10240.00
   18751.000     0.999915        39328     11702.86
   18751.000     0.999927        39328     13653.33
   18751.000     0.999939        39328     16384.00
   18751.000     0.999945        39328     18204.44
   19007.000     0.999951        39329     20480.00
   19007.000     0.999957        39329     23405.71
   19007.000     0.999963        39329     27306.67
   19007.000     0.999969        39329     32768.00
   19007.000     0.999973        39329     36408.89
   19087.000     0.999976        39330     40960.00
   19087.000     1.000000        39330          inf
#[Mean    =     1277.757, StdDeviation   =      783.424]
#[Max     =    19072.000, Total count    =        39330]
#[Buckets =           27, SubBuckets     =         2048]
----------------------------------------------------------

  Latency Distribution (HdrHistogram - Uncorrected Latency (measured without taking delayed starts into account))
 50.000%  427.00us
 75.000%  549.00us
 90.000%  724.00us
 99.000% 2619.00us
 99.900% 8999.00us
 99.990%17999.00us
 99.999%18431.00us
100.000%18431.00us

  Detailed Percentile spectrum:
       Value   Percentile   TotalCount 1/(1-Percentile)

     209.000     0.000000            1         1.00
     300.000     0.100000         3961         1.11
     332.000     0.200000         7870         1.25
     363.000     0.300000        11872         1.43
     394.000     0.400000        15856         1.67
     427.000     0.500000        19666         2.00
     446.000     0.550000        21635         2.22
     468.000     0.600000        23684         2.50
     490.000     0.650000        25586         2.86
     517.000     0.700000        27555         3.33
     549.000     0.750000        29517         4.00
     567.000     0.775000        30507         4.44
     589.000     0.800000        31484         5.00
     615.000     0.825000        32482         5.71
     644.000     0.850000        33442         6.67
     681.000     0.875000        34421         8.00
     702.000     0.887500        34916         8.89
     724.000     0.900000        35405        10.00
     750.000     0.912500        35889        11.43
     786.000     0.925000        36382        13.33
     828.000     0.937500        36875        16.00
     856.000     0.943750        37122        17.78
     891.000     0.950000        37368        20.00
     932.000     0.956250        37619        22.86
     998.000     0.962500        37856        26.67
    1123.000     0.968750        38101        32.00
    1225.000     0.971875        38225        35.56
    1376.000     0.975000        38348        40.00
    1500.000     0.978125        38470        45.71
    1686.000     0.981250        38594        53.33
    1939.000     0.984375        38716        64.00
    2057.000     0.985938        38778        71.11
    2233.000     0.987500        38840        80.00
    2487.000     0.989062        38900        91.43
    2801.000     0.990625        38962       106.67
    3141.000     0.992188        39023       128.00
    3397.000     0.992969        39054       142.22
    3637.000     0.993750        39085       160.00
    3929.000     0.994531        39115       182.86
    4307.000     0.995313        39146       213.33
    4823.000     0.996094        39178       256.00
    5007.000     0.996484        39192       284.44
    5315.000     0.996875        39208       320.00
    5731.000     0.997266        39223       365.71
    6643.000     0.997656        39238       426.67
    7331.000     0.998047        39254       512.00
    7611.000     0.998242        39261       568.89
    7991.000     0.998437        39269       640.00
    8207.000     0.998633        39278       731.43
    8559.000     0.998828        39284       853.33
    8999.000     0.999023        39292      1024.00
    9183.000     0.999121        39296      1137.78
    9535.000     0.999219        39300      1280.00
    9791.000     0.999316        39304      1462.86
   10455.000     0.999414        39307      1706.67
   12447.000     0.999512        39311      2048.00
   13271.000     0.999561        39313      2275.56
   13503.000     0.999609        39315      2560.00
   13527.000     0.999658        39317      2925.71
   13567.000     0.999707        39319      3413.33
   13999.000     0.999756        39321      4096.00
   14015.000     0.999780        39322      4551.11
   14295.000     0.999805        39323      5120.00
   17887.000     0.999829        39324      5851.43
   17935.000     0.999854        39325      6826.67
   17999.000     0.999878        39326      8192.00
   17999.000     0.999890        39326      9102.22
   18095.000     0.999902        39327     10240.00
   18095.000     0.999915        39327     11702.86
   18255.000     0.999927        39328     13653.33
   18255.000     0.999939        39328     16384.00
   18255.000     0.999945        39328     18204.44
   18415.000     0.999951        39329     20480.00
   18415.000     0.999957        39329     23405.71
   18415.000     0.999963        39329     27306.67
   18415.000     0.999969        39329     32768.00
   18415.000     0.999973        39329     36408.89
   18431.000     0.999976        39330     40960.00
   18431.000     1.000000        39330          inf
#[Mean    =      532.721, StdDeviation   =      614.138]
#[Max     =    18416.000, Total count    =        39330]
#[Buckets =           27, SubBuckets     =         2048]
----------------------------------------------------------
  39341 requests in 10.03s, 3.30MB read
Requests/sec:   3924.07
Transfer/sec:    337.22KB

