Command: /tmp/wrk2/wrk http://10.0.0.4:8000/index.html -c 256 -t 8 -R 8000 -d 10 -L -U
Return code: 0
STDOUT:
Running 10s test @ http://10.0.0.4:8000/index.html
  8 threads and 256 connections
  Thread Stats   Avg      Stdev     Max   +/- Stdev
    Latency   1573.13u 2923.41us238976.00   95.58%
    Req/Sec       -nan      -nan   0.00      0.00%
  Latency Distribution (HdrHistogram - Recorded Latency)
 50.000% 1216.00us
 75.000% 1622.00us
 90.000% 2197.00us
 99.000% 8983.00us
 99.900%14375.00us
 99.990%169599.00u
 99.999%236287.00u
100.000%239103.00u

  Detailed Percentile spectrum:
       Value   Percentile   TotalCount 1/(1-Percentile)

     214.000     0.000000            1         1.00
     581.000     0.100000         7891         1.11
     771.000     0.200000        15731         1.25
     932.000     0.300000        23617         1.43
    1074.000     0.400000        31451         1.67
    1216.000     0.500000        39306         2.00
    1289.000     0.550000        43246         2.22
    1362.000     0.600000        47144         2.50
    1440.000     0.650000        51121         2.86
    1526.000     0.700000        55032         3.33
    1622.000     0.750000        58947         4.00
    1678.000     0.775000        60911         4.44
    1740.000     0.800000        62886         5.00
    1812.000     0.825000        64842         5.71
    1898.000     0.850000        66783         6.67
    2014.000     0.875000        68748         8.00
    2093.000     0.887500        69740         8.89
    2197.000     0.900000        70724        10.00
    2361.000     0.912500        71701        11.43
    2663.000     0.925000        72676        13.33
    3205.000     0.937500        73659        16.00
    3533.000     0.943750        74153        17.78
    3949.000     0.950000        74644        20.00
    4543.000     0.956250        75133        22.86
    5155.000     0.962500        75622        26.67
    5851.000     0.968750        76114        32.00
    6231.000     0.971875        76359        35.56
    6623.000     0.975000        76606        40.00
    7023.000     0.978125        76851        45.71
    7455.000     0.981250        77096        53.33
    7931.000     0.984375        77342        64.00
    8215.000     0.985938        77469        71.11
    8511.000     0.987500        77587        80.00
    8799.000     0.989062        77710        91.43
    9111.000     0.990625        77832       106.67
    9487.000     0.992188        77957       128.00
    9687.000     0.992969        78016       142.22
    9951.000     0.993750        78077       160.00
   10207.000     0.994531        78139       182.86
   10607.000     0.995313        78200       213.33
   10935.000     0.996094        78265       256.00
   11071.000     0.996484        78292       284.44
   11311.000     0.996875        78326       320.00
   11663.000     0.997266        78357       365.71
   11823.000     0.997656        78385       426.67
   12239.000     0.998047        78415       512.00
   12615.000     0.998242        78430       568.89
   13023.000     0.998437        78446       640.00
   13415.000     0.998633        78461       731.43
   13823.000     0.998828        78476       853.33
   14495.000     0.999023        78492      1024.00
   15111.000     0.999121        78499      1137.78
   15671.000     0.999219        78507      1280.00
   16311.000     0.999316        78515      1462.86
   17087.000     0.999414        78523      1706.67
   17983.000     0.999512        78530      2048.00
   19919.000     0.999561        78534      2275.56
   22111.000     0.999609        78538      2560.00
   24223.000     0.999658        78542      2925.71
   25551.000     0.999707        78545      3413.33
   46495.000     0.999756        78549      4096.00
   74303.000     0.999780        78551      4551.11
   80447.000     0.999805        78553      5120.00
  109567.000     0.999829        78555      5851.43
  137855.000     0.999854        78557      6826.67
  143999.000     0.999878        78559      8192.00
  169599.000     0.999890        78560      9102.22
  173055.000     0.999902        78561     10240.00
  175743.000     0.999915        78562     11702.86
  201343.000     0.999927        78563     13653.33
  204671.000     0.999939        78564     16384.00
  204671.000     0.999945        78564     18204.44
  207487.000     0.999951        78565     20480.00
  207487.000     0.999957        78565     23405.71
  233087.000     0.999963        78566     27306.67
  233087.000     0.999969        78566     32768.00
  233087.000     0.999973        78566     36408.89
  236287.000     0.999976        78567     40960.00
  236287.000     0.999979        78567     46811.43
  236287.000     0.999982        78567     54613.33
  236287.000     0.999985        78567     65536.00
  236287.000     0.999986        78567     72817.78
  239103.000     0.999988        78568     81920.00
  239103.000     1.000000        78568          inf
#[Mean    =     1573.131, StdDeviation   =     2923.406]
#[Max     =   238976.000, Total count    =        78568]
#[Buckets =           27, SubBuckets     =         2048]
----------------------------------------------------------

  Latency Distribution (HdrHistogram - Uncorrected Latency (measured without taking delayed starts into account))
 50.000%  386.00us
 75.000%  547.00us
 90.000% 1176.00us
 99.000% 8103.00us
 99.900%12559.00us
 99.990%23599.00us
 99.999%236159.00u
100.000%238079.00u

  Detailed Percentile spectrum:
       Value   Percentile   TotalCount 1/(1-Percentile)

     196.000     0.000000            1         1.00
     277.000     0.100000         8138         1.11
     302.000     0.200000        15951         1.25
     327.000     0.300000        23809         1.43
     354.000     0.400000        31497         1.67
     386.000     0.500000        39351         2.00
     405.000     0.550000        43227         2.22
     428.000     0.600000        47240         2.50
     456.000     0.650000        51175         2.86
     494.000     0.700000        55070         3.33
     547.000     0.750000        58927         4.00
     585.000     0.775000        60923         4.44
     631.000     0.800000        62866         5.00
     689.000     0.825000        64835         5.71
     771.000     0.850000        66783         6.67
     902.000     0.875000        68749         8.00
    1007.000     0.887500        69730         8.89
    1176.000     0.900000        70712        10.00
    1442.000     0.912500        71701        11.43
    1795.000     0.925000        72677        13.33
    2337.000     0.937500        73659        16.00
    2665.000     0.943750        74149        17.78
    3105.000     0.950000        74643        20.00
    3681.000     0.956250        75131        22.86
    4339.000     0.962500        75623        26.67
    4999.000     0.968750        76115        32.00
    5371.000     0.971875        76359        35.56
    5755.000     0.975000        76604        40.00
    6183.000     0.978125        76851        45.71
    6583.000     0.981250        77095        53.33
    7067.000     0.984375        77341        64.00
    7307.000     0.985938        77466        71.11
    7567.000     0.987500        77586        80.00
    7879.000     0.989062        77709        91.43
    8215.000     0.990625        77833       106.67
    8567.000     0.992188        77956       128.00
    8743.000     0.992969        78018       142.22
    8911.000     0.993750        78077       160.00
    9207.000     0.994531        78139       182.86
    9527.000     0.995313        78201       213.33
    9815.000     0.996094        78262       256.00
    9999.000     0.996484        78292       284.44
   10199.000     0.996875        78323       320.00
   10399.000     0.997266        78354       365.71
   10655.000     0.997656        78384       426.67
   11023.000     0.998047        78416       512.00
   11255.000     0.998242        78431       568.89
   11511.000     0.998437        78446       640.00
   11903.000     0.998633        78461       731.43
   12399.000     0.998828        78476       853.33
   12671.000     0.999023        78492      1024.00
   12911.000     0.999121        78499      1137.78
   13295.000     0.999219        78507      1280.00
   13663.000     0.999316        78515      1462.86
   13799.000     0.999414        78522      1706.67
   14439.000     0.999512        78530      2048.00
   14647.000     0.999561        78534      2275.56
   15759.000     0.999609        78538      2560.00
   16271.000     0.999658        78542      2925.71
   16607.000     0.999707        78545      3413.33
   17407.000     0.999756        78549      4096.00
   17983.000     0.999780        78551      4551.11
   19823.000     0.999805        78553      5120.00
   21215.000     0.999829        78555      5851.43
   21935.000     0.999854        78557      6826.67
   23327.000     0.999878        78559      8192.00
   23599.000     0.999890        78560      9102.22
   23903.000     0.999902        78561     10240.00
   24063.000     0.999915        78562     11702.86
   24303.000     0.999927        78563     13653.33
   25519.000     0.999939        78564     16384.00
   25519.000     0.999945        78564     18204.44
   27119.000     0.999951        78565     20480.00
   27119.000     0.999957        78565     23405.71
  233087.000     0.999963        78566     27306.67
  233087.000     0.999969        78566     32768.00
  233087.000     0.999973        78566     36408.89
  236159.000     0.999976        78567     40960.00
  236159.000     0.999979        78567     46811.43
  236159.000     0.999982        78567     54613.33
  236159.000     0.999985        78567     65536.00
  236159.000     0.999986        78567     72817.78
  238079.000     0.999988        78568     81920.00
  238079.000     1.000000        78568          inf
#[Mean    =      796.027, StdDeviation   =     2033.777]
#[Max     =   237952.000, Total count    =        78568]
#[Buckets =           27, SubBuckets     =         2048]
----------------------------------------------------------
  78577 requests in 10.00s, 6.59MB read
Requests/sec:   7854.83
Transfer/sec:    675.02KB

