Command: /tmp/wrk2/wrk http://10.0.0.4:8000/index.html -c 256 -t 8 -R 30000 -d 10 -L -U
Return code: 0
STDOUT:
Running 10s test @ http://10.0.0.4:8000/index.html
  8 threads and 256 connections
  Thread Stats   Avg      Stdev     Max   +/- Stdev
    Latency   1646.26u 3111.53us216704.00   98.90%
    Req/Sec       -nan      -nan   0.00      0.00%
  Latency Distribution (HdrHistogram - Recorded Latency)
 50.000% 1442.00us
 75.000% 1914.00us
 90.000% 2377.00us
 99.000% 5151.00us
 99.900%18207.00us
 99.990%177535.00u
 99.999%210303.00u
100.000%216831.00u

  Detailed Percentile spectrum:
       Value   Percentile   TotalCount 1/(1-Percentile)

     239.000     0.000000            1         1.00
     757.000     0.100000        29434         1.11
     951.000     0.200000        58858         1.25
    1121.000     0.300000        88392         1.43
    1281.000     0.400000       117733         1.67
    1442.000     0.500000       147246         2.00
    1526.000     0.550000       161962         2.22
    1613.000     0.600000       176624         2.50
    1707.000     0.650000       191379         2.86
    1805.000     0.700000       206073         3.33
    1914.000     0.750000       220765         4.00
    1973.000     0.775000       228133         4.44
    2037.000     0.800000       235457         5.00
    2107.000     0.825000       242913         5.71
    2185.000     0.850000       250267         6.67
    2273.000     0.875000       257541         8.00
    2321.000     0.887500       261173         8.89
    2377.000     0.900000       264888        10.00
    2439.000     0.912500       268571        11.43
    2513.000     0.925000       272275        13.33
    2597.000     0.937500       275890        16.00
    2649.000     0.943750       277729        17.78
    2705.000     0.950000       279549        20.00
    2775.000     0.956250       281425        22.86
    2857.000     0.962500       283235        26.67
    2967.000     0.968750       285085        32.00
    3037.000     0.971875       286000        35.56
    3123.000     0.975000       286904        40.00
    3237.000     0.978125       287836        45.71
    3411.000     0.981250       288749        53.33
    3711.000     0.984375       289664        64.00
    3957.000     0.985938       290127        71.11
    4331.000     0.987500       290581        80.00
    4771.000     0.989062       291041        91.43
    5483.000     0.990625       291503       106.67
    6359.000     0.992188       291962       128.00
    6867.000     0.992969       292194       142.22
    7459.000     0.993750       292421       160.00
    8087.000     0.994531       292651       182.86
    8879.000     0.995313       292881       213.33
   10055.000     0.996094       293114       256.00
   10679.000     0.996484       293225       284.44
   11423.000     0.996875       293342       320.00
   12367.000     0.997266       293455       365.71
   13343.000     0.997656       293571       426.67
   14671.000     0.998047       293685       512.00
   15175.000     0.998242       293742       568.89
   15815.000     0.998437       293800       640.00
   16655.000     0.998633       293858       731.43
   17535.000     0.998828       293916       853.33
   18383.000     0.999023       293972      1024.00
   18879.000     0.999121       294002      1137.78
   19503.000     0.999219       294030      1280.00
   20639.000     0.999316       294058      1462.86
   21999.000     0.999414       294087      1706.67
   26895.000     0.999512       294116      2048.00
   43839.000     0.999561       294130      2275.56
   64991.000     0.999609       294145      2560.00
   83391.000     0.999658       294159      2925.71
   99775.000     0.999707       294173      3413.33
  122111.000     0.999756       294188      4096.00
  131583.000     0.999780       294195      4551.11
  139903.000     0.999805       294202      5120.00
  148479.000     0.999829       294209      5851.43
  160767.000     0.999854       294216      6826.67
  169599.000     0.999878       294224      8192.00
  171647.000     0.999890       294227      9102.22
  178687.000     0.999902       294231     10240.00
  184959.000     0.999915       294234     11702.86
  186623.000     0.999927       294238     13653.33
  194047.000     0.999939       294242     16384.00
  194815.000     0.999945       294243     18204.44
  195327.000     0.999951       294245     20480.00
  200959.000     0.999957       294247     23405.71
  202751.000     0.999963       294249     27306.67
  203263.000     0.999969       294251     32768.00
  203263.000     0.999973       294251     36408.89
  208895.000     0.999976       294253     40960.00
  208895.000     0.999979       294253     46811.43
  209535.000     0.999982       294254     54613.33
  210175.000     0.999985       294255     65536.00
  210175.000     0.999986       294255     72817.78
  210303.000     0.999988       294256     81920.00
  210303.000     0.999989       294256     93622.86
  210815.000     0.999991       294257    109226.67
  210815.000     0.999992       294257    131072.00
  210815.000     0.999993       294257    145635.56
  216831.000     0.999994       294259    163840.00
  216831.000     1.000000       294259          inf
#[Mean    =     1646.259, StdDeviation   =     3111.532]
#[Max     =   216704.000, Total count    =       294259]
#[Buckets =           27, SubBuckets     =         2048]
----------------------------------------------------------

  Latency Distribution (HdrHistogram - Uncorrected Latency (measured without taking delayed starts into account))
 50.000%  651.00us
 75.000%  891.00us
 90.000% 1206.00us
 99.000% 3651.00us
 99.900%13871.00us
 99.990%21407.00us
 99.999%209407.00u
100.000%216575.00u

  Detailed Percentile spectrum:
       Value   Percentile   TotalCount 1/(1-Percentile)

     176.000     0.000000            1         1.00
     382.000     0.100000        29517         1.11
     453.000     0.200000        59074         1.25
     517.000     0.300000        88327         1.43
     581.000     0.400000       117797         1.67
     651.000     0.500000       147460         2.00
     688.000     0.550000       161879         2.22
     730.000     0.600000       176744         2.50
     776.000     0.650000       191378         2.86
     829.000     0.700000       206089         3.33
     891.000     0.750000       220775         4.00
     927.000     0.775000       228158         4.44
     968.000     0.800000       235522         5.00
    1015.000     0.825000       242889         5.71
    1068.000     0.850000       250231         6.67
    1131.000     0.875000       257543         8.00
    1167.000     0.887500       261166         8.89
    1206.000     0.900000       264854        10.00
    1251.000     0.912500       268584        11.43
    1303.000     0.925000       272243        13.33
    1369.000     0.937500       275908        16.00
    1409.000     0.943750       277760        17.78
    1456.000     0.950000       279568        20.00
    1514.000     0.956250       281392        22.86
    1596.000     0.962500       283241        26.67
    1712.000     0.968750       285071        32.00
    1783.000     0.971875       285984        35.56
    1871.000     0.975000       286907        40.00
    2003.000     0.978125       287823        45.71
    2207.000     0.981250       288742        53.33
    2509.000     0.984375       289662        64.00
    2703.000     0.985938       290122        71.11
    2989.000     0.987500       290581        80.00
    3389.000     0.989062       291042        91.43
    3839.000     0.990625       291505       106.67
    4311.000     0.992188       291961       128.00
    4559.000     0.992969       292190       142.22
    4835.000     0.993750       292423       160.00
    5335.000     0.994531       292650       182.86
    5859.000     0.995313       292881       213.33
    6439.000     0.996094       293110       256.00
    6827.000     0.996484       293228       284.44
    7179.000     0.996875       293340       320.00
    7667.000     0.997266       293455       365.71
    8295.000     0.997656       293570       426.67
    9239.000     0.998047       293689       512.00
    9727.000     0.998242       293742       568.89
   10351.000     0.998437       293800       640.00
   11183.000     0.998633       293857       731.43
   12615.000     0.998828       293915       853.33
   13943.000     0.999023       293972      1024.00
   14455.000     0.999121       294001      1137.78
   15199.000     0.999219       294030      1280.00
   15943.000     0.999316       294058      1462.86
   16559.000     0.999414       294087      1706.67
   16879.000     0.999512       294116      2048.00
   17231.000     0.999561       294130      2275.56
   17455.000     0.999609       294145      2560.00
   17983.000     0.999658       294159      2925.71
   18255.000     0.999707       294173      3413.33
   18655.000     0.999756       294188      4096.00
   19071.000     0.999780       294196      4551.11
   19551.000     0.999805       294202      5120.00
   19903.000     0.999829       294209      5851.43
   20239.000     0.999854       294216      6826.67
   21071.000     0.999878       294224      8192.00
   21199.000     0.999890       294227      9102.22
   21455.000     0.999902       294231     10240.00
   21583.000     0.999915       294234     11702.86
   22399.000     0.999927       294239     13653.33
   22751.000     0.999939       294242     16384.00
   22943.000     0.999945       294243     18204.44
   23391.000     0.999951       294245     20480.00
   24383.000     0.999957       294247     23405.71
   24591.000     0.999963       294249     27306.67
   25503.000     0.999969       294251     32768.00
   25503.000     0.999973       294251     36408.89
   25519.000     0.999976       294252     40960.00
   25567.000     0.999979       294253     46811.43
  208767.000     0.999982       294254     54613.33
  209407.000     0.999985       294257     65536.00
  209407.000     0.999986       294257     72817.78
  209407.000     0.999988       294257     81920.00
  209407.000     0.999989       294257     93622.86
  209407.000     0.999991       294257    109226.67
  209407.000     0.999992       294257    131072.00
  209407.000     0.999993       294257    145635.56
  216191.000     0.999994       294258    163840.00
  216191.000     0.999995       294258    187245.71
  216191.000     0.999995       294258    218453.33
  216191.000     0.999996       294258    262144.00
  216191.000     0.999997       294258    291271.11
  216575.000     0.999997       294259    327680.00
  216575.000     1.000000       294259          inf
#[Mean    =      801.617, StdDeviation   =     1269.079]
#[Max     =   216448.000, Total count    =       294259]
#[Buckets =           27, SubBuckets     =         2048]
----------------------------------------------------------
  294274 requests in 10.00s, 24.70MB read
Requests/sec:  29429.47
Transfer/sec:      2.47MB

