Command: /tmp/wrk2/wrk http://10.0.0.4:8000/index.html -c 256 -t 8 -R 20000 -d 10 -L -U
Return code: 0
STDOUT:
Running 10s test @ http://10.0.0.4:8000/index.html
  8 threads and 256 connections
  Thread Stats   Avg      Stdev     Max   +/- Stdev
    Latency   1402.74u 1587.25us220928.00   98.02%
    Req/Sec       -nan      -nan   0.00      0.00%
  Latency Distribution (HdrHistogram - Recorded Latency)
 50.000% 1281.00us
 75.000% 1696.00us
 90.000% 2069.00us
 99.000% 4367.00us
 99.900%15111.00us
 99.990%26399.00us
 99.999%196095.00u
100.000%221055.00u

  Detailed Percentile spectrum:
       Value   Percentile   TotalCount 1/(1-Percentile)

     232.000     0.000000            1         1.00
     640.000     0.100000        19653         1.11
     819.000     0.200000        39352         1.25
     977.000     0.300000        58977         1.43
    1129.000     0.400000        78616         1.67
    1281.000     0.500000        98172         2.00
    1359.000     0.550000       108032         2.22
    1436.000     0.600000       117861         2.50
    1517.000     0.650000       127580         2.86
    1604.000     0.700000       137443         3.33
    1696.000     0.750000       147168         4.00
    1746.000     0.775000       152153         4.44
    1797.000     0.800000       157019         5.00
    1853.000     0.825000       161969         5.71
    1913.000     0.850000       166805         6.67
    1985.000     0.875000       171741         8.00
    2024.000     0.887500       174162         8.89
    2069.000     0.900000       176619        10.00
    2121.000     0.912500       179105        11.43
    2181.000     0.925000       181548        13.33
    2255.000     0.937500       184005        16.00
    2297.000     0.943750       185234        17.78
    2347.000     0.950000       186428        20.00
    2407.000     0.956250       187639        22.86
    2483.000     0.962500       188880        26.67
    2583.000     0.968750       190104        32.00
    2649.000     0.971875       190710        35.56
    2745.000     0.975000       191319        40.00
    2871.000     0.978125       191936        45.71
    3075.000     0.981250       192545        53.33
    3407.000     0.984375       193158        64.00
    3619.000     0.985938       193462        71.11
    3869.000     0.987500       193770        80.00
    4163.000     0.989062       194076        91.43
    4539.000     0.990625       194383       106.67
    5067.000     0.992188       194690       128.00
    5475.000     0.992969       194843       142.22
    5967.000     0.993750       194997       160.00
    6395.000     0.994531       195148       182.86
    6939.000     0.995313       195303       213.33
    7571.000     0.996094       195458       256.00
    7915.000     0.996484       195532       284.44
    8407.000     0.996875       195609       320.00
    8999.000     0.997266       195686       365.71
    9887.000     0.997656       195763       426.67
   11167.000     0.998047       195838       512.00
   11775.000     0.998242       195877       568.89
   12391.000     0.998437       195917       640.00
   13215.000     0.998633       195953       731.43
   14063.000     0.998828       195992       853.33
   15271.000     0.999023       196030      1024.00
   16007.000     0.999121       196049      1137.78
   16703.000     0.999219       196069      1280.00
   17135.000     0.999316       196087      1462.86
   17663.000     0.999414       196107      1706.67
   18047.000     0.999512       196126      2048.00
   18367.000     0.999561       196135      2275.56
   18703.000     0.999609       196145      2560.00
   19023.000     0.999658       196154      2925.71
   19359.000     0.999707       196164      3413.33
   19807.000     0.999756       196174      4096.00
   20047.000     0.999780       196178      4551.11
   20767.000     0.999805       196184      5120.00
   21199.000     0.999829       196188      5851.43
   22319.000     0.999854       196193      6826.67
   24031.000     0.999878       196198      8192.00
   25695.000     0.999890       196200      9102.22
   26879.000     0.999902       196202     10240.00
   31231.000     0.999915       196205     11702.86
   47551.000     0.999927       196207     13653.33
   84991.000     0.999939       196210     16384.00
   97279.000     0.999945       196211     18204.44
  109311.000     0.999951       196212     20480.00
  121407.000     0.999957       196213     23405.71
  134015.000     0.999963       196214     27306.67
  158591.000     0.999969       196216     32768.00
  158591.000     0.999973       196216     36408.89
  171135.000     0.999976       196217     40960.00
  171135.000     0.999979       196217     46811.43
  183551.000     0.999982       196218     54613.33
  196095.000     0.999985       196219     65536.00
  196095.000     0.999986       196219     72817.78
  196095.000     0.999988       196219     81920.00
  196095.000     0.999989       196219     93622.86
  208639.000     0.999991       196220    109226.67
  208639.000     0.999992       196220    131072.00
  208639.000     0.999993       196220    145635.56
  208639.000     0.999994       196220    163840.00
  208639.000     0.999995       196220    187245.71
  221055.000     0.999995       196221    218453.33
  221055.000     1.000000       196221          inf
#[Mean    =     1402.737, StdDeviation   =     1587.254]
#[Max     =   220928.000, Total count    =       196221]
#[Buckets =           27, SubBuckets     =         2048]
----------------------------------------------------------

  Latency Distribution (HdrHistogram - Uncorrected Latency (measured without taking delayed starts into account))
 50.000%  476.00us
 75.000%  639.00us
 90.000%  878.00us
 99.000% 3335.00us
 99.900%13975.00us
 99.990%19983.00us
 99.999%28495.00us
100.000%220287.00u

  Detailed Percentile spectrum:
       Value   Percentile   TotalCount 1/(1-Percentile)

     181.000     0.000000            1         1.00
     317.000     0.100000        19739         1.11
     358.000     0.200000        39341         1.25
     396.000     0.300000        59197         1.43
     434.000     0.400000        78701         1.67
     476.000     0.500000        98165         2.00
     500.000     0.550000       108097         2.22
     527.000     0.600000       117936         2.50
     558.000     0.650000       127790         2.86
     595.000     0.700000       137584         3.33
     639.000     0.750000       147317         4.00
     665.000     0.775000       152100         4.44
     695.000     0.800000       157108         5.00
     729.000     0.825000       161980         5.71
     769.000     0.850000       166881         6.67
     817.000     0.875000       171773         8.00
     846.000     0.887500       174202         8.89
     878.000     0.900000       176606        10.00
     915.000     0.912500       179102        11.43
     959.000     0.925000       181514        13.33
    1021.000     0.937500       183989        16.00
    1062.000     0.943750       185196        17.78
    1114.000     0.950000       186419        20.00
    1188.000     0.956250       187647        22.86
    1299.000     0.962500       188870        26.67
    1453.000     0.968750       190093        32.00
    1563.000     0.971875       190706        35.56
    1689.000     0.975000       191318        40.00
    1868.000     0.978125       191929        45.71
    2089.000     0.981250       192547        53.33
    2417.000     0.984375       193160        64.00
    2603.000     0.985938       193462        71.11
    2841.000     0.987500       193770        80.00
    3121.000     0.989062       194076        91.43
    3477.000     0.990625       194385       106.67
    3913.000     0.992188       194692       128.00
    4207.000     0.992969       194842       142.22
    4567.000     0.993750       194995       160.00
    5087.000     0.994531       195149       182.86
    5631.000     0.995313       195302       213.33
    6039.000     0.996094       195455       256.00
    6323.000     0.996484       195532       284.44
    6735.000     0.996875       195610       320.00
    7183.000     0.997266       195685       365.71
    7843.000     0.997656       195762       426.67
    8975.000     0.998047       195838       512.00
    9975.000     0.998242       195877       568.89
   10783.000     0.998437       195916       640.00
   11367.000     0.998633       195953       731.43
   12799.000     0.998828       195992       853.33
   14159.000     0.999023       196030      1024.00
   14511.000     0.999121       196049      1137.78
   15271.000     0.999219       196068      1280.00
   16039.000     0.999316       196087      1462.86
   16607.000     0.999414       196110      1706.67
   17039.000     0.999512       196126      2048.00
   17199.000     0.999561       196135      2275.56
   17471.000     0.999609       196145      2560.00
   17727.000     0.999658       196154      2925.71
   18095.000     0.999707       196164      3413.33
   18655.000     0.999756       196174      4096.00
   18847.000     0.999780       196178      4551.11
   18927.000     0.999805       196185      5120.00
   19119.000     0.999829       196188      5851.43
   19583.000     0.999854       196194      6826.67
   19919.000     0.999878       196198      8192.00
   19967.000     0.999890       196200      9102.22
   20047.000     0.999902       196202     10240.00
   20383.000     0.999915       196206     11702.86
   20671.000     0.999927       196207     13653.33
   22527.000     0.999939       196210     16384.00
   22815.000     0.999945       196211     18204.44
   22831.000     0.999951       196212     20480.00
   23423.000     0.999957       196213     23405.71
   24303.000     0.999963       196214     27306.67
   24863.000     0.999969       196216     32768.00
   24863.000     0.999973       196216     36408.89
   26479.000     0.999976       196217     40960.00
   26479.000     0.999979       196217     46811.43
   27391.000     0.999982       196218     54613.33
   28495.000     0.999985       196219     65536.00
   28495.000     0.999986       196219     72817.78
   28495.000     0.999988       196219     81920.00
   28495.000     0.999989       196219     93622.86
   29871.000     0.999991       196220    109226.67
   29871.000     0.999992       196220    131072.00
   29871.000     0.999993       196220    145635.56
   29871.000     0.999994       196220    163840.00
   29871.000     0.999995       196220    187245.71
  220287.000     0.999995       196221    218453.33
  220287.000     1.000000       196221          inf
#[Mean    =      620.894, StdDeviation   =      957.695]
#[Max     =   220160.000, Total count    =       196221]
#[Buckets =           27, SubBuckets     =         2048]
----------------------------------------------------------
  196236 requests in 10.00s, 16.47MB read
Requests/sec:  19623.59
Transfer/sec:      1.65MB

