Command: /tmp/wrk2/wrk http://10.0.0.4:8000/index.html -c 256 -t 8 -R 1000 -d 10 -L -U
Return code: 0
STDOUT:
Running 10s test @ http://10.0.0.4:8000/index.html
  8 threads and 256 connections
  Thread calibration: mean lat.: 1920.000us, rate sampling interval: 10ms
  Thread Stats   Avg      Stdev     Max   +/- Stdev
    Latency   1398.05u  727.34us13320.00u   90.66%
    Req/Sec       -nan      -nan   0.00      0.00%
  Latency Distribution (HdrHistogram - Recorded Latency)
 50.000% 1317.00us
 75.000% 1601.00us
 90.000% 1907.00us
 99.000% 3935.00us
 99.900% 8903.00us
 99.990%12743.00us
 99.999%13327.00us
100.000%13327.00us

  Detailed Percentile spectrum:
       Value   Percentile   TotalCount 1/(1-Percentile)

     337.000     0.000000            1         1.00
     804.000     0.100000          880         1.11
     973.000     0.200000         1756         1.25
    1106.000     0.300000         2628         1.43
    1215.000     0.400000         3504         1.67
    1317.000     0.500000         4385         2.00
    1370.000     0.550000         4817         2.22
    1423.000     0.600000         5263         2.50
    1480.000     0.650000         5696         2.86
    1536.000     0.700000         6131         3.33
    1601.000     0.750000         6571         4.00
    1637.000     0.775000         6792         4.44
    1675.000     0.800000         7008         5.00
    1721.000     0.825000         7226         5.71
    1775.000     0.850000         7448         6.67
    1836.000     0.875000         7664         8.00
    1873.000     0.887500         7776         8.89
    1908.000     0.900000         7883        10.00
    1948.000     0.912500         7991        11.43
    1996.000     0.925000         8101        13.33
    2059.000     0.937500         8210        16.00
    2093.000     0.943750         8266        17.78
    2145.000     0.950000         8322        20.00
    2199.000     0.956250         8375        22.86
    2279.000     0.962500         8429        26.67
    2373.000     0.968750         8484        32.00
    2475.000     0.971875         8511        35.56
    2573.000     0.975000         8539        40.00
    2683.000     0.978125         8566        45.71
    2845.000     0.981250         8593        53.33
    3135.000     0.984375         8621        64.00
    3347.000     0.985938         8634        71.11
    3615.000     0.987500         8648        80.00
    3849.000     0.989062         8662        91.43
    4089.000     0.990625         8675       106.67
    4867.000     0.992188         8689       128.00
    5143.000     0.992969         8696       142.22
    5607.000     0.993750         8703       160.00
    6347.000     0.994531         8710       182.86
    6699.000     0.995313         8716       213.33
    7003.000     0.996094         8723       256.00
    7123.000     0.996484         8727       284.44
    7255.000     0.996875         8730       320.00
    7807.000     0.997266         8734       365.71
    7847.000     0.997656         8738       426.67
    7935.000     0.998047         8740       512.00
    8031.000     0.998242         8742       568.89
    8131.000     0.998437         8744       640.00
    8431.000     0.998633         8746       731.43
    8615.000     0.998828         8747       853.33
    9215.000     0.999023         8749      1024.00
    9647.000     0.999121         8750      1137.78
   11039.000     0.999219         8751      1280.00
   11191.000     0.999316         8752      1462.86
   11191.000     0.999414         8752      1706.67
   11287.000     0.999512         8753      2048.00
   11879.000     0.999561         8754      2275.56
   11879.000     0.999609         8754      2560.00
   12439.000     0.999658         8755      2925.71
   12439.000     0.999707         8755      3413.33
   12439.000     0.999756         8755      4096.00
   12743.000     0.999780         8756      4551.11
   12743.000     0.999805         8756      5120.00
   12743.000     0.999829         8756      5851.43
   12743.000     0.999854         8756      6826.67
   12743.000     0.999878         8756      8192.00
   13327.000     0.999890         8757      9102.22
   13327.000     1.000000         8757          inf
#[Mean    =     1398.049, StdDeviation   =      727.343]
#[Max     =    13320.000, Total count    =         8757]
#[Buckets =           27, SubBuckets     =         2048]
----------------------------------------------------------

  Latency Distribution (HdrHistogram - Uncorrected Latency (measured without taking delayed starts into account))
 50.000%  543.00us
 75.000%  692.00us
 90.000%  861.00us
 99.000% 2959.00us
 99.900% 7799.00us
 99.990%11695.00us
 99.999%11759.00us
100.000%11759.00us

  Detailed Percentile spectrum:
       Value   Percentile   TotalCount 1/(1-Percentile)

     232.000     0.000000            1         1.00
     364.000     0.100000          886         1.11
     412.000     0.200000         1757         1.25
     454.000     0.300000         2641         1.43
     496.000     0.400000         3514         1.67
     543.000     0.500000         4390         2.00
     568.000     0.550000         4826         2.22
     595.000     0.600000         5258         2.50
     627.000     0.650000         5713         2.86
     657.000     0.700000         6139         3.33
     692.000     0.750000         6581         4.00
     710.000     0.775000         6795         4.44
     731.000     0.800000         7010         5.00
     756.000     0.825000         7226         5.71
     784.000     0.850000         7450         6.67
     817.000     0.875000         7663         8.00
     838.000     0.887500         7774         8.89
     861.000     0.900000         7882        10.00
     889.000     0.912500         7993        11.43
     926.000     0.925000         8107        13.33
     965.000     0.937500         8210        16.00
     998.000     0.943750         8265        17.78
    1035.000     0.950000         8322        20.00
    1089.000     0.956250         8374        22.86
    1172.000     0.962500         8430        26.67
    1368.000     0.968750         8485        32.00
    1466.000     0.971875         8511        35.56
    1617.000     0.975000         8539        40.00
    1750.000     0.978125         8566        45.71
    1966.000     0.981250         8593        53.33
    2197.000     0.984375         8621        64.00
    2407.000     0.985938         8634        71.11
    2569.000     0.987500         8648        80.00
    2877.000     0.989062         8662        91.43
    3071.000     0.990625         8675       106.67
    3603.000     0.992188         8689       128.00
    3761.000     0.992969         8696       142.22
    4215.000     0.993750         8703       160.00
    4755.000     0.994531         8710       182.86
    5143.000     0.995313         8716       213.33
    5675.000     0.996094         8723       256.00
    5855.000     0.996484         8727       284.44
    6019.000     0.996875         8730       320.00
    6675.000     0.997266         8734       365.71
    6791.000     0.997656         8738       426.67
    7007.000     0.998047         8740       512.00
    7035.000     0.998242         8742       568.89
    7287.000     0.998437         8744       640.00
    7519.000     0.998633         8746       731.43
    7591.000     0.998828         8747       853.33
    7847.000     0.999023         8749      1024.00
    8123.000     0.999121         8750      1137.78
    8327.000     0.999219         8751      1280.00
    8863.000     0.999316         8752      1462.86
    8863.000     0.999414         8752      1706.67
   10511.000     0.999512         8753      2048.00
   11031.000     0.999561         8754      2275.56
   11031.000     0.999609         8754      2560.00
   11663.000     0.999658         8755      2925.71
   11663.000     0.999707         8755      3413.33
   11663.000     0.999756         8755      4096.00
   11695.000     0.999780         8756      4551.11
   11695.000     0.999805         8756      5120.00
   11695.000     0.999829         8756      5851.43
   11695.000     0.999854         8756      6826.67
   11695.000     0.999878         8756      8192.00
   11759.000     0.999890         8757      9102.22
   11759.000     1.000000         8757          inf
#[Mean    =      645.287, StdDeviation   =      591.402]
#[Max     =    11752.000, Total count    =         8757]
#[Buckets =           27, SubBuckets     =         2048]
----------------------------------------------------------
  9916 requests in 10.16s, 852.16KB read
Requests/sec:    975.71
Transfer/sec:     83.85KB

