Command: /tmp/wrk2/wrk http://10.0.0.4:8000/index.html -c 256 -t 8 -R 40000 -d 10 -L -U
Return code: 0
STDOUT:
Running 10s test @ http://10.0.0.4:8000/index.html
  8 threads and 256 connections
  Thread Stats   Avg      Stdev     Max   +/- Stdev
    Latency   1848.63u 1535.54us38976.00u   96.29%
    Req/Sec       -nan      -nan   0.00      0.00%
  Latency Distribution (HdrHistogram - Recorded Latency)
 50.000% 1613.00us
 75.000% 2099.00us
 90.000% 2661.00us
 99.000% 7191.00us
 99.900%21599.00us
 99.990%32207.00us
 99.999%35871.00us
100.000%39007.00us

  Detailed Percentile spectrum:
       Value   Percentile   TotalCount 1/(1-Percentile)

     233.000     0.000000            1         1.00
     942.000     0.100000        39302         1.11
    1144.000     0.200000        78517         1.25
    1309.000     0.300000       117697         1.43
    1460.000     0.400000       156982         1.67
    1613.000     0.500000       196333         2.00
    1693.000     0.550000       215977         2.22
    1779.000     0.600000       235498         2.50
    1872.000     0.650000       254989         2.86
    1977.000     0.700000       274646         3.33
    2099.000     0.750000       294471         4.00
    2165.000     0.775000       304098         4.44
    2241.000     0.800000       314058         5.00
    2323.000     0.825000       323708         5.71
    2419.000     0.850000       333600         6.67
    2527.000     0.875000       343324         8.00
    2591.000     0.887500       348297         8.89
    2661.000     0.900000       353127        10.00
    2743.000     0.912500       358011        11.43
    2841.000     0.925000       362932        13.33
    2967.000     0.937500       367811        16.00
    3037.000     0.943750       370223        17.78
    3123.000     0.950000       372687        20.00
    3233.000     0.956250       375156        22.86
    3373.000     0.962500       377592        26.67
    3571.000     0.968750       380036        32.00
    3715.000     0.971875       381263        35.56
    3895.000     0.975000       382478        40.00
    4163.000     0.978125       383701        45.71
    4559.000     0.981250       384929        53.33
    5147.000     0.984375       386152        64.00
    5527.000     0.985938       386774        71.11
    5999.000     0.987500       387381        80.00
    6667.000     0.989062       387994        91.43
    7647.000     0.990625       388604       106.67
    8927.000     0.992188       389222       128.00
    9703.000     0.992969       389523       142.22
   10751.000     0.993750       389832       160.00
   11791.000     0.994531       390137       182.86
   13047.000     0.995313       390444       213.33
   14391.000     0.996094       390749       256.00
   15071.000     0.996484       390902       284.44
   15911.000     0.996875       391056       320.00
   16735.000     0.997266       391210       365.71
   17519.000     0.997656       391363       426.67
   18543.000     0.998047       391515       512.00
   19071.000     0.998242       391592       568.89
   19727.000     0.998437       391670       640.00
   20335.000     0.998633       391745       731.43
   20975.000     0.998828       391824       853.33
   21711.000     0.999023       391898      1024.00
   22223.000     0.999121       391937      1137.78
   23023.000     0.999219       391975      1280.00
   23519.000     0.999316       392013      1462.86
   24383.000     0.999414       392052      1706.67
   25295.000     0.999512       392090      2048.00
   25967.000     0.999561       392111      2275.56
   26639.000     0.999609       392128      2560.00
   27455.000     0.999658       392147      2925.71
   28191.000     0.999707       392167      3413.33
   28863.000     0.999756       392186      4096.00
   29135.000     0.999780       392195      4551.11
   29759.000     0.999805       392205      5120.00
   30143.000     0.999829       392215      5851.43
   30815.000     0.999854       392224      6826.67
   31615.000     0.999878       392234      8192.00
   32031.000     0.999890       392238      9102.22
   32383.000     0.999902       392243     10240.00
   32623.000     0.999915       392248     11702.86
   33119.000     0.999927       392253     13653.33
   33311.000     0.999939       392258     16384.00
   33503.000     0.999945       392260     18204.44
   34015.000     0.999951       392263     20480.00
   34143.000     0.999957       392265     23405.71
   34367.000     0.999963       392267     27306.67
   34623.000     0.999969       392270     32768.00
   34687.000     0.999973       392272     36408.89
   34687.000     0.999976       392272     40960.00
   35263.000     0.999979       392273     46811.43
   35391.000     0.999982       392274     54613.33
   35615.000     0.999985       392276     65536.00
   35615.000     0.999986       392276     72817.78
   35871.000     0.999988       392277     81920.00
   35871.000     0.999989       392277     93622.86
   35999.000     0.999991       392278    109226.67
   37151.000     0.999992       392279    131072.00
   37151.000     0.999993       392279    145635.56
   37151.000     0.999994       392279    163840.00
   37151.000     0.999995       392279    187245.71
   37823.000     0.999995       392280    218453.33
   37823.000     0.999996       392280    262144.00
   37823.000     0.999997       392280    291271.11
   37823.000     0.999997       392280    327680.00
   37823.000     0.999997       392280    374491.43
   39007.000     0.999998       392281    436906.67
   39007.000     1.000000       392281          inf
#[Mean    =     1848.633, StdDeviation   =     1535.540]
#[Max     =    38976.000, Total count    =       392281]
#[Buckets =           27, SubBuckets     =         2048]
----------------------------------------------------------

  Latency Distribution (HdrHistogram - Uncorrected Latency (measured without taking delayed starts into account))
 50.000%  874.00us
 75.000% 1153.00us
 90.000% 1508.00us
 99.000% 4415.00us
 99.900%13151.00us
 99.990%22671.00us
 99.999%28079.00us
100.000%28863.00us

  Detailed Percentile spectrum:
       Value   Percentile   TotalCount 1/(1-Percentile)

     190.000     0.000000            1         1.00
     502.000     0.100000        39316         1.11
     614.000     0.200000        78518         1.25
     706.000     0.300000       117971         1.43
     790.000     0.400000       157385         1.67
     874.000     0.500000       196373         2.00
     919.000     0.550000       215783         2.22
     969.000     0.600000       235625         2.50
    1023.000     0.650000       255129         2.86
    1084.000     0.700000       274735         3.33
    1153.000     0.750000       294436         4.00
    1192.000     0.775000       304245         4.44
    1234.000     0.800000       313910         5.00
    1283.000     0.825000       323703         5.71
    1342.000     0.850000       333527         6.67
    1415.000     0.875000       343319         8.00
    1458.000     0.887500       348185         8.89
    1508.000     0.900000       353129        10.00
    1568.000     0.912500       357980        11.43
    1647.000     0.925000       362862        13.33
    1761.000     0.937500       367777        16.00
    1840.000     0.943750       370224        17.78
    1936.000     0.950000       372669        20.00
    2059.000     0.956250       375148        22.86
    2227.000     0.962500       377587        26.67
    2471.000     0.968750       380038        32.00
    2645.000     0.971875       381250        35.56
    2843.000     0.975000       382481        40.00
    3081.000     0.978125       383704        45.71
    3421.000     0.981250       384929        53.33
    3739.000     0.984375       386160        64.00
    3897.000     0.985938       386767        71.11
    4093.000     0.987500       387380        80.00
    4303.000     0.989062       387996        91.43
    4491.000     0.990625       388604       106.67
    4791.000     0.992188       389222       128.00
    4987.000     0.992969       389525       142.22
    5247.000     0.993750       389835       160.00
    5523.000     0.994531       390137       182.86
    5847.000     0.995313       390445       213.33
    6331.000     0.996094       390750       256.00
    6591.000     0.996484       390904       284.44
    6983.000     0.996875       391058       320.00
    7619.000     0.997266       391209       365.71
    8399.000     0.997656       391363       426.67
    9639.000     0.998047       391515       512.00
   10247.000     0.998242       391593       568.89
   10735.000     0.998437       391669       640.00
   11519.000     0.998633       391746       731.43
   12295.000     0.998828       391823       853.33
   13519.000     0.999023       391898      1024.00
   14607.000     0.999121       391937      1137.78
   15183.000     0.999219       391975      1280.00
   15807.000     0.999316       392013      1462.86
   16575.000     0.999414       392052      1706.67
   17551.000     0.999512       392090      2048.00
   18111.000     0.999561       392109      2275.56
   18319.000     0.999609       392128      2560.00
   19071.000     0.999658       392147      2925.71
   19695.000     0.999707       392167      3413.33
   20319.000     0.999756       392186      4096.00
   20511.000     0.999780       392195      4551.11
   20991.000     0.999805       392205      5120.00
   21391.000     0.999829       392214      5851.43
   21903.000     0.999854       392224      6826.67
   22303.000     0.999878       392234      8192.00
   22431.000     0.999890       392238      9102.22
   22671.000     0.999902       392243     10240.00
   23199.000     0.999915       392248     11702.86
   23567.000     0.999927       392253     13653.33
   24111.000     0.999939       392258     16384.00
   24127.000     0.999945       392260     18204.44
   24207.000     0.999951       392262     20480.00
   24335.000     0.999957       392265     23405.71
   25247.000     0.999963       392267     27306.67
   25903.000     0.999969       392270     32768.00
   25919.000     0.999973       392271     36408.89
   26255.000     0.999976       392272     40960.00
   26367.000     0.999979       392273     46811.43
   27055.000     0.999982       392274     54613.33
   27439.000     0.999985       392276     65536.00
   27439.000     0.999986       392276     72817.78
   28079.000     0.999988       392277     81920.00
   28079.000     0.999989       392277     93622.86
   28351.000     0.999991       392278    109226.67
   28703.000     0.999992       392279    131072.00
   28703.000     0.999993       392279    145635.56
   28703.000     0.999994       392279    163840.00
   28703.000     0.999995       392279    187245.71
   28847.000     0.999995       392280    218453.33
   28847.000     0.999996       392280    262144.00
   28847.000     0.999997       392280    291271.11
   28847.000     0.999997       392280    327680.00
   28847.000     0.999997       392280    374491.43
   28863.000     0.999998       392281    436906.67
   28863.000     1.000000       392281          inf
#[Mean    =     1035.063, StdDeviation   =      921.377]
#[Max     =    28848.000, Total count    =       392281]
#[Buckets =           27, SubBuckets     =         2048]
----------------------------------------------------------
  392302 requests in 10.00s, 32.92MB read
Requests/sec:  39229.05
Transfer/sec:      3.29MB

