Command: /tmp/wrk2/wrk http://10.0.0.4:8000/index.html -c 256 -t 8 -R 7000 -d 10 -L -U
Return code: 0
STDOUT:
Running 10s test @ http://10.0.0.4:8000/index.html
  8 threads and 256 connections
  Thread Stats   Avg      Stdev     Max   +/- Stdev
    Latency   1263.29u  830.26us20816.00u   92.52%
    Req/Sec       -nan      -nan   0.00      0.00%
  Latency Distribution (HdrHistogram - Recorded Latency)
 50.000% 1172.00us
 75.000% 1504.00us
 90.000% 1829.00us
 99.000% 4127.00us
 99.900%11343.00us
 99.990%17551.00us
 99.999%19119.00us
100.000%20831.00us

  Detailed Percentile spectrum:
       Value   Percentile   TotalCount 1/(1-Percentile)

     222.000     0.000000            1         1.00
     602.000     0.100000         6895         1.11
     771.000     0.200000        13797         1.25
     919.000     0.300000        20644         1.43
    1049.000     0.400000        27517         1.67
    1172.000     0.500000        34431         2.00
    1235.000     0.550000        37861         2.22
    1295.000     0.600000        41262         2.50
    1360.000     0.650000        44722         2.86
    1429.000     0.700000        48173         3.33
    1504.000     0.750000        51587         4.00
    1546.000     0.775000        53296         4.44
    1590.000     0.800000        55050         5.00
    1639.000     0.825000        56758         5.71
    1694.000     0.850000        58451         6.67
    1757.000     0.875000        60183         8.00
    1791.000     0.887500        61056         8.89
    1829.000     0.900000        61889        10.00
    1873.000     0.912500        62753        11.43
    1923.000     0.925000        63608        13.33
    1985.000     0.937500        64468        16.00
    2025.000     0.943750        64896        17.78
    2071.000     0.950000        65329        20.00
    2129.000     0.956250        65767        22.86
    2209.000     0.962500        66192        26.67
    2319.000     0.968750        66615        32.00
    2409.000     0.971875        66829        35.56
    2547.000     0.975000        67043        40.00
    2715.000     0.978125        67260        45.71
    2959.000     0.981250        67473        53.33
    3273.000     0.984375        67688        64.00
    3441.000     0.985938        67796        71.11
    3677.000     0.987500        67903        80.00
    3971.000     0.989062        68010        91.43
    4311.000     0.990625        68118       106.67
    4863.000     0.992188        68226       128.00
    5203.000     0.992969        68279       142.22
    5567.000     0.993750        68334       160.00
    6027.000     0.994531        68386       182.86
    6463.000     0.995313        68440       213.33
    7067.000     0.996094        68494       256.00
    7367.000     0.996484        68521       284.44
    7687.000     0.996875        68548       320.00
    8295.000     0.997266        68574       365.71
    8823.000     0.997656        68601       426.67
    9583.000     0.998047        68628       512.00
    9919.000     0.998242        68642       568.89
   10167.000     0.998437        68655       640.00
   10559.000     0.998633        68668       731.43
   11087.000     0.998828        68682       853.33
   11407.000     0.999023        68695      1024.00
   11551.000     0.999121        68703      1137.78
   11631.000     0.999219        68709      1280.00
   11887.000     0.999316        68717      1462.86
   12367.000     0.999414        68722      1706.67
   12823.000     0.999512        68729      2048.00
   12975.000     0.999561        68732      2275.56
   13399.000     0.999609        68736      2560.00
   13815.000     0.999658        68739      2925.71
   14407.000     0.999707        68742      3413.33
   14607.000     0.999756        68746      4096.00
   15135.000     0.999780        68747      4551.11
   15311.000     0.999805        68749      5120.00
   17199.000     0.999829        68751      5851.43
   17295.000     0.999854        68752      6826.67
   17503.000     0.999878        68754      8192.00
   17551.000     0.999890        68755      9102.22
   17663.000     0.999902        68756     10240.00
   17695.000     0.999915        68757     11702.86
   17695.000     0.999927        68757     13653.33
   17839.000     0.999939        68758     16384.00
   18015.000     0.999945        68759     18204.44
   18015.000     0.999951        68759     20480.00
   18207.000     0.999957        68760     23405.71
   18207.000     0.999963        68760     27306.67
   18207.000     0.999969        68760     32768.00
   19119.000     0.999973        68761     36408.89
   19119.000     0.999976        68761     40960.00
   19119.000     0.999979        68761     46811.43
   19119.000     0.999982        68761     54613.33
   19119.000     0.999985        68761     65536.00
   20831.000     0.999986        68762     72817.78
   20831.000     1.000000        68762          inf
#[Mean    =     1263.292, StdDeviation   =      830.256]
#[Max     =    20816.000, Total count    =        68762]
#[Buckets =           27, SubBuckets     =         2048]
----------------------------------------------------------

  Latency Distribution (HdrHistogram - Uncorrected Latency (measured without taking delayed starts into account))
 50.000%  394.00us
 75.000%  496.00us
 90.000%  660.00us
 99.000% 3317.00us
 99.900% 9991.00us
 99.990%17119.00us
 99.999%18127.00us
100.000%19407.00us

  Detailed Percentile spectrum:
       Value   Percentile   TotalCount 1/(1-Percentile)

     196.000     0.000000            1         1.00
     285.000     0.100000         6998         1.11
     312.000     0.200000        13772         1.25
     339.000     0.300000        20762         1.43
     366.000     0.400000        27674         1.67
     394.000     0.500000        34458         2.00
     410.000     0.550000        37946         2.22
     427.000     0.600000        41312         2.50
     447.000     0.650000        44831         2.86
     469.000     0.700000        48209         3.33
     496.000     0.750000        51588         4.00
     512.000     0.775000        53302         4.44
     532.000     0.800000        55047         5.00
     555.000     0.825000        56781         5.71
     582.000     0.850000        58474         6.67
     615.000     0.875000        60175         8.00
     635.000     0.887500        61029         8.89
     660.000     0.900000        61895        10.00
     686.000     0.912500        62753        11.43
     723.000     0.925000        63622        13.33
     776.000     0.937500        64477        16.00
     816.000     0.943750        64896        17.78
     875.000     0.950000        65328        20.00
     964.000     0.956250        65754        22.86
    1129.000     0.962500        66184        26.67
    1372.000     0.968750        66617        32.00
    1515.000     0.971875        66829        35.56
    1650.000     0.975000        67043        40.00
    1844.000     0.978125        67258        45.71
    2093.000     0.981250        67473        53.33
    2427.000     0.984375        67688        64.00
    2617.000     0.985938        67796        71.11
    2861.000     0.987500        67904        80.00
    3147.000     0.989062        68010        91.43
    3435.000     0.990625        68118       106.67
    3883.000     0.992188        68225       128.00
    4303.000     0.992969        68279       142.22
    4643.000     0.993750        68333       160.00
    5043.000     0.994531        68386       182.86
    5551.000     0.995313        68440       213.33
    6127.000     0.996094        68494       256.00
    6447.000     0.996484        68521       284.44
    6823.000     0.996875        68548       320.00
    7175.000     0.997266        68574       365.71
    7599.000     0.997656        68601       426.67
    8231.000     0.998047        68628       512.00
    8575.000     0.998242        68643       568.89
    8887.000     0.998437        68655       640.00
    9303.000     0.998633        68669       731.43
    9599.000     0.998828        68682       853.33
   10023.000     0.999023        68695      1024.00
   10631.000     0.999121        68702      1137.78
   10935.000     0.999219        68709      1280.00
   11223.000     0.999316        68715      1462.86
   11511.000     0.999414        68722      1706.67
   12239.000     0.999512        68729      2048.00
   12319.000     0.999561        68732      2275.56
   12775.000     0.999609        68736      2560.00
   12927.000     0.999658        68739      2925.71
   13071.000     0.999707        68742      3413.33
   14175.000     0.999756        68746      4096.00
   14255.000     0.999780        68747      4551.11
   14599.000     0.999805        68749      5120.00
   16199.000     0.999829        68751      5851.43
   16687.000     0.999854        68753      6826.67
   16847.000     0.999878        68754      8192.00
   17119.000     0.999890        68755      9102.22
   17199.000     0.999902        68756     10240.00
   17215.000     0.999915        68757     11702.86
   17215.000     0.999927        68757     13653.33
   17295.000     0.999939        68758     16384.00
   17375.000     0.999945        68759     18204.44
   17375.000     0.999951        68759     20480.00
   17455.000     0.999957        68760     23405.71
   17455.000     0.999963        68760     27306.67
   17455.000     0.999969        68760     32768.00
   18127.000     0.999973        68761     36408.89
   18127.000     0.999976        68761     40960.00
   18127.000     0.999979        68761     46811.43
   18127.000     0.999982        68761     54613.33
   18127.000     0.999985        68761     65536.00
   19407.000     0.999986        68762     72817.78
   19407.000     1.000000        68762          inf
#[Mean    =      519.189, StdDeviation   =      704.334]
#[Max     =    19392.000, Total count    =        68762]
#[Buckets =           27, SubBuckets     =         2048]
----------------------------------------------------------
  68772 requests in 10.00s, 5.77MB read
Requests/sec:   6876.86
Transfer/sec:    590.98KB

