Command: /tmp/wrk2/wrk http://10.0.0.4:8000/index.html -c 1 -t 1 -R 1000 -d 10 -L -U
Return code: 0
STDOUT:
Running 10s test @ http://10.0.0.4:8000/index.html
  1 threads and 1 connections
  Thread Stats   Avg      Stdev     Max   +/- Stdev
    Latency   1284.86u 1110.01us17568.00u   96.42%
    Req/Sec       -nan      -nan   0.00      0.00%
  Latency Distribution (HdrHistogram - Recorded Latency)
 50.000% 1163.00us
 75.000% 1528.00us
 90.000% 1892.00us
 99.000% 4967.00us
 99.900%15079.00us
 99.990%17503.00us
 99.999%17583.00us
100.000%17583.00us

  Detailed Percentile spectrum:
       Value   Percentile   TotalCount 1/(1-Percentile)

     197.000     0.000000            1         1.00
     491.000     0.100000         1002         1.11
     706.000     0.200000         2005         1.25
     876.000     0.300000         3005         1.43
    1027.000     0.400000         4002         1.67
    1163.000     0.500000         5010         2.00
    1222.000     0.550000         5501         2.22
    1297.000     0.600000         6005         2.50
    1370.000     0.650000         6505         2.86
    1446.000     0.700000         7004         3.33
    1528.000     0.750000         7502         4.00
    1572.000     0.775000         7751         4.44
    1620.000     0.800000         8003         5.00
    1678.000     0.825000         8256         5.71
    1735.000     0.850000         8502         6.67
    1804.000     0.875000         8752         8.00
    1845.000     0.887500         8875         8.89
    1892.000     0.900000         9004        10.00
    1940.000     0.912500         9126        11.43
    2003.000     0.925000         9251        13.33
    2085.000     0.937500         9375        16.00
    2133.000     0.943750         9437        17.78
    2189.000     0.950000         9501        20.00
    2235.000     0.956250         9562        22.86
    2355.000     0.962500         9626        26.67
    2541.000     0.968750         9688        32.00
    2697.000     0.971875         9718        35.56
    2897.000     0.975000         9750        40.00
    3129.000     0.978125         9781        45.71
    3413.000     0.981250         9812        53.33
    3861.000     0.984375         9843        64.00
    4143.000     0.985938         9859        71.11
    4447.000     0.987500         9876        80.00
    4859.000     0.989062         9890        91.43
    5127.000     0.990625         9906       106.67
    6119.000     0.992188         9921       128.00
    7091.000     0.992969         9929       142.22
    8191.000     0.993750         9937       160.00
    8991.000     0.994531         9945       182.86
    9655.000     0.995313         9953       213.33
   10663.000     0.996094         9960       256.00
   11359.000     0.996484         9964       284.44
   12151.000     0.996875         9969       320.00
   12551.000     0.997266         9972       365.71
   13111.000     0.997656         9976       426.67
   13703.000     0.998047         9980       512.00
   14047.000     0.998242         9982       568.89
   14383.000     0.998437         9984       640.00
   14511.000     0.998633         9986       731.43
   14999.000     0.998828         9988       853.33
   15207.000     0.999023         9990      1024.00
   15463.000     0.999121         9991      1137.78
   15631.000     0.999219         9992      1280.00
   15863.000     0.999316         9993      1462.86
   16375.000     0.999414         9994      1706.67
   16591.000     0.999512         9995      2048.00
   16591.000     0.999561         9995      2275.56
   17119.000     0.999609         9996      2560.00
   17119.000     0.999658         9996      2925.71
   17295.000     0.999707         9997      3413.33
   17295.000     0.999756         9997      4096.00
   17295.000     0.999780         9997      4551.11
   17503.000     0.999805         9998      5120.00
   17503.000     0.999829         9998      5851.43
   17503.000     0.999854         9998      6826.67
   17503.000     0.999878         9998      8192.00
   17503.000     0.999890         9998      9102.22
   17583.000     0.999902         9999     10240.00
   17583.000     1.000000         9999          inf
#[Mean    =     1284.861, StdDeviation   =     1110.011]
#[Max     =    17568.000, Total count    =         9999]
#[Buckets =           27, SubBuckets     =         2048]
----------------------------------------------------------

  Latency Distribution (HdrHistogram - Uncorrected Latency (measured without taking delayed starts into account))
 50.000%  421.00us
 75.000%  598.00us
 90.000%  776.00us
 99.000% 1724.00us
 99.900% 4359.00us
 99.990%12239.00us
 99.999%17023.00us
100.000%17023.00us

  Detailed Percentile spectrum:
       Value   Percentile   TotalCount 1/(1-Percentile)

     182.000     0.000000            1         1.00
     243.000     0.100000         1015         1.11
     275.000     0.200000         2002         1.25
     319.000     0.300000         3000         1.43
     367.000     0.400000         4007         1.67
     421.000     0.500000         5001         2.00
     454.000     0.550000         5509         2.22
     485.000     0.600000         6003         2.50
     522.000     0.650000         6514         2.86
     559.000     0.700000         7001         3.33
     598.000     0.750000         7502         4.00
     620.000     0.775000         7751         4.44
     648.000     0.800000         8005         5.00
     672.000     0.825000         8250         5.71
     702.000     0.850000         8506         6.67
     737.000     0.875000         8750         8.00
     756.000     0.887500         8877         8.89
     777.000     0.900000         9005        10.00
     801.000     0.912500         9125        11.43
     828.000     0.925000         9251        13.33
     861.000     0.937500         9376        16.00
     878.000     0.943750         9437        17.78
     912.000     0.950000         9502        20.00
     944.000     0.956250         9562        22.86
     992.000     0.962500         9625        26.67
    1046.000     0.968750         9687        32.00
    1090.000     0.971875         9718        35.56
    1135.000     0.975000         9750        40.00
    1318.000     0.978125         9781        45.71
    1397.000     0.981250         9812        53.33
    1484.000     0.984375         9843        64.00
    1540.000     0.985938         9859        71.11
    1598.000     0.987500         9875        80.00
    1680.000     0.989062         9890        91.43
    1772.000     0.990625         9906       106.67
    1895.000     0.992188         9921       128.00
    1972.000     0.992969         9929       142.22
    2091.000     0.993750         9937       160.00
    2287.000     0.994531         9945       182.86
    2727.000     0.995313         9953       213.33
    2915.000     0.996094         9960       256.00
    3057.000     0.996484         9964       284.44
    3143.000     0.996875         9968       320.00
    3469.000     0.997266         9972       365.71
    3671.000     0.997656         9976       426.67
    3987.000     0.998047         9980       512.00
    4055.000     0.998242         9982       568.89
    4159.000     0.998437         9984       640.00
    4243.000     0.998633         9986       731.43
    4307.000     0.998828         9988       853.33
    4579.000     0.999023         9990      1024.00
    4787.000     0.999121         9991      1137.78
    4927.000     0.999219         9992      1280.00
    5023.000     0.999316         9993      1462.86
    5331.000     0.999414         9994      1706.67
    6023.000     0.999512         9995      2048.00
    6023.000     0.999561         9995      2275.56
    9711.000     0.999609         9996      2560.00
    9711.000     0.999658         9996      2925.71
    9807.000     0.999707         9997      3413.33
    9807.000     0.999756         9997      4096.00
    9807.000     0.999780         9997      4551.11
   12239.000     0.999805         9998      5120.00
   12239.000     0.999829         9998      5851.43
   12239.000     0.999854         9998      6826.67
   12239.000     0.999878         9998      8192.00
   12239.000     0.999890         9998      9102.22
   17023.000     0.999902         9999     10240.00
   17023.000     1.000000         9999          inf
#[Mean    =      499.047, StdDeviation   =      411.591]
#[Max     =    17008.000, Total count    =         9999]
#[Buckets =           27, SubBuckets     =         2048]
----------------------------------------------------------
  10000 requests in 10.00s, 859.38KB read
Requests/sec:    999.89
Transfer/sec:     85.93KB

