Command: /tmp/wrk2/wrk http://10.0.0.4:8000/index.html -c 1 -t 1 -R 2000 -d 10 -L -U
Return code: 0
STDOUT:
Running 10s test @ http://10.0.0.4:8000/index.html
  1 threads and 1 connections
  Thread Stats   Avg      Stdev     Max   +/- Stdev
    Latency   1635.57u 2010.11us19648.00u   93.49%
    Req/Sec       -nan      -nan   0.00      0.00%
  Latency Distribution (HdrHistogram - Recorded Latency)
 50.000% 1193.00us
 75.000% 1593.00us
 90.000% 2671.00us
 99.000%12479.00us
 99.900%17631.00us
 99.990%19295.00us
 99.999%19663.00us
100.000%19663.00us

  Detailed Percentile spectrum:
       Value   Percentile   TotalCount 1/(1-Percentile)

     186.000     0.000000            1         1.00
     489.000     0.100000         2006         1.11
     683.000     0.200000         4002         1.25
     854.000     0.300000         6004         1.43
    1018.000     0.400000         8006         1.67
    1193.000     0.500000        10006         2.00
    1272.000     0.550000        11000         2.22
    1343.000     0.600000        12002         2.50
    1419.000     0.650000        12991         2.86
    1499.000     0.700000        13993         3.33
    1593.000     0.750000        14992         4.00
    1667.000     0.775000        15492         4.44
    1752.000     0.800000        15989         5.00
    1867.000     0.825000        16490         5.71
    2026.000     0.850000        16991         6.67
    2297.000     0.875000        17487         8.00
    2467.000     0.887500        17740         8.89
    2671.000     0.900000        17988        10.00
    2907.000     0.912500        18240        11.43
    3267.000     0.925000        18487        13.33
    3773.000     0.937500        18736        16.00
    4073.000     0.943750        18861        17.78
    4475.000     0.950000        18987        20.00
    5111.000     0.956250        19111        22.86
    5843.000     0.962500        19237        26.67
    6763.000     0.968750        19361        32.00
    7263.000     0.971875        19423        35.56
    8019.000     0.975000        19486        40.00
    8991.000     0.978125        19548        45.71
    9775.000     0.981250        19612        53.33
   10399.000     0.984375        19673        64.00
   10879.000     0.985938        19706        71.11
   11519.000     0.987500        19736        80.00
   12007.000     0.989062        19767        91.43
   12743.000     0.990625        19798       106.67
   13431.000     0.992188        19829       128.00
   13767.000     0.992969        19845       142.22
   14111.000     0.993750        19861       160.00
   14423.000     0.994531        19876       182.86
   14927.000     0.995313        19892       213.33
   15455.000     0.996094        19908       256.00
   15727.000     0.996484        19915       284.44
   15967.000     0.996875        19923       320.00
   16215.000     0.997266        19931       365.71
   16447.000     0.997656        19939       426.67
   16767.000     0.998047        19946       512.00
   16959.000     0.998242        19950       568.89
   17087.000     0.998437        19954       640.00
   17279.000     0.998633        19958       731.43
   17455.000     0.998828        19962       853.33
   17631.000     0.999023        19966      1024.00
   17743.000     0.999121        19968      1137.78
   17839.000     0.999219        19971      1280.00
   17855.000     0.999316        19973      1462.86
   17871.000     0.999414        19974      1706.67
   18111.000     0.999512        19976      2048.00
   18127.000     0.999561        19977      2275.56
   18271.000     0.999609        19978      2560.00
   18367.000     0.999658        19979      2925.71
   18511.000     0.999707        19980      3413.33
   18783.000     0.999756        19981      4096.00
   18783.000     0.999780        19981      4551.11
   19023.000     0.999805        19982      5120.00
   19023.000     0.999829        19982      5851.43
   19295.000     0.999854        19983      6826.67
   19295.000     0.999878        19983      8192.00
   19295.000     0.999890        19983      9102.22
   19535.000     0.999902        19984     10240.00
   19535.000     0.999915        19984     11702.86
   19535.000     0.999927        19984     13653.33
   19535.000     0.999939        19984     16384.00
   19535.000     0.999945        19984     18204.44
   19663.000     0.999951        19985     20480.00
   19663.000     1.000000        19985          inf
#[Mean    =     1635.571, StdDeviation   =     2010.106]
#[Max     =    19648.000, Total count    =        19985]
#[Buckets =           27, SubBuckets     =         2048]
----------------------------------------------------------

  Latency Distribution (HdrHistogram - Uncorrected Latency (measured without taking delayed starts into account))
 50.000%  301.00us
 75.000%  414.00us
 90.000%  605.00us
 99.000% 1639.00us
 99.900% 4403.00us
 99.990% 6699.00us
 99.999%12207.00us
100.000%12207.00us

  Detailed Percentile spectrum:
       Value   Percentile   TotalCount 1/(1-Percentile)

     175.000     0.000000            2         1.00
     217.000     0.100000         2007         1.11
     236.000     0.200000         4029         1.25
     256.000     0.300000         6048         1.43
     278.000     0.400000         8094         1.67
     301.000     0.500000         9994         2.00
     316.000     0.550000        11033         2.22
     333.000     0.600000        12043         2.50
     353.000     0.650000        13019         2.86
     380.000     0.700000        14010         3.33
     414.000     0.750000        14993         4.00
     435.000     0.775000        15504         4.44
     460.000     0.800000        15997         5.00
     490.000     0.825000        16506         5.71
     523.000     0.850000        16997         6.67
     561.000     0.875000        17490         8.00
     583.000     0.887500        17741         8.89
     605.000     0.900000        17999        10.00
     633.000     0.912500        18243        11.43
     668.000     0.925000        18491        13.33
     709.000     0.937500        18736        16.00
     734.000     0.943750        18864        17.78
     767.000     0.950000        18990        20.00
     803.000     0.956250        19113        22.86
     847.000     0.962500        19236        26.67
     914.000     0.968750        19362        32.00
     947.000     0.971875        19423        35.56
     988.000     0.975000        19487        40.00
    1045.000     0.978125        19549        45.71
    1110.000     0.981250        19613        53.33
    1247.000     0.984375        19673        64.00
    1348.000     0.985938        19704        71.11
    1461.000     0.987500        19737        80.00
    1592.000     0.989062        19767        91.43
    1673.000     0.990625        19798       106.67
    1800.000     0.992188        19829       128.00
    1895.000     0.992969        19845       142.22
    1979.000     0.993750        19861       160.00
    2071.000     0.994531        19876       182.86
    2237.000     0.995313        19892       213.33
    2545.000     0.996094        19907       256.00
    2687.000     0.996484        19915       284.44
    2875.000     0.996875        19923       320.00
    3083.000     0.997266        19931       365.71
    3327.000     0.997656        19939       426.67
    3535.000     0.998047        19946       512.00
    3863.000     0.998242        19950       568.89
    4035.000     0.998437        19954       640.00
    4151.000     0.998633        19958       731.43
    4283.000     0.998828        19962       853.33
    4439.000     0.999023        19966      1024.00
    4459.000     0.999121        19968      1137.78
    4479.000     0.999219        19970      1280.00
    5051.000     0.999316        19972      1462.86
    5255.000     0.999414        19974      1706.67
    5411.000     0.999512        19976      2048.00
    5695.000     0.999561        19977      2275.56
    6059.000     0.999609        19978      2560.00
    6227.000     0.999658        19979      2925.71
    6503.000     0.999707        19980      3413.33
    6571.000     0.999756        19981      4096.00
    6571.000     0.999780        19981      4551.11
    6615.000     0.999805        19982      5120.00
    6615.000     0.999829        19982      5851.43
    6699.000     0.999854        19983      6826.67
    6699.000     0.999878        19983      8192.00
    6699.000     0.999890        19983      9102.22
    8575.000     0.999902        19984     10240.00
    8575.000     0.999915        19984     11702.86
    8575.000     0.999927        19984     13653.33
    8575.000     0.999939        19984     16384.00
    8575.000     0.999945        19984     18204.44
   12207.000     0.999951        19985     20480.00
   12207.000     1.000000        19985          inf
#[Mean    =      385.531, StdDeviation   =      330.271]
#[Max     =    12200.000, Total count    =        19985]
#[Buckets =           27, SubBuckets     =         2048]
----------------------------------------------------------
  19986 requests in 10.00s, 1.68MB read
Requests/sec:   1998.63
Transfer/sec:    171.76KB

