Command: /tmp/wrk2/wrk http://10.10.1.1:8000/index.html -c 32 -t 1 -R 1000 -d 10 -L -U
Return code: 0
STDOUT:
Running 10s test @ http://10.10.1.1:8000/index.html
  1 threads and 32 connections
  Thread Stats   Avg      Stdev     Max   +/- Stdev
    Latency   1057.04u  437.09us2330.00us   61.03%
    Req/Sec       -nan      -nan   0.00      0.00%
  Latency Distribution (HdrHistogram - Recorded Latency)
 50.000% 1037.00us
 75.000% 1402.00us
 90.000% 1664.00us
 99.000% 1967.00us
 99.900% 2171.00us
 99.990% 2303.00us
 99.999% 2331.00us
100.000% 2331.00us

  Detailed Percentile spectrum:
       Value   Percentile   TotalCount 1/(1-Percentile)

     178.000     0.000000            1         1.00
     471.000     0.100000          997         1.11
     631.000     0.200000         1994         1.25
     774.000     0.300000         2988         1.43
     905.000     0.400000         3975         1.67
    1037.000     0.500000         4970         2.00
    1101.000     0.550000         5470         2.22
    1182.000     0.600000         5965         2.50
    1252.000     0.650000         6461         2.86
    1320.000     0.700000         6957         3.33
    1402.000     0.750000         7453         4.00
    1450.000     0.775000         7702         4.44
    1492.000     0.800000         7952         5.00
    1533.000     0.825000         8201         5.71
    1577.000     0.850000         8451         6.67
    1621.000     0.875000         8696         8.00
    1645.000     0.887500         8825         8.89
    1664.000     0.900000         8945        10.00
    1685.000     0.912500         9070        11.43
    1707.000     0.925000         9191        13.33
    1732.000     0.937500         9321        16.00
    1746.000     0.943750         9381        17.78
    1759.000     0.950000         9446        20.00
    1774.000     0.956250         9503        22.86
    1790.000     0.962500         9564        26.67
    1810.000     0.968750         9627        32.00
    1822.000     0.971875         9657        35.56
    1837.000     0.975000         9689        40.00
    1853.000     0.978125         9720        45.71
    1878.000     0.981250         9751        53.33
    1904.000     0.984375         9781        64.00
    1916.000     0.985938         9797        71.11
    1936.000     0.987500         9812        80.00
    1958.000     0.989062         9828        91.43
    1978.000     0.990625         9844       106.67
    1990.000     0.992188         9859       128.00
    1999.000     0.992969         9867       142.22
    2012.000     0.993750         9875       160.00
    2028.000     0.994531         9882       182.86
    2045.000     0.995313         9891       213.33
    2067.000     0.996094         9898       256.00
    2081.000     0.996484         9902       284.44
    2091.000     0.996875         9906       320.00
    2101.000     0.997266         9909       365.71
    2121.000     0.997656         9914       426.67
    2125.000     0.998047         9917       512.00
    2137.000     0.998242         9919       568.89
    2141.000     0.998437         9921       640.00
    2145.000     0.998633         9923       731.43
    2163.000     0.998828         9925       853.33
    2171.000     0.999023         9927      1024.00
    2175.000     0.999121         9928      1137.78
    2189.000     0.999219         9929      1280.00
    2201.000     0.999316         9930      1462.86
    2209.000     0.999414         9931      1706.67
    2223.000     0.999512         9932      2048.00
    2223.000     0.999561         9932      2275.56
    2225.000     0.999609         9933      2560.00
    2225.000     0.999658         9933      2925.71
    2271.000     0.999707         9934      3413.33
    2271.000     0.999756         9934      4096.00
    2271.000     0.999780         9934      4551.11
    2303.000     0.999805         9935      5120.00
    2303.000     0.999829         9935      5851.43
    2303.000     0.999854         9935      6826.67
    2303.000     0.999878         9935      8192.00
    2303.000     0.999890         9935      9102.22
    2331.000     0.999902         9936     10240.00
    2331.000     1.000000         9936          inf
#[Mean    =     1057.037, StdDeviation   =      437.085]
#[Max     =     2330.000, Total count    =         9936]
#[Buckets =           27, SubBuckets     =         2048]
----------------------------------------------------------

  Latency Distribution (HdrHistogram - Uncorrected Latency (measured without taking delayed starts into account))
 50.000%  285.00us
 75.000%  334.00us
 90.000%  377.00us
 99.000%  451.00us
 99.900%  494.00us
 99.990%  518.00us
 99.999%  520.00us
100.000%  520.00us

  Detailed Percentile spectrum:
       Value   Percentile   TotalCount 1/(1-Percentile)

     130.000     0.000000            1         1.00
     216.000     0.100000         1067         1.11
     233.000     0.200000         2002         1.25
     246.000     0.300000         3041         1.43
     260.000     0.400000         3994         1.67
     285.000     0.500000         4985         2.00
     300.000     0.550000         5470         2.22
     312.000     0.600000         5988         2.50
     322.000     0.650000         6531         2.86
     327.000     0.700000         7032         3.33
     334.000     0.750000         7484         4.00
     338.000     0.775000         7730         4.44
     343.000     0.800000         7982         5.00
     349.000     0.825000         8241         5.71
     355.000     0.850000         8465         6.67
     365.000     0.875000         8709         8.00
     371.000     0.887500         8837         8.89
     377.000     0.900000         8943        10.00
     387.000     0.912500         9077        11.43
     396.000     0.925000         9208        13.33
     404.000     0.937500         9315        16.00
     409.000     0.943750         9387        17.78
     413.000     0.950000         9448        20.00
     418.000     0.956250         9505        22.86
     426.000     0.962500         9575        26.67
     430.000     0.968750         9637        32.00
     432.000     0.971875         9660        35.56
     435.000     0.975000         9702        40.00
     437.000     0.978125         9720        45.71
     439.000     0.981250         9750        53.33
     443.000     0.984375         9783        64.00
     446.000     0.985938         9805        71.11
     448.000     0.987500         9816        80.00
     450.000     0.989062         9832        91.43
     452.000     0.990625         9845       106.67
     455.000     0.992188         9862       128.00
     457.000     0.992969         9870       142.22
     458.000     0.993750         9875       160.00
     461.000     0.994531         9887       182.86
     463.000     0.995313         9893       213.33
     466.000     0.996094         9898       256.00
     468.000     0.996484         9902       284.44
     471.000     0.996875         9905       320.00
     474.000     0.997266         9909       365.71
     479.000     0.997656         9913       426.67
     486.000     0.998047         9917       512.00
     488.000     0.998242         9919       568.89
     489.000     0.998437         9921       640.00
     493.000     0.998633         9925       731.43
     493.000     0.998828         9925       853.33
     494.000     0.999023         9928      1024.00
     494.000     0.999121         9928      1137.78
     496.000     0.999219         9930      1280.00
     496.000     0.999316         9930      1462.86
     497.000     0.999414         9931      1706.67
     499.000     0.999512         9932      2048.00
     499.000     0.999561         9932      2275.56
     502.000     0.999609         9933      2560.00
     502.000     0.999658         9933      2925.71
     505.000     0.999707         9934      3413.33
     505.000     0.999756         9934      4096.00
     505.000     0.999780         9934      4551.11
     518.000     0.999805         9935      5120.00
     518.000     0.999829         9935      5851.43
     518.000     0.999854         9935      6826.67
     518.000     0.999878         9935      8192.00
     518.000     0.999890         9935      9102.22
     520.000     0.999902         9936     10240.00
     520.000     1.000000         9936          inf
#[Mean    =      291.052, StdDeviation   =       65.377]
#[Max     =      520.000, Total count    =         9936]
#[Buckets =           27, SubBuckets     =         2048]
----------------------------------------------------------
  9937 requests in 10.00s, 853.96KB read
Requests/sec:    993.66
Transfer/sec:     85.39KB

