Command: /tmp/wrk2/wrk http://10.10.1.1:8000/index.html -c 32 -t 1 -R 6000 -d 10 -L -U
Return code: 0
STDOUT:
Running 10s test @ http://10.10.1.1:8000/index.html
  1 threads and 32 connections
  Thread Stats   Avg      Stdev     Max   +/- Stdev
    Latency   1252.39u  537.56us7668.00us   62.64%
    Req/Sec       -nan      -nan   0.00      0.00%
  Latency Distribution (HdrHistogram - Recorded Latency)
 50.000% 1145.00us
 75.000% 1696.00us
 90.000% 2022.00us
 99.000% 2441.00us
 99.900% 2849.00us
 99.990% 3165.00us
 99.999% 3359.00us
100.000% 7671.00us

  Detailed Percentile spectrum:
       Value   Percentile   TotalCount 1/(1-Percentile)

     150.000     0.000000            1         1.00
     600.000     0.100000         5963         1.11
     759.000     0.200000        11940         1.25
     882.000     0.300000        17912         1.43
    1005.000     0.400000        23846         1.67
    1145.000     0.500000        29771         2.00
    1241.000     0.550000        32773         2.22
    1349.000     0.600000        35729         2.50
    1461.000     0.650000        38713         2.86
    1577.000     0.700000        41688         3.33
    1696.000     0.750000        44676         4.00
    1751.000     0.775000        46159         4.44
    1804.000     0.800000        47654         5.00
    1854.000     0.825000        49142         5.71
    1906.000     0.850000        50622         6.67
    1967.000     0.875000        52118         8.00
    1994.000     0.887500        52855         8.89
    2022.000     0.900000        53592        10.00
    2053.000     0.912500        54371        11.43
    2087.000     0.925000        55108        13.33
    2121.000     0.937500        55822        16.00
    2143.000     0.943750        56203        17.78
    2161.000     0.950000        56567        20.00
    2183.000     0.956250        56940        22.86
    2211.000     0.962500        57319        26.67
    2243.000     0.968750        57688        32.00
    2263.000     0.971875        57871        35.56
    2287.000     0.975000        58055        40.00
    2311.000     0.978125        58243        45.71
    2339.000     0.981250        58424        53.33
    2371.000     0.984375        58620        64.00
    2387.000     0.985938        58712        71.11
    2407.000     0.987500        58803        80.00
    2427.000     0.989062        58899        91.43
    2453.000     0.990625        58985       106.67
    2489.000     0.992188        59077       128.00
    2509.000     0.992969        59124       142.22
    2529.000     0.993750        59169       160.00
    2551.000     0.994531        59215       182.86
    2585.000     0.995313        59264       213.33
    2627.000     0.996094        59308       256.00
    2649.000     0.996484        59331       284.44
    2677.000     0.996875        59355       320.00
    2707.000     0.997266        59380       365.71
    2729.000     0.997656        59402       426.67
    2763.000     0.998047        59424       512.00
    2775.000     0.998242        59436       568.89
    2787.000     0.998437        59450       640.00
    2803.000     0.998633        59461       731.43
    2817.000     0.998828        59471       853.33
    2849.000     0.999023        59484      1024.00
    2867.000     0.999121        59489      1137.78
    2895.000     0.999219        59494      1280.00
    2913.000     0.999316        59501      1462.86
    2951.000     0.999414        59507      1706.67
    2965.000     0.999512        59511      2048.00
    2991.000     0.999561        59514      2275.56
    3021.000     0.999609        59517      2560.00
    3053.000     0.999658        59520      2925.71
    3065.000     0.999707        59523      3413.33
    3081.000     0.999756        59526      4096.00
    3093.000     0.999780        59527      4551.11
    3099.000     0.999805        59529      5120.00
    3109.000     0.999829        59530      5851.43
    3119.000     0.999854        59532      6826.67
    3129.000     0.999878        59533      8192.00
    3165.000     0.999890        59534      9102.22
    3231.000     0.999902        59535     10240.00
    3231.000     0.999915        59535     11702.86
    3241.000     0.999927        59536     13653.33
    3267.000     0.999939        59537     16384.00
    3267.000     0.999945        59537     18204.44
    3353.000     0.999951        59538     20480.00
    3353.000     0.999957        59538     23405.71
    3353.000     0.999963        59538     27306.67
    3359.000     0.999969        59539     32768.00
    3359.000     0.999973        59539     36408.89
    3359.000     0.999976        59539     40960.00
    3359.000     0.999979        59539     46811.43
    3359.000     0.999982        59539     54613.33
    7671.000     0.999985        59540     65536.00
    7671.000     1.000000        59540          inf
#[Mean    =     1252.386, StdDeviation   =      537.565]
#[Max     =     7668.000, Total count    =        59540]
#[Buckets =           27, SubBuckets     =         2048]
----------------------------------------------------------

  Latency Distribution (HdrHistogram - Uncorrected Latency (measured without taking delayed starts into account))
 50.000%  437.00us
 75.000%  536.00us
 90.000%  634.00us
 99.000%  885.00us
 99.900% 1084.00us
 99.990% 1215.00us
 99.999% 3135.00us
100.000% 7423.00us

  Detailed Percentile spectrum:
       Value   Percentile   TotalCount 1/(1-Percentile)

      72.000     0.000000            1         1.00
     282.000     0.100000         6005         1.11
     331.000     0.200000        12054         1.25
     368.000     0.300000        17988         1.43
     403.000     0.400000        23989         1.67
     437.000     0.500000        29844         2.00
     454.000     0.550000        32760         2.22
     472.000     0.600000        35750         2.50
     492.000     0.650000        38807         2.86
     513.000     0.700000        41776         3.33
     536.000     0.750000        44766         4.00
     548.000     0.775000        46184         4.44
     562.000     0.800000        47703         5.00
     576.000     0.825000        49143         5.71
     592.000     0.850000        50612         6.67
     612.000     0.875000        52173         8.00
     622.000     0.887500        52862         8.89
     634.000     0.900000        53593        10.00
     648.000     0.912500        54372        11.43
     664.000     0.925000        55124        13.33
     682.000     0.937500        55836        16.00
     694.000     0.943750        56229        17.78
     706.000     0.950000        56569        20.00
     720.000     0.956250        56950        22.86
     737.000     0.962500        57331        26.67
     756.000     0.968750        57687        32.00
     766.000     0.971875        57869        35.56
     779.000     0.975000        58057        40.00
     793.000     0.978125        58241        45.71
     808.000     0.981250        58427        53.33
     828.000     0.984375        58614        64.00
     841.000     0.985938        58706        71.11
     856.000     0.987500        58799        80.00
     873.000     0.989062        58890        91.43
     893.000     0.990625        58986       106.67
     913.000     0.992188        59075       128.00
     925.000     0.992969        59123       142.22
     939.000     0.993750        59169       160.00
     956.000     0.994531        59215       182.86
     975.000     0.995313        59263       213.33
     990.000     0.996094        59308       256.00
     995.000     0.996484        59331       284.44
    1006.000     0.996875        59356       320.00
    1017.000     0.997266        59379       365.71
    1029.000     0.997656        59402       426.67
    1039.000     0.998047        59425       512.00
    1051.000     0.998242        59436       568.89
    1058.000     0.998437        59449       640.00
    1069.000     0.998633        59462       731.43
    1077.000     0.998828        59471       853.33
    1087.000     0.999023        59485      1024.00
    1089.000     0.999121        59488      1137.78
    1098.000     0.999219        59494      1280.00
    1104.000     0.999316        59500      1462.86
    1113.000     0.999414        59506      1706.67
    1118.000     0.999512        59511      2048.00
    1121.000     0.999561        59514      2275.56
    1125.000     0.999609        59517      2560.00
    1131.000     0.999658        59520      2925.71
    1137.000     0.999707        59523      3413.33
    1140.000     0.999756        59526      4096.00
    1151.000     0.999780        59527      4551.11
    1156.000     0.999805        59529      5120.00
    1168.000     0.999829        59530      5851.43
    1180.000     0.999854        59532      6826.67
    1201.000     0.999878        59533      8192.00
    1215.000     0.999890        59534      9102.22
    1222.000     0.999902        59535     10240.00
    1222.000     0.999915        59535     11702.86
    1225.000     0.999927        59536     13653.33
    1248.000     0.999939        59537     16384.00
    1248.000     0.999945        59537     18204.44
    1288.000     0.999951        59538     20480.00
    1288.000     0.999957        59538     23405.71
    1288.000     0.999963        59538     27306.67
    3135.000     0.999969        59539     32768.00
    3135.000     0.999973        59539     36408.89
    3135.000     0.999976        59539     40960.00
    3135.000     0.999979        59539     46811.43
    3135.000     0.999982        59539     54613.33
    7423.000     0.999985        59540     65536.00
    7423.000     1.000000        59540          inf
#[Mean    =      450.954, StdDeviation   =      148.226]
#[Max     =     7420.000, Total count    =        59540]
#[Buckets =           27, SubBuckets     =         2048]
----------------------------------------------------------
  59541 requests in 10.00s, 5.00MB read
Requests/sec:   5953.23
Transfer/sec:    511.61KB

