Command: /tmp/wrk2/wrk http://10.10.1.1:8000/index.html -c 32 -t 1 -R 70000 -d 10 -L -U
Return code: 0
STDOUT:
Running 10s test @ http://10.10.1.1:8000/index.html
  1 threads and 32 connections
  Thread Stats   Avg      Stdev     Max   +/- Stdev
    Latency   632026.6452306.80u1508352.0   54.81%
    Req/Sec       -nan      -nan   0.00      0.00%
  Latency Distribution (HdrHistogram - Recorded Latency)
 50.000%619519.00u
 75.000%1049599.00
 90.000%1260543.00
 99.000%1405951.00
 99.900%1506303.00
 99.990%1508351.00
 99.999%1509375.00
100.000%1509375.00

  Detailed Percentile spectrum:
       Value   Percentile   TotalCount 1/(1-Percentile)

     103.000     0.000000            1         1.00
   11623.000     0.100000        64879         1.11
  137983.000     0.200000       129823         1.25
  274943.000     0.300000       194834         1.43
  438015.000     0.400000       259538         1.67
  619519.000     0.500000       324502         2.00
  713215.000     0.550000       356974         2.22
  787455.000     0.600000       389356         2.50
  870911.000     0.650000       421862         2.86
  962047.000     0.700000       454310         3.33
 1049599.000     0.750000       486921         4.00
 1084415.000     0.775000       502966         4.44
 1134591.000     0.800000       519557         5.00
 1163263.000     0.825000       535369         5.71
 1204223.000     0.850000       551506         6.67
 1223679.000     0.875000       568128         8.00
 1241087.000     0.887500       576254         8.89
 1260543.000     0.900000       584080        10.00
 1266687.000     0.912500       592575        11.43
 1282047.000     0.925000       600493        13.33
 1289215.000     0.937500       608731        16.00
 1296383.000     0.943750       612384        17.78
 1316863.000     0.950000       616342        20.00
 1333247.000     0.956250       620511        22.86
 1349631.000     0.962500       624521        26.67
 1362943.000     0.968750       629070        32.00
 1366015.000     0.971875       630646        35.56
 1369087.000     0.975000       633114        40.00
 1372159.000     0.978125       635094        45.71
 1376255.000     0.981250       636781        53.33
 1382399.000     0.984375       638697        64.00
 1386495.000     0.985938       639673        71.11
 1394687.000     0.987500       640716        80.00
 1404927.000     0.989062       641798        91.43
 1407999.000     0.990625       642727       106.67
 1418239.000     0.992188       644050       128.00
 1419263.000     0.992969       644219       142.22
 1428479.000     0.993750       644772       160.00
 1440767.000     0.994531       645253       182.86
 1457151.000     0.995313       645748       213.33
 1471487.000     0.996094       646260       256.00
 1476607.000     0.996484       646568       284.44
 1480703.000     0.996875       646787       320.00
 1486847.000     0.997266       647004       365.71
 1494015.000     0.997656       647348       426.67
 1500159.000     0.998047       647587       512.00
 1501183.000     0.998242       647867       568.89
 1501183.000     0.998437       647867       640.00
 1502207.000     0.998633       647960       731.43
 1505279.000     0.998828       648059       853.33
 1506303.000     0.999023       648173      1024.00
 1507327.000     0.999121       648472      1137.78
 1507327.000     0.999219       648472      1280.00
 1507327.000     0.999316       648472      1462.86
 1507327.000     0.999414       648472      1706.67
 1507327.000     0.999512       648472      2048.00
 1508351.000     0.999561       648753      2275.56
 1508351.000     0.999609       648753      2560.00
 1508351.000     0.999658       648753      2925.71
 1508351.000     0.999707       648753      3413.33
 1508351.000     0.999756       648753      4096.00
 1508351.000     0.999780       648753      4551.11
 1508351.000     0.999805       648753      5120.00
 1508351.000     0.999829       648753      5851.43
 1508351.000     0.999854       648753      6826.67
 1508351.000     0.999878       648753      8192.00
 1508351.000     0.999890       648753      9102.22
 1508351.000     0.999902       648753     10240.00
 1508351.000     0.999915       648753     11702.86
 1508351.000     0.999927       648753     13653.33
 1508351.000     0.999939       648753     16384.00
 1508351.000     0.999945       648753     18204.44
 1508351.000     0.999951       648753     20480.00
 1508351.000     0.999957       648753     23405.71
 1509375.000     0.999963       648778     27306.67
 1509375.000     1.000000       648778          inf
#[Mean    =   632026.600, StdDeviation   =   452306.804]
#[Max     =  1508352.000, Total count    =       648778]
#[Buckets =           27, SubBuckets     =         2048]
----------------------------------------------------------

  Latency Distribution (HdrHistogram - Uncorrected Latency (measured without taking delayed starts into account))
 50.000%  445.00us
 75.000%  519.00us
 90.000%  652.00us
 99.000%  762.00us
 99.900%  857.00us
 99.990%  976.00us
 99.999% 1069.00us
100.000% 1109.00us

  Detailed Percentile spectrum:
       Value   Percentile   TotalCount 1/(1-Percentile)

      43.000     0.000000            1         1.00
     343.000     0.100000        64925         1.11
     392.000     0.200000       130267         1.25
     414.000     0.300000       195924         1.43
     430.000     0.400000       261365         1.67
     445.000     0.500000       325961         2.00
     453.000     0.550000       357408         2.22
     463.000     0.600000       391031         2.50
     475.000     0.650000       423640         2.86
     491.000     0.700000       454746         3.33
     519.000     0.750000       487038         4.00
     539.000     0.775000       503121         4.44
     564.000     0.800000       519221         5.00
     591.000     0.825000       535324         5.71
     615.000     0.850000       551996         6.67
     634.000     0.875000       567773         8.00
     643.000     0.887500       575897         8.89
     652.000     0.900000       584148        10.00
     661.000     0.912500       592202        11.43
     671.000     0.925000       600923        13.33
     681.000     0.937500       608770        16.00
     686.000     0.943750       612333        17.78
     692.000     0.950000       616405        20.00
     699.000     0.956250       620818        22.86
     706.000     0.962500       624751        26.67
     714.000     0.968750       628644        32.00
     719.000     0.971875       630835        35.56
     724.000     0.975000       632790        40.00
     730.000     0.978125       634892        45.71
     736.000     0.981250       636678        53.33
     744.000     0.984375       638782        64.00
     748.000     0.985938       639683        71.11
     753.000     0.987500       640708        80.00
     759.000     0.989062       641831        91.43
     765.000     0.990625       642716       106.67
     773.000     0.992188       643761       128.00
     778.000     0.992969       644281       142.22
     783.000     0.993750       644810       160.00
     788.000     0.994531       645230       182.86
     795.000     0.995313       645799       213.33
     802.000     0.996094       646257       256.00
     807.000     0.996484       646529       284.44
     811.000     0.996875       646752       320.00
     817.000     0.997266       647025       365.71
     823.000     0.997656       647276       426.67
     830.000     0.998047       647520       512.00
     835.000     0.998242       647663       568.89
     839.000     0.998437       647779       640.00
     844.000     0.998633       647898       731.43
     851.000     0.998828       648024       853.33
     858.000     0.999023       648151      1024.00
     863.000     0.999121       648217      1137.78
     868.000     0.999219       648280      1280.00
     873.000     0.999316       648335      1462.86
     881.000     0.999414       648399      1706.67
     891.000     0.999512       648468      2048.00
     895.000     0.999561       648497      2275.56
     899.000     0.999609       648528      2560.00
     905.000     0.999658       648557      2925.71
     913.000     0.999707       648589      3413.33
     923.000     0.999756       648623      4096.00
     929.000     0.999780       648639      4551.11
     936.000     0.999805       648655      5120.00
     941.000     0.999829       648668      5851.43
     953.000     0.999854       648684      6826.67
     962.000     0.999878       648701      8192.00
     966.000     0.999890       648707      9102.22
     979.000     0.999902       648715     10240.00
     989.000     0.999915       648726     11702.86
     992.000     0.999927       648732     13653.33
    1001.000     0.999939       648739     16384.00
    1004.000     0.999945       648743     18204.44
    1009.000     0.999951       648747     20480.00
    1014.000     0.999957       648752     23405.71
    1031.000     0.999963       648755     27306.67
    1038.000     0.999969       648759     32768.00
    1044.000     0.999973       648761     36408.89
    1045.000     0.999976       648763     40960.00
    1053.000     0.999979       648766     46811.43
    1057.000     0.999982       648767     54613.33
    1061.000     0.999985       648769     65536.00
    1065.000     0.999986       648770     72817.78
    1066.000     0.999988       648771     81920.00
    1069.000     0.999989       648772     93622.86
    1071.000     0.999991       648773    109226.67
    1077.000     0.999992       648774    131072.00
    1077.000     0.999993       648774    145635.56
    1080.000     0.999994       648775    163840.00
    1080.000     0.999995       648775    187245.71
    1082.000     0.999995       648776    218453.33
    1082.000     0.999996       648776    262144.00
    1082.000     0.999997       648776    291271.11
    1108.000     0.999997       648777    327680.00
    1108.000     0.999997       648777    374491.43
    1108.000     0.999998       648777    436906.67
    1108.000     0.999998       648777    524288.00
    1108.000     0.999998       648777    582542.22
    1109.000     0.999998       648778    655360.00
    1109.000     1.000000       648778          inf
#[Mean    =      469.505, StdDeviation   =      114.946]
#[Max     =     1109.000, Total count    =       648778]
#[Buckets =           27, SubBuckets     =         2048]
----------------------------------------------------------
  648779 requests in 10.00s, 54.45MB read
Requests/sec:  64877.26
Transfer/sec:      5.44MB

