Command: /tmp/wrk2/wrk http://10.10.1.1:8000/index.html -c 32 -t 1 -R 4000 -d 10 -L -U
Return code: 0
STDOUT:
Running 10s test @ http://10.10.1.1:8000/index.html
  1 threads and 32 connections
  Thread Stats   Avg      Stdev     Max   +/- Stdev
    Latency   1196.40u  508.09us7216.00us   62.02%
    Req/Sec       -nan      -nan   0.00      0.00%
  Latency Distribution (HdrHistogram - Recorded Latency)
 50.000% 1184.00us
 75.000% 1606.00us
 90.000% 1872.00us
 99.000% 2265.00us
 99.900% 2495.00us
 99.990% 2605.00us
 99.999% 7219.00us
100.000% 7219.00us

  Detailed Percentile spectrum:
       Value   Percentile   TotalCount 1/(1-Percentile)

     178.000     0.000000            1         1.00
     506.000     0.100000         3988         1.11
     708.000     0.200000         7954         1.25
     861.000     0.300000        11927         1.43
    1009.000     0.400000        15881         1.67
    1184.000     0.500000        19854         2.00
    1265.000     0.550000        21852         2.22
    1346.000     0.600000        23824         2.50
    1430.000     0.650000        25830         2.86
    1515.000     0.700000        27801         3.33
    1606.000     0.750000        29795         4.00
    1646.000     0.775000        30769         4.44
    1687.000     0.800000        31761         5.00
    1733.000     0.825000        32782         5.71
    1778.000     0.850000        33744         6.67
    1822.000     0.875000        34736         8.00
    1846.000     0.887500        35251         8.89
    1872.000     0.900000        35735        10.00
    1903.000     0.912500        36233        11.43
    1939.000     0.925000        36727        13.33
    1980.000     0.937500        37226        16.00
    2001.000     0.943750        37474        17.78
    2025.000     0.950000        37719        20.00
    2053.000     0.956250        37973        22.86
    2079.000     0.962500        38218        26.67
    2107.000     0.968750        38460        32.00
    2123.000     0.971875        38593        35.56
    2141.000     0.975000        38716        40.00
    2161.000     0.978125        38836        45.71
    2185.000     0.981250        38964        53.33
    2207.000     0.984375        39081        64.00
    2225.000     0.985938        39148        71.11
    2241.000     0.987500        39208        80.00
    2255.000     0.989062        39266        91.43
    2275.000     0.990625        39332       106.67
    2295.000     0.992188        39394       128.00
    2307.000     0.992969        39420       142.22
    2323.000     0.993750        39453       160.00
    2339.000     0.994531        39482       182.86
    2355.000     0.995313        39516       213.33
    2369.000     0.996094        39543       256.00
    2379.000     0.996484        39561       284.44
    2389.000     0.996875        39576       320.00
    2405.000     0.997266        39590       365.71
    2419.000     0.997656        39608       426.67
    2443.000     0.998047        39624       512.00
    2449.000     0.998242        39629       568.89
    2457.000     0.998437        39636       640.00
    2465.000     0.998633        39644       731.43
    2475.000     0.998828        39652       853.33
    2497.000     0.999023        39661      1024.00
    2503.000     0.999121        39666      1137.78
    2505.000     0.999219        39668      1280.00
    2513.000     0.999316        39671      1462.86
    2529.000     0.999414        39676      1706.67
    2537.000     0.999512        39679      2048.00
    2539.000     0.999561        39681      2275.56
    2547.000     0.999609        39683      2560.00
    2557.000     0.999658        39685      2925.71
    2561.000     0.999707        39687      3413.33
    2567.000     0.999756        39689      4096.00
    2587.000     0.999780        39690      4551.11
    2595.000     0.999805        39691      5120.00
    2597.000     0.999829        39692      5851.43
    2605.000     0.999854        39694      6826.67
    2605.000     0.999878        39694      8192.00
    2605.000     0.999890        39694      9102.22
    2611.000     0.999902        39695     10240.00
    2611.000     0.999915        39695     11702.86
    2691.000     0.999927        39696     13653.33
    2691.000     0.999939        39696     16384.00
    2691.000     0.999945        39696     18204.44
    2901.000     0.999951        39697     20480.00
    2901.000     0.999957        39697     23405.71
    2901.000     0.999963        39697     27306.67
    2901.000     0.999969        39697     32768.00
    2901.000     0.999973        39697     36408.89
    7219.000     0.999976        39698     40960.00
    7219.000     1.000000        39698          inf
#[Mean    =     1196.399, StdDeviation   =      508.086]
#[Max     =     7216.000, Total count    =        39698]
#[Buckets =           27, SubBuckets     =         2048]
----------------------------------------------------------

  Latency Distribution (HdrHistogram - Uncorrected Latency (measured without taking delayed starts into account))
 50.000%  364.00us
 75.000%  422.00us
 90.000%  468.00us
 99.000%  544.00us
 99.900%  597.00us
 99.990%  703.00us
 99.999% 7015.00us
100.000% 7015.00us

  Detailed Percentile spectrum:
       Value   Percentile   TotalCount 1/(1-Percentile)

     114.000     0.000000            1         1.00
     252.000     0.100000         4059         1.11
     286.000     0.200000         7975         1.25
     314.000     0.300000        11940         1.43
     340.000     0.400000        15913         1.67
     364.000     0.500000        19925         2.00
     376.000     0.550000        21964         2.22
     387.000     0.600000        23848         2.50
     398.000     0.650000        25861         2.86
     410.000     0.700000        27947         3.33
     422.000     0.750000        29885         4.00
     428.000     0.775000        30860         4.44
     434.000     0.800000        31767         5.00
     442.000     0.825000        32868         5.71
     450.000     0.850000        33851         6.67
     458.000     0.875000        34789         8.00
     463.000     0.887500        35290         8.89
     468.000     0.900000        35798        10.00
     474.000     0.912500        36274        11.43
     480.000     0.925000        36754        13.33
     487.000     0.937500        37225        16.00
     491.000     0.943750        37488        17.78
     495.000     0.950000        37732        20.00
     500.000     0.956250        37974        22.86
     506.000     0.962500        38253        26.67
     512.000     0.968750        38481        32.00
     515.000     0.971875        38591        35.56
     519.000     0.975000        38723        40.00
     523.000     0.978125        38837        45.71
     528.000     0.981250        38993        53.33
     532.000     0.984375        39083        64.00
     535.000     0.985938        39152        71.11
     538.000     0.987500        39212        80.00
     542.000     0.989062        39282        91.43
     546.000     0.990625        39338       106.67
     550.000     0.992188        39390       128.00
     554.000     0.992969        39423       142.22
     557.000     0.993750        39450       160.00
     560.000     0.994531        39483       182.86
     564.000     0.995313        39513       213.33
     569.000     0.996094        39548       256.00
     571.000     0.996484        39562       284.44
     574.000     0.996875        39574       320.00
     578.000     0.997266        39590       365.71
     581.000     0.997656        39606       426.67
     585.000     0.998047        39621       512.00
     588.000     0.998242        39630       568.89
     591.000     0.998437        39641       640.00
     592.000     0.998633        39644       731.43
     595.000     0.998828        39654       853.33
     599.000     0.999023        39660      1024.00
     601.000     0.999121        39665      1137.78
     604.000     0.999219        39668      1280.00
     608.000     0.999316        39671      1462.86
     615.000     0.999414        39679      1706.67
     615.000     0.999512        39679      2048.00
     617.000     0.999561        39683      2275.56
     617.000     0.999609        39683      2560.00
     622.000     0.999658        39685      2925.71
     624.000     0.999707        39687      3413.33
     640.000     0.999756        39689      4096.00
     644.000     0.999780        39690      4551.11
     663.000     0.999805        39691      5120.00
     669.000     0.999829        39692      5851.43
     681.000     0.999854        39693      6826.67
     703.000     0.999878        39694      8192.00
     703.000     0.999890        39694      9102.22
     720.000     0.999902        39695     10240.00
     720.000     0.999915        39695     11702.86
     765.000     0.999927        39696     13653.33
     765.000     0.999939        39696     16384.00
     765.000     0.999945        39696     18204.44
    2777.000     0.999951        39697     20480.00
    2777.000     0.999957        39697     23405.71
    2777.000     0.999963        39697     27306.67
    2777.000     0.999969        39697     32768.00
    2777.000     0.999973        39697     36408.89
    7015.000     0.999976        39698     40960.00
    7015.000     1.000000        39698          inf
#[Mean    =      362.555, StdDeviation   =       89.468]
#[Max     =     7012.000, Total count    =        39698]
#[Buckets =           27, SubBuckets     =         2048]
----------------------------------------------------------
  39699 requests in 10.00s, 3.33MB read
Requests/sec:   3969.69
Transfer/sec:    341.15KB

