Command: /tmp/wrk2/wrk http://10.10.1.1:8000/index.html -c 32 -t 1 -R 50000 -d 10 -L -U
Return code: 0
STDOUT:
Running 10s test @ http://10.10.1.1:8000/index.html
  1 threads and 32 connections
  Thread Stats   Avg      Stdev     Max   +/- Stdev
    Latency   979.22us  519.21us3736.00us   75.55%
    Req/Sec       -nan      -nan   0.00      0.00%
  Latency Distribution (HdrHistogram - Recorded Latency)
 50.000%  882.00us
 75.000% 1223.00us
 90.000% 1616.00us
 99.000% 2697.00us
 99.900% 3135.00us
 99.990% 3475.00us
 99.999% 3641.00us
100.000% 3737.00us

  Detailed Percentile spectrum:
       Value   Percentile   TotalCount 1/(1-Percentile)

      69.000     0.000000            1         1.00
     438.000     0.100000        49895         1.11
     548.000     0.200000        99506         1.25
     649.000     0.300000       149118         1.43
     760.000     0.400000       198487         1.67
     882.000     0.500000       248366         2.00
     943.000     0.550000       273247         2.22
    1005.000     0.600000       297866         2.50
    1072.000     0.650000       322578         2.86
    1144.000     0.700000       347260         3.33
    1223.000     0.750000       372361         4.00
    1264.000     0.775000       384461         4.44
    1311.000     0.800000       397043         5.00
    1364.000     0.825000       409462         5.71
    1427.000     0.850000       421824         6.67
    1505.000     0.875000       434125         8.00
    1554.000     0.887500       440267         8.89
    1616.000     0.900000       446472        10.00
    1699.000     0.912500       452704        11.43
    1811.000     0.925000       458897        13.33
    1943.000     0.937500       465082        16.00
    2015.000     0.943750       468173        17.78
    2093.000     0.950000       471298        20.00
    2171.000     0.956250       474452        22.86
    2251.000     0.962500       477533        26.67
    2335.000     0.968750       480629        32.00
    2377.000     0.971875       482151        35.56
    2425.000     0.975000       483697        40.00
    2475.000     0.978125       485274        45.71
    2523.000     0.981250       486792        53.33
    2577.000     0.984375       488327        64.00
    2607.000     0.985938       489096        71.11
    2641.000     0.987500       489891        80.00
    2677.000     0.989062       490668        91.43
    2713.000     0.990625       491429       106.67
    2755.000     0.992188       492216       128.00
    2775.000     0.992969       492583       142.22
    2801.000     0.993750       492990       160.00
    2829.000     0.994531       493385       182.86
    2859.000     0.995313       493752       213.33
    2897.000     0.996094       494150       256.00
    2915.000     0.996484       494334       284.44
    2937.000     0.996875       494537       320.00
    2961.000     0.997266       494719       365.71
    2989.000     0.997656       494917       426.67
    3023.000     0.998047       495104       512.00
    3041.000     0.998242       495205       568.89
    3061.000     0.998437       495300       640.00
    3083.000     0.998633       495394       731.43
    3111.000     0.998828       495497       853.33
    3139.000     0.999023       495587      1024.00
    3161.000     0.999121       495637      1137.78
    3179.000     0.999219       495683      1280.00
    3203.000     0.999316       495733      1462.86
    3233.000     0.999414       495781      1706.67
    3263.000     0.999512       495830      2048.00
    3283.000     0.999561       495854      2275.56
    3303.000     0.999609       495878      2560.00
    3323.000     0.999658       495901      2925.71
    3333.000     0.999707       495929      3413.33
    3365.000     0.999756       495950      4096.00
    3377.000     0.999780       495963      4551.11
    3389.000     0.999805       495975      5120.00
    3403.000     0.999829       495987      5851.43
    3417.000     0.999854       495998      6826.67
    3447.000     0.999878       496010      8192.00
    3469.000     0.999890       496018      9102.22
    3479.000     0.999902       496022     10240.00
    3489.000     0.999915       496029     11702.86
    3501.000     0.999927       496034     13653.33
    3511.000     0.999939       496040     16384.00
    3521.000     0.999945       496043     18204.44
    3537.000     0.999951       496046     20480.00
    3559.000     0.999957       496049     23405.71
    3583.000     0.999963       496053     27306.67
    3595.000     0.999969       496055     32768.00
    3603.000     0.999973       496057     36408.89
    3605.000     0.999976       496059     40960.00
    3607.000     0.999979       496060     46811.43
    3609.000     0.999982       496061     54613.33
    3615.000     0.999985       496063     65536.00
    3635.000     0.999986       496064     72817.78
    3635.000     0.999988       496064     81920.00
    3641.000     0.999989       496065     93622.86
    3655.000     0.999991       496066    109226.67
    3659.000     0.999992       496067    131072.00
    3659.000     0.999993       496067    145635.56
    3659.000     0.999994       496067    163840.00
    3719.000     0.999995       496068    187245.71
    3719.000     0.999995       496068    218453.33
    3727.000     0.999996       496069    262144.00
    3727.000     0.999997       496069    291271.11
    3727.000     0.999997       496069    327680.00
    3727.000     0.999997       496069    374491.43
    3727.000     0.999998       496069    436906.67
    3737.000     0.999998       496070    524288.00
    3737.000     1.000000       496070          inf
#[Mean    =      979.219, StdDeviation   =      519.214]
#[Max     =     3736.000, Total count    =       496070]
#[Buckets =           27, SubBuckets     =         2048]
----------------------------------------------------------

  Latency Distribution (HdrHistogram - Uncorrected Latency (measured without taking delayed starts into account))
 50.000%  394.00us
 75.000%  497.00us
 90.000%  586.00us
 99.000%  719.00us
 99.900%  836.00us
 99.990%  981.00us
 99.999% 1386.00us
100.000% 1464.00us

  Detailed Percentile spectrum:
       Value   Percentile   TotalCount 1/(1-Percentile)

      57.000     0.000000            1         1.00
     228.000     0.100000        50008         1.11
     274.000     0.200000       100358         1.25
     314.000     0.300000       148886         1.43
     354.000     0.400000       198634         1.67
     394.000     0.500000       249315         2.00
     413.000     0.550000       274101         2.22
     432.000     0.600000       298449         2.50
     452.000     0.650000       323139         2.86
     473.000     0.700000       347395         3.33
     497.000     0.750000       373045         4.00
     509.000     0.775000       384714         4.44
     522.000     0.800000       396995         5.00
     536.000     0.825000       409439         5.71
     551.000     0.850000       421859         6.67
     568.000     0.875000       434651         8.00
     576.000     0.887500       440308         8.89
     586.000     0.900000       446921        10.00
     596.000     0.912500       453004        11.43
     607.000     0.925000       459126        13.33
     619.000     0.937500       465118        16.00
     626.000     0.943750       468265        17.78
     634.000     0.950000       471583        20.00
     642.000     0.956250       474586        22.86
     651.000     0.962500       477562        26.67
     662.000     0.968750       480825        32.00
     667.000     0.971875       482131        35.56
     674.000     0.975000       483886        40.00
     680.000     0.978125       485285        45.71
     688.000     0.981250       486856        53.33
     697.000     0.984375       488321        64.00
     702.000     0.985938       489106        71.11
     708.000     0.987500       489947        80.00
     715.000     0.989062       490727        91.43
     722.000     0.990625       491429       106.67
     731.000     0.992188       492207       128.00
     737.000     0.992969       492632       142.22
     743.000     0.993750       493017       160.00
     749.000     0.994531       493363       182.86
     757.000     0.995313       493763       213.33
     766.000     0.996094       494137       256.00
     771.000     0.996484       494348       284.44
     776.000     0.996875       494528       320.00
     783.000     0.997266       494721       365.71
     792.000     0.997656       494933       426.67
     800.000     0.998047       495104       512.00
     806.000     0.998242       495209       568.89
     813.000     0.998437       495305       640.00
     820.000     0.998633       495398       731.43
     829.000     0.998828       495493       853.33
     837.000     0.999023       495590      1024.00
     844.000     0.999121       495638      1137.78
     850.000     0.999219       495690      1280.00
     855.000     0.999316       495739      1462.86
     863.000     0.999414       495783      1706.67
     874.000     0.999512       495835      2048.00
     878.000     0.999561       495853      2275.56
     885.000     0.999609       495877      2560.00
     893.000     0.999658       495902      2925.71
     901.000     0.999707       495925      3413.33
     914.000     0.999756       495950      4096.00
     920.000     0.999780       495962      4551.11
     926.000     0.999805       495974      5120.00
     936.000     0.999829       495986      5851.43
     947.000     0.999854       495998      6826.67
     963.000     0.999878       496011      8192.00
     975.000     0.999890       496016      9102.22
     988.000     0.999902       496022     10240.00
    1001.000     0.999915       496028     11702.86
    1043.000     0.999927       496034     13653.33
    1072.000     0.999939       496040     16384.00
    1091.000     0.999945       496043     18204.44
    1102.000     0.999951       496046     20480.00
    1115.000     0.999957       496049     23405.71
    1143.000     0.999963       496052     27306.67
    1158.000     0.999969       496055     32768.00
    1161.000     0.999973       496057     36408.89
    1169.000     0.999976       496058     40960.00
    1214.000     0.999979       496060     46811.43
    1230.000     0.999982       496061     54613.33
    1354.000     0.999985       496063     65536.00
    1369.000     0.999986       496064     72817.78
    1369.000     0.999988       496064     81920.00
    1386.000     0.999989       496065     93622.86
    1390.000     0.999991       496066    109226.67
    1396.000     0.999992       496067    131072.00
    1396.000     0.999993       496067    145635.56
    1396.000     0.999994       496067    163840.00
    1412.000     0.999995       496068    187245.71
    1412.000     0.999995       496068    218453.33
    1439.000     0.999996       496069    262144.00
    1439.000     0.999997       496069    291271.11
    1439.000     0.999997       496069    327680.00
    1439.000     0.999997       496069    374491.43
    1439.000     0.999998       496069    436906.67
    1464.000     0.999998       496070    524288.00
    1464.000     1.000000       496070          inf
#[Mean    =      400.887, StdDeviation   =      135.460]
#[Max     =     1464.000, Total count    =       496070]
#[Buckets =           27, SubBuckets     =         2048]
----------------------------------------------------------
  496073 requests in 10.00s, 41.63MB read
Requests/sec:  49606.86
Transfer/sec:      4.16MB

