Command: /tmp/wrk2/wrk http://10.10.1.1:8000/index.html -c 32 -t 1 -R 5000 -d 10 -L -U
Return code: 0
STDOUT:
Running 10s test @ http://10.10.1.1:8000/index.html
  1 threads and 32 connections
  Thread Stats   Avg      Stdev     Max   +/- Stdev
    Latency   1253.00u  542.50us7312.00us   62.21%
    Req/Sec       -nan      -nan   0.00      0.00%
  Latency Distribution (HdrHistogram - Recorded Latency)
 50.000% 1183.00us
 75.000% 1680.00us
 90.000% 2011.00us
 99.000% 2465.00us
 99.900% 2737.00us
 99.990% 2933.00us
 99.999% 7315.00us
100.000% 7315.00us

  Detailed Percentile spectrum:
       Value   Percentile   TotalCount 1/(1-Percentile)

     179.000     0.000000            1         1.00
     574.000     0.100000         4974         1.11
     732.000     0.200000         9938         1.25
     882.000     0.300000        14896         1.43
    1034.000     0.400000        19852         1.67
    1183.000     0.500000        24813         2.00
    1274.000     0.550000        27298         2.22
    1367.000     0.600000        29775         2.50
    1468.000     0.650000        32260         2.86
    1574.000     0.700000        34737         3.33
    1680.000     0.750000        37232         4.00
    1730.000     0.775000        38468         4.44
    1783.000     0.800000        39707         5.00
    1837.000     0.825000        40938         5.71
    1893.000     0.850000        42194         6.67
    1948.000     0.875000        43414         8.00
    1977.000     0.887500        44050         8.89
    2011.000     0.900000        44673        10.00
    2049.000     0.912500        45277        11.43
    2091.000     0.925000        45905        13.33
    2137.000     0.937500        46534        16.00
    2161.000     0.943750        46837        17.78
    2185.000     0.950000        47141        20.00
    2215.000     0.956250        47452        22.86
    2251.000     0.962500        47769        26.67
    2285.000     0.968750        48067        32.00
    2303.000     0.971875        48221        35.56
    2323.000     0.975000        48378        40.00
    2349.000     0.978125        48541        45.71
    2377.000     0.981250        48692        53.33
    2403.000     0.984375        48841        64.00
    2419.000     0.985938        48925        71.11
    2437.000     0.987500        48999        80.00
    2453.000     0.989062        49075        91.43
    2475.000     0.990625        49151       106.67
    2497.000     0.992188        49231       128.00
    2513.000     0.992969        49273       142.22
    2527.000     0.993750        49307       160.00
    2549.000     0.994531        49347       182.86
    2569.000     0.995313        49386       213.33
    2591.000     0.996094        49425       256.00
    2599.000     0.996484        49442       284.44
    2613.000     0.996875        49463       320.00
    2637.000     0.997266        49482       365.71
    2657.000     0.997656        49500       426.67
    2683.000     0.998047        49522       512.00
    2689.000     0.998242        49531       568.89
    2701.000     0.998437        49541       640.00
    2715.000     0.998633        49549       731.43
    2725.000     0.998828        49558       853.33
    2743.000     0.999023        49569      1024.00
    2747.000     0.999121        49573      1137.78
    2761.000     0.999219        49578      1280.00
    2781.000     0.999316        49583      1462.86
    2791.000     0.999414        49587      1706.67
    2803.000     0.999512        49592      2048.00
    2811.000     0.999561        49595      2275.56
    2817.000     0.999609        49597      2560.00
    2833.000     0.999658        49600      2925.71
    2851.000     0.999707        49602      3413.33
    2871.000     0.999756        49604      4096.00
    2879.000     0.999780        49607      4551.11
    2879.000     0.999805        49607      5120.00
    2901.000     0.999829        49608      5851.43
    2909.000     0.999854        49609      6826.67
    2925.000     0.999878        49610      8192.00
    2933.000     0.999890        49611      9102.22
    2937.000     0.999902        49612     10240.00
    2937.000     0.999915        49612     11702.86
    2939.000     0.999927        49613     13653.33
    2939.000     0.999939        49613     16384.00
    2945.000     0.999945        49614     18204.44
    2945.000     0.999951        49614     20480.00
    2945.000     0.999957        49614     23405.71
    2967.000     0.999963        49615     27306.67
    2967.000     0.999969        49615     32768.00
    2967.000     0.999973        49615     36408.89
    2967.000     0.999976        49615     40960.00
    2967.000     0.999979        49615     46811.43
    7315.000     0.999982        49616     54613.33
    7315.000     1.000000        49616          inf
#[Mean    =     1252.995, StdDeviation   =      542.502]
#[Max     =     7312.000, Total count    =        49616]
#[Buckets =           27, SubBuckets     =         2048]
----------------------------------------------------------

  Latency Distribution (HdrHistogram - Uncorrected Latency (measured without taking delayed starts into account))
 50.000%  423.00us
 75.000%  512.00us
 90.000%  600.00us
 99.000%  836.00us
 99.900%  979.00us
 99.990% 1066.00us
 99.999% 6963.00us
100.000% 6963.00us

  Detailed Percentile spectrum:
       Value   Percentile   TotalCount 1/(1-Percentile)

      92.000     0.000000            1         1.00
     279.000     0.100000         4978         1.11
     322.000     0.200000        10028         1.25
     358.000     0.300000        14923         1.43
     392.000     0.400000        19979         1.67
     423.000     0.500000        24815         2.00
     439.000     0.550000        27357         2.22
     455.000     0.600000        29836         2.50
     472.000     0.650000        32340         2.86
     491.000     0.700000        34780         3.33
     512.000     0.750000        37316         4.00
     523.000     0.775000        38508         4.44
     535.000     0.800000        39721         5.00
     549.000     0.825000        41018         5.71
     563.000     0.850000        42183         6.67
     580.000     0.875000        43452         8.00
     589.000     0.887500        44038         8.89
     600.000     0.900000        44706        10.00
     611.000     0.912500        45282        11.43
     624.000     0.925000        45895        13.33
     642.000     0.937500        46516        16.00
     652.000     0.943750        46846        17.78
     664.000     0.950000        47161        20.00
     678.000     0.956250        47458        22.86
     694.000     0.962500        47757        26.67
     715.000     0.968750        48076        32.00
     727.000     0.971875        48226        35.56
     741.000     0.975000        48382        40.00
     758.000     0.978125        48532        45.71
     777.000     0.981250        48691        53.33
     797.000     0.984375        48842        64.00
     808.000     0.985938        48920        71.11
     818.000     0.987500        48997        80.00
     829.000     0.989062        49078        91.43
     843.000     0.990625        49154       106.67
     860.000     0.992188        49231       128.00
     867.000     0.992969        49271       142.22
     877.000     0.993750        49307       160.00
     885.000     0.994531        49345       182.86
     898.000     0.995313        49388       213.33
     906.000     0.996094        49424       256.00
     913.000     0.996484        49444       284.44
     920.000     0.996875        49463       320.00
     926.000     0.997266        49482       365.71
     935.000     0.997656        49500       426.67
     947.000     0.998047        49520       512.00
     952.000     0.998242        49530       568.89
     956.000     0.998437        49539       640.00
     961.000     0.998633        49551       731.43
     971.000     0.998828        49558       853.33
     981.000     0.999023        49570      1024.00
     985.000     0.999121        49573      1137.78
     988.000     0.999219        49578      1280.00
     996.000     0.999316        49585      1462.86
     999.000     0.999414        49587      1706.67
    1004.000     0.999512        49594      2048.00
    1005.000     0.999561        49597      2275.56
    1005.000     0.999609        49597      2560.00
    1016.000     0.999658        49600      2925.71
    1029.000     0.999707        49602      3413.33
    1035.000     0.999756        49604      4096.00
    1042.000     0.999780        49606      4551.11
    1056.000     0.999805        49607      5120.00
    1057.000     0.999829        49608      5851.43
    1064.000     0.999854        49609      6826.67
    1065.000     0.999878        49610      8192.00
    1066.000     0.999890        49611      9102.22
    1110.000     0.999902        49612     10240.00
    1110.000     0.999915        49612     11702.86
    1135.000     0.999927        49613     13653.33
    1135.000     0.999939        49613     16384.00
    1146.000     0.999945        49614     18204.44
    1146.000     0.999951        49614     20480.00
    1146.000     0.999957        49614     23405.71
    1583.000     0.999963        49615     27306.67
    1583.000     0.999969        49615     32768.00
    1583.000     0.999973        49615     36408.89
    1583.000     0.999976        49615     40960.00
    1583.000     0.999979        49615     46811.43
    6963.000     0.999982        49616     54613.33
    6963.000     1.000000        49616          inf
#[Mean    =      435.049, StdDeviation   =      134.426]
#[Max     =     6960.000, Total count    =        49616]
#[Buckets =           27, SubBuckets     =         2048]
----------------------------------------------------------
  49620 requests in 10.00s, 4.16MB read
Requests/sec:   4961.42
Transfer/sec:    426.37KB

