Command: /tmp/wrk2/wrk http://10.10.1.1:8000/index.html -c 32 -t 1 -R 2000 -d 10 -L -U
Return code: 0
STDOUT:
Running 10s test @ http://10.10.1.1:8000/index.html
  1 threads and 32 connections
  Thread Stats   Avg      Stdev     Max   +/- Stdev
    Latency   1039.63u  437.92us6820.00us   62.46%
    Req/Sec       -nan      -nan   0.00      0.00%
  Latency Distribution (HdrHistogram - Recorded Latency)
 50.000% 1016.00us
 75.000% 1362.00us
 90.000% 1637.00us
 99.000% 2011.00us
 99.900% 2275.00us
 99.990% 2435.00us
 99.999% 6823.00us
100.000% 6823.00us

  Detailed Percentile spectrum:
       Value   Percentile   TotalCount 1/(1-Percentile)

     173.000     0.000000            1         1.00
     459.000     0.100000         1994         1.11
     601.000     0.200000         3974         1.25
     765.000     0.300000         5966         1.43
     899.000     0.400000         7962         1.67
    1016.000     0.500000         9940         2.00
    1085.000     0.550000        10921         2.22
    1156.000     0.600000        11923         2.50
    1226.000     0.650000        12911         2.86
    1288.000     0.700000        13922         3.33
    1362.000     0.750000        14901         4.00
    1403.000     0.775000        15394         4.44
    1440.000     0.800000        15894         5.00
    1480.000     0.825000        16397         5.71
    1526.000     0.850000        16878         6.67
    1578.000     0.875000        17382         8.00
    1607.000     0.887500        17627         8.89
    1638.000     0.900000        17875        10.00
    1669.000     0.912500        18122        11.43
    1705.000     0.925000        18373        13.33
    1740.000     0.937500        18617        16.00
    1759.000     0.943750        18741        17.78
    1779.000     0.950000        18866        20.00
    1799.000     0.956250        18988        22.86
    1828.000     0.962500        19119        26.67
    1859.000     0.968750        19238        32.00
    1878.000     0.971875        19300        35.56
    1902.000     0.975000        19361        40.00
    1926.000     0.978125        19423        45.71
    1946.000     0.981250        19485        53.33
    1968.000     0.984375        19548        64.00
    1980.000     0.985938        19580        71.11
    1989.000     0.987500        19608        80.00
    2003.000     0.989062        19641        91.43
    2017.000     0.990625        19670       106.67
    2043.000     0.992188        19701       128.00
    2053.000     0.992969        19719       142.22
    2063.000     0.993750        19732       160.00
    2083.000     0.994531        19750       182.86
    2097.000     0.995313        19764       213.33
    2125.000     0.996094        19779       256.00
    2145.000     0.996484        19789       284.44
    2153.000     0.996875        19794       320.00
    2171.000     0.997266        19802       365.71
    2201.000     0.997656        19810       426.67
    2225.000     0.998047        19819       512.00
    2231.000     0.998242        19822       568.89
    2239.000     0.998437        19825       640.00
    2245.000     0.998633        19829       731.43
    2267.000     0.998828        19833       853.33
    2279.000     0.999023        19838      1024.00
    2285.000     0.999121        19840      1137.78
    2293.000     0.999219        19841      1280.00
    2301.000     0.999316        19844      1462.86
    2305.000     0.999414        19845      1706.67
    2313.000     0.999512        19847      2048.00
    2315.000     0.999561        19848      2275.56
    2323.000     0.999609        19849      2560.00
    2331.000     0.999658        19850      2925.71
    2339.000     0.999707        19851      3413.33
    2347.000     0.999756        19852      4096.00
    2347.000     0.999780        19852      4551.11
    2425.000     0.999805        19853      5120.00
    2425.000     0.999829        19853      5851.43
    2435.000     0.999854        19854      6826.67
    2435.000     0.999878        19854      8192.00
    2435.000     0.999890        19854      9102.22
    2445.000     0.999902        19855     10240.00
    2445.000     0.999915        19855     11702.86
    2445.000     0.999927        19855     13653.33
    2445.000     0.999939        19855     16384.00
    2445.000     0.999945        19855     18204.44
    6823.000     0.999951        19856     20480.00
    6823.000     1.000000        19856          inf
#[Mean    =     1039.631, StdDeviation   =      437.918]
#[Max     =     6820.000, Total count    =        19856]
#[Buckets =           27, SubBuckets     =         2048]
----------------------------------------------------------

  Latency Distribution (HdrHistogram - Uncorrected Latency (measured without taking delayed starts into account))
 50.000%  286.00us
 75.000%  333.00us
 90.000%  377.00us
 99.000%  449.00us
 99.900%  489.00us
 99.990%  539.00us
 99.999% 6527.00us
100.000% 6527.00us

  Detailed Percentile spectrum:
       Value   Percentile   TotalCount 1/(1-Percentile)

     121.000     0.000000            1         1.00
     219.000     0.100000         2012         1.11
     240.000     0.200000         4023         1.25
     253.000     0.300000         5983         1.43
     269.000     0.400000         8031         1.67
     286.000     0.500000        10043         2.00
     294.000     0.550000        10974         2.22
     303.000     0.600000        12019         2.50
     312.000     0.650000        12993         2.86
     322.000     0.700000        13965         3.33
     333.000     0.750000        14977         4.00
     339.000     0.775000        15436         4.44
     346.000     0.800000        15935         5.00
     353.000     0.825000        16440         5.71
     360.000     0.850000        16921         6.67
     368.000     0.875000        17426         8.00
     372.000     0.887500        17633         8.89
     377.000     0.900000        17876        10.00
     383.000     0.912500        18137        11.43
     389.000     0.925000        18372        13.33
     396.000     0.937500        18651        16.00
     399.000     0.943750        18743        17.78
     404.000     0.950000        18877        20.00
     408.000     0.956250        19005        22.86
     413.000     0.962500        19130        26.67
     418.000     0.968750        19238        32.00
     421.000     0.971875        19306        35.56
     424.000     0.975000        19361        40.00
     429.000     0.978125        19432        45.71
     433.000     0.981250        19490        53.33
     438.000     0.984375        19551        64.00
     441.000     0.985938        19586        71.11
     444.000     0.987500        19619        80.00
     447.000     0.989062        19648        91.43
     450.000     0.990625        19679       106.67
     453.000     0.992188        19705       128.00
     456.000     0.992969        19719       142.22
     459.000     0.993750        19737       160.00
     461.000     0.994531        19750       182.86
     465.000     0.995313        19763       213.33
     469.000     0.996094        19781       256.00
     471.000     0.996484        19791       284.44
     473.000     0.996875        19794       320.00
     477.000     0.997266        19807       365.71
     478.000     0.997656        19811       426.67
     482.000     0.998047        19820       512.00
     483.000     0.998242        19822       568.89
     484.000     0.998437        19825       640.00
     487.000     0.998633        19829       731.43
     488.000     0.998828        19834       853.33
     490.000     0.999023        19837      1024.00
     493.000     0.999121        19841      1137.78
     493.000     0.999219        19841      1280.00
     494.000     0.999316        19844      1462.86
     497.000     0.999414        19846      1706.67
     499.000     0.999512        19847      2048.00
     500.000     0.999561        19848      2275.56
     502.000     0.999609        19849      2560.00
     505.000     0.999658        19851      2925.71
     505.000     0.999707        19851      3413.33
     508.000     0.999756        19852      4096.00
     508.000     0.999780        19852      4551.11
     532.000     0.999805        19853      5120.00
     532.000     0.999829        19853      5851.43
     539.000     0.999854        19854      6826.67
     539.000     0.999878        19854      8192.00
     539.000     0.999890        19854      9102.22
    2143.000     0.999902        19855     10240.00
    2143.000     0.999915        19855     11702.86
    2143.000     0.999927        19855     13653.33
    2143.000     0.999939        19855     16384.00
    2143.000     0.999945        19855     18204.44
    6527.000     0.999951        19856     20480.00
    6527.000     1.000000        19856          inf
#[Mean    =      292.874, StdDeviation   =       76.685]
#[Max     =     6524.000, Total count    =        19856]
#[Buckets =           27, SubBuckets     =         2048]
----------------------------------------------------------
  19858 requests in 10.00s, 1.67MB read
Requests/sec:   1985.66
Transfer/sec:    170.64KB

