Command: /tmp/wrk2/wrk http://10.10.1.1:8000/index.html -c 32 -t 1 -R 30000 -d 10 -L -U
Return code: 0
STDOUT:
Running 10s test @ http://10.10.1.1:8000/index.html
  1 threads and 32 connections
  Thread Stats   Avg      Stdev     Max   +/- Stdev
    Latency   1320.45u  621.28us4916.00us   64.90%
    Req/Sec       -nan      -nan   0.00      0.00%
  Latency Distribution (HdrHistogram - Recorded Latency)
 50.000% 1260.00us
 75.000% 1737.00us
 90.000% 2197.00us
 99.000% 2843.00us
 99.900% 3119.00us
 99.990% 3919.00us
 99.999% 4667.00us
100.000% 4919.00us

  Detailed Percentile spectrum:
       Value   Percentile   TotalCount 1/(1-Percentile)

      84.000     0.000000            1         1.00
     549.000     0.100000        29784         1.11
     735.000     0.200000        59560         1.25
     912.000     0.300000        89330         1.43
    1084.000     0.400000       119108         1.67
    1260.000     0.500000       148896         2.00
    1349.000     0.550000       163705         2.22
    1437.000     0.600000       178578         2.50
    1529.000     0.650000       193486         2.86
    1627.000     0.700000       208352         3.33
    1737.000     0.750000       223245         4.00
    1797.000     0.775000       230704         4.44
    1861.000     0.800000       238176         5.00
    1931.000     0.825000       245555         5.71
    2010.000     0.850000       252993         6.67
    2097.000     0.875000       260471         8.00
    2145.000     0.887500       264225         8.89
    2197.000     0.900000       267966        10.00
    2251.000     0.912500       271604        11.43
    2313.000     0.925000       275337        13.33
    2383.000     0.937500       279094        16.00
    2421.000     0.943750       280935        17.78
    2463.000     0.950000       282760        20.00
    2511.000     0.956250       284614        22.86
    2563.000     0.962500       286499        26.67
    2617.000     0.968750       288329        32.00
    2647.000     0.971875       289280        35.56
    2675.000     0.975000       290194        40.00
    2707.000     0.978125       291133        45.71
    2739.000     0.981250       292084        53.33
    2771.000     0.984375       292971        64.00
    2789.000     0.985938       293433        71.11
    2809.000     0.987500       293912        80.00
    2831.000     0.989062       294406        91.43
    2851.000     0.990625       294833       106.67
    2875.000     0.992188       295301       128.00
    2889.000     0.992969       295546       142.22
    2903.000     0.993750       295777       160.00
    2917.000     0.994531       295999       182.86
    2937.000     0.995313       296245       213.33
    2957.000     0.996094       296461       256.00
    2969.000     0.996484       296581       284.44
    2981.000     0.996875       296699       320.00
    2993.000     0.997266       296809       365.71
    3013.000     0.997656       296930       426.67
    3037.000     0.998047       297041       512.00
    3051.000     0.998242       297098       568.89
    3063.000     0.998437       297162       640.00
    3079.000     0.998633       297215       731.43
    3099.000     0.998828       297278       853.33
    3123.000     0.999023       297331      1024.00
    3139.000     0.999121       297364      1137.78
    3153.000     0.999219       297388      1280.00
    3177.000     0.999316       297417      1462.86
    3209.000     0.999414       297445      1706.67
    3249.000     0.999512       297474      2048.00
    3275.000     0.999561       297488      2275.56
    3311.000     0.999609       297502      2560.00
    3361.000     0.999658       297517      2925.71
    3413.000     0.999707       297531      3413.33
    3505.000     0.999756       297546      4096.00
    3529.000     0.999780       297553      4551.11
    3577.000     0.999805       297560      5120.00
    3659.000     0.999829       297568      5851.43
    3721.000     0.999854       297575      6826.67
    3839.000     0.999878       297582      8192.00
    3907.000     0.999890       297586      9102.22
    3921.000     0.999902       297589     10240.00
    3961.000     0.999915       297593     11702.86
    3997.000     0.999927       297597     13653.33
    4065.000     0.999939       297600     16384.00
    4073.000     0.999945       297602     18204.44
    4115.000     0.999951       297605     20480.00
    4163.000     0.999957       297606     23405.71
    4599.000     0.999963       297608     27306.67
    4603.000     0.999969       297609     32768.00
    4607.000     0.999973       297610     36408.89
    4623.000     0.999976       297611     40960.00
    4627.000     0.999979       297613     46811.43
    4627.000     0.999982       297613     54613.33
    4663.000     0.999985       297614     65536.00
    4663.000     0.999986       297614     72817.78
    4667.000     0.999988       297615     81920.00
    4667.000     0.999989       297615     93622.86
    4899.000     0.999991       297616    109226.67
    4899.000     0.999992       297616    131072.00
    4899.000     0.999993       297616    145635.56
    4915.000     0.999994       297617    163840.00
    4915.000     0.999995       297617    187245.71
    4915.000     0.999995       297617    218453.33
    4915.000     0.999996       297617    262144.00
    4915.000     0.999997       297617    291271.11
    4919.000     0.999997       297618    327680.00
    4919.000     1.000000       297618          inf
#[Mean    =     1320.450, StdDeviation   =      621.279]
#[Max     =     4916.000, Total count    =       297618]
#[Buckets =           27, SubBuckets     =         2048]
----------------------------------------------------------

  Latency Distribution (HdrHistogram - Uncorrected Latency (measured without taking delayed starts into account))
 50.000%  451.00us
 75.000%  555.00us
 90.000%  651.00us
 99.000%  829.00us
 99.900% 1030.00us
 99.990% 1654.00us
 99.999% 1877.00us
100.000% 2513.00us

  Detailed Percentile spectrum:
       Value   Percentile   TotalCount 1/(1-Percentile)

      60.000     0.000000            1         1.00
     270.000     0.100000        29924         1.11
     334.000     0.200000        59861         1.25
     373.000     0.300000        89431         1.43
     412.000     0.400000       119599         1.67
     451.000     0.500000       149172         2.00
     470.000     0.550000       163703         2.22
     490.000     0.600000       179116         2.50
     510.000     0.650000       193623         2.86
     532.000     0.700000       208711         3.33
     555.000     0.750000       223427         4.00
     568.000     0.775000       231002         4.44
     582.000     0.800000       238487         5.00
     597.000     0.825000       246035         5.71
     612.000     0.850000       253014         6.67
     630.000     0.875000       260417         8.00
     640.000     0.887500       264188         8.89
     651.000     0.900000       267924        10.00
     663.000     0.912500       271641        11.43
     676.000     0.925000       275437        13.33
     690.000     0.937500       279105        16.00
     698.000     0.943750       280953        17.78
     707.000     0.950000       282745        20.00
     718.000     0.956250       284707        22.86
     729.000     0.962500       286504        26.67
     743.000     0.968750       288337        32.00
     751.000     0.971875       289257        35.56
     761.000     0.975000       290269        40.00
     771.000     0.978125       291202        45.71
     781.000     0.981250       292041        53.33
     794.000     0.984375       292978        64.00
     802.000     0.985938       293443        71.11
     811.000     0.987500       293911        80.00
     821.000     0.989062       294366        91.43
     834.000     0.990625       294859       106.67
     847.000     0.992188       295319       128.00
     854.000     0.992969       295533       142.22
     863.000     0.993750       295769       160.00
     873.000     0.994531       296007       182.86
     884.000     0.995313       296229       213.33
     897.000     0.996094       296460       256.00
     905.000     0.996484       296583       284.44
     913.000     0.996875       296688       320.00
     925.000     0.997266       296814       365.71
     938.000     0.997656       296924       426.67
     955.000     0.998047       297038       512.00
     965.000     0.998242       297097       568.89
     977.000     0.998437       297154       640.00
     995.000     0.998633       297216       731.43
    1012.000     0.998828       297272       853.33
    1033.000     0.999023       297329      1024.00
    1055.000     0.999121       297358      1137.78
    1074.000     0.999219       297386      1280.00
    1095.000     0.999316       297416      1462.86
    1112.000     0.999414       297445      1706.67
    1134.000     0.999512       297474      2048.00
    1152.000     0.999561       297489      2275.56
    1166.000     0.999609       297502      2560.00
    1192.000     0.999658       297517      2925.71
    1232.000     0.999707       297531      3413.33
    1293.000     0.999756       297546      4096.00
    1325.000     0.999780       297553      4551.11
    1387.000     0.999805       297560      5120.00
    1495.000     0.999829       297568      5851.43
    1549.000     0.999854       297575      6826.67
    1603.000     0.999878       297582      8192.00
    1638.000     0.999890       297587      9102.22
    1661.000     0.999902       297589     10240.00
    1693.000     0.999915       297593     11702.86
    1717.000     0.999927       297597     13653.33
    1729.000     0.999939       297600     16384.00
    1733.000     0.999945       297603     18204.44
    1734.000     0.999951       297604     20480.00
    1768.000     0.999957       297606     23405.71
    1786.000     0.999963       297609     27306.67
    1786.000     0.999969       297609     32768.00
    1801.000     0.999973       297610     36408.89
    1802.000     0.999976       297611     40960.00
    1810.000     0.999979       297612     46811.43
    1829.000     0.999982       297613     54613.33
    1853.000     0.999985       297614     65536.00
    1853.000     0.999986       297614     72817.78
    1877.000     0.999988       297615     81920.00
    1877.000     0.999989       297615     93622.86
    1955.000     0.999991       297616    109226.67
    1955.000     0.999992       297616    131072.00
    1955.000     0.999993       297616    145635.56
    2077.000     0.999994       297617    163840.00
    2077.000     0.999995       297617    187245.71
    2077.000     0.999995       297617    218453.33
    2077.000     0.999996       297617    262144.00
    2077.000     0.999997       297617    291271.11
    2513.000     0.999997       297618    327680.00
    2513.000     1.000000       297618          inf
#[Mean    =      457.845, StdDeviation   =      148.819]
#[Max     =     2512.000, Total count    =       297618]
#[Buckets =           27, SubBuckets     =         2048]
----------------------------------------------------------
  297619 requests in 10.00s, 24.98MB read
Requests/sec:  29761.50
Transfer/sec:      2.50MB

