Command: /tmp/wrk2/wrk http://10.10.1.1:8000/index.html -c 32 -t 1 -R 10000 -d 10 -L -U
Return code: 0
STDOUT:
Running 10s test @ http://10.10.1.1:8000/index.html
  1 threads and 32 connections
  Thread Stats   Avg      Stdev     Max   +/- Stdev
    Latency   1572.99u  639.35us7112.00us   66.64%
    Req/Sec       -nan      -nan   0.00      0.00%
  Latency Distribution (HdrHistogram - Recorded Latency)
 50.000% 1462.00us
 75.000% 1996.00us
 90.000% 2519.00us
 99.000% 3139.00us
 99.900% 3505.00us
 99.990% 5599.00us
 99.999% 6415.00us
100.000% 7115.00us

  Detailed Percentile spectrum:
       Value   Percentile   TotalCount 1/(1-Percentile)

     216.000     0.000000            1         1.00
     824.000     0.100000         9956         1.11
    1012.000     0.200000        19846         1.25
    1160.000     0.300000        29772         1.43
    1311.000     0.400000        39709         1.67
    1462.000     0.500000        49616         2.00
    1546.000     0.550000        54634         2.22
    1637.000     0.600000        59568         2.50
    1742.000     0.650000        64514         2.86
    1864.000     0.700000        69464         3.33
    1996.000     0.750000        74444         4.00
    2069.000     0.775000        76904         4.44
    2149.000     0.800000        79393         5.00
    2235.000     0.825000        81851         5.71
    2325.000     0.850000        84341         6.67
    2415.000     0.875000        86817         8.00
    2467.000     0.887500        88107         8.89
    2519.000     0.900000        89305        10.00
    2579.000     0.912500        90555        11.43
    2637.000     0.925000        91778        13.33
    2697.000     0.937500        93043        16.00
    2725.000     0.943750        93638        17.78
    2757.000     0.950000        94269        20.00
    2793.000     0.956250        94888        22.86
    2835.000     0.962500        95501        26.67
    2881.000     0.968750        96123        32.00
    2913.000     0.971875        96421        35.56
    2955.000     0.975000        96745        40.00
    2993.000     0.978125        97054        45.71
    3033.000     0.981250        97362        53.33
    3071.000     0.984375        97673        64.00
    3087.000     0.985938        97822        71.11
    3107.000     0.987500        97985        80.00
    3125.000     0.989062        98137        91.43
    3147.000     0.990625        98281       106.67
    3175.000     0.992188        98443       128.00
    3187.000     0.992969        98516       142.22
    3201.000     0.993750        98597       160.00
    3217.000     0.994531        98670       182.86
    3237.000     0.995313        98748       213.33
    3259.000     0.996094        98828       256.00
    3271.000     0.996484        98865       284.44
    3299.000     0.996875        98906       320.00
    3325.000     0.997266        98941       365.71
    3349.000     0.997656        98979       426.67
    3383.000     0.998047        99020       512.00
    3395.000     0.998242        99037       568.89
    3417.000     0.998437        99057       640.00
    3443.000     0.998633        99076       731.43
    3475.000     0.998828        99095       853.33
    3511.000     0.999023        99115      1024.00
    3523.000     0.999121        99128      1137.78
    3545.000     0.999219        99135      1280.00
    3565.000     0.999316        99145      1462.86
    3609.000     0.999414        99153      1706.67
    3669.000     0.999512        99163      2048.00
    3717.000     0.999561        99168      2275.56
    3825.000     0.999609        99173      2560.00
    4095.000     0.999658        99178      2925.71
    4243.000     0.999707        99183      3413.33
    4523.000     0.999756        99187      4096.00
    4695.000     0.999780        99190      4551.11
    4747.000     0.999805        99192      5120.00
    5135.000     0.999829        99195      5851.43
    5351.000     0.999854        99197      6826.67
    5427.000     0.999878        99199      8192.00
    5599.000     0.999890        99201      9102.22
    5663.000     0.999902        99202     10240.00
    5707.000     0.999915        99203     11702.86
    5715.000     0.999927        99204     13653.33
    5775.000     0.999939        99205     16384.00
    5823.000     0.999945        99206     18204.44
    5887.000     0.999951        99207     20480.00
    5887.000     0.999957        99207     23405.71
    5891.000     0.999963        99208     27306.67
    5891.000     0.999969        99208     32768.00
    5899.000     0.999973        99209     36408.89
    5899.000     0.999976        99209     40960.00
    5899.000     0.999979        99209     46811.43
    6415.000     0.999982        99210     54613.33
    6415.000     0.999985        99210     65536.00
    6415.000     0.999986        99210     72817.78
    6415.000     0.999988        99210     81920.00
    6415.000     0.999989        99210     93622.86
    7115.000     0.999991        99211    109226.67
    7115.000     1.000000        99211          inf
#[Mean    =     1572.990, StdDeviation   =      639.347]
#[Max     =     7112.000, Total count    =        99211]
#[Buckets =           27, SubBuckets     =         2048]
----------------------------------------------------------

  Latency Distribution (HdrHistogram - Uncorrected Latency (measured without taking delayed starts into account))
 50.000%  727.00us
 75.000%  912.00us
 90.000% 1041.00us
 99.000% 1205.00us
 99.900% 1359.00us
 99.990% 3867.00us
 99.999% 4907.00us
100.000% 6851.00us

  Detailed Percentile spectrum:
       Value   Percentile   TotalCount 1/(1-Percentile)

      85.000     0.000000            1         1.00
     399.000     0.100000        10015         1.11
     483.000     0.200000        19855         1.25
     562.000     0.300000        29867         1.43
     642.000     0.400000        39754         1.67
     727.000     0.500000        49641         2.00
     766.000     0.550000        54679         2.22
     802.000     0.600000        59610         2.50
     838.000     0.650000        64612         2.86
     874.000     0.700000        69562         3.33
     912.000     0.750000        74481         4.00
     931.000     0.775000        76940         4.44
     952.000     0.800000        79477         5.00
     973.000     0.825000        81911         5.71
     994.000     0.850000        84371         6.67
    1016.000     0.875000        86857         8.00
    1028.000     0.887500        88058         8.89
    1041.000     0.900000        89378        10.00
    1054.000     0.912500        90597        11.43
    1068.000     0.925000        91791        13.33
    1084.000     0.937500        93026        16.00
    1093.000     0.943750        93652        17.78
    1102.000     0.950000        94268        20.00
    1113.000     0.956250        94909        22.86
    1124.000     0.962500        95540        26.67
    1136.000     0.968750        96122        32.00
    1143.000     0.971875        96441        35.56
    1151.000     0.975000        96769        40.00
    1159.000     0.978125        97071        45.71
    1168.000     0.981250        97378        53.33
    1179.000     0.984375        97683        64.00
    1185.000     0.985938        97835        71.11
    1191.000     0.987500        97981        80.00
    1200.000     0.989062        98133        91.43
    1209.000     0.990625        98290       106.67
    1219.000     0.992188        98439       128.00
    1226.000     0.992969        98533       142.22
    1231.000     0.993750        98605       160.00
    1238.000     0.994531        98672       182.86
    1247.000     0.995313        98755       213.33
    1256.000     0.996094        98825       256.00
    1260.000     0.996484        98864       284.44
    1268.000     0.996875        98901       320.00
    1276.000     0.997266        98942       365.71
    1289.000     0.997656        98983       426.67
    1297.000     0.998047        99018       512.00
    1307.000     0.998242        99040       568.89
    1317.000     0.998437        99056       640.00
    1325.000     0.998633        99076       731.43
    1339.000     0.998828        99096       853.33
    1363.000     0.999023        99115      1024.00
    1377.000     0.999121        99124      1137.78
    1394.000     0.999219        99134      1280.00
    1400.000     0.999316        99145      1462.86
    1419.000     0.999414        99153      1706.67
    1441.000     0.999512        99163      2048.00
    1462.000     0.999561        99168      2275.56
    1468.000     0.999609        99173      2560.00
    1507.000     0.999658        99178      2925.71
    1523.000     0.999707        99182      3413.33
    1640.000     0.999756        99187      4096.00
    2541.000     0.999780        99190      4551.11
    2583.000     0.999805        99192      5120.00
    2703.000     0.999829        99195      5851.43
    3593.000     0.999854        99197      6826.67
    3609.000     0.999878        99199      8192.00
    3867.000     0.999890        99201      9102.22
    3875.000     0.999902        99202     10240.00
    4119.000     0.999915        99203     11702.86
    4183.000     0.999927        99204     13653.33
    4199.000     0.999939        99205     16384.00
    4231.000     0.999945        99206     18204.44
    4263.000     0.999951        99208     20480.00
    4263.000     0.999957        99208     23405.71
    4263.000     0.999963        99208     27306.67
    4263.000     0.999969        99208     32768.00
    4283.000     0.999973        99209     36408.89
    4283.000     0.999976        99209     40960.00
    4283.000     0.999979        99209     46811.43
    4907.000     0.999982        99210     54613.33
    4907.000     0.999985        99210     65536.00
    4907.000     0.999986        99210     72817.78
    4907.000     0.999988        99210     81920.00
    4907.000     0.999989        99210     93622.86
    6851.000     0.999991        99211    109226.67
    6851.000     1.000000        99211          inf
#[Mean    =      721.524, StdDeviation   =      245.516]
#[Max     =     6848.000, Total count    =        99211]
#[Buckets =           27, SubBuckets     =         2048]
----------------------------------------------------------
  99212 requests in 10.00s, 8.33MB read
Requests/sec:   9921.03
Transfer/sec:    852.59KB

