Command: /tmp/wrk2/wrk http://10.10.1.1:8000/index.html -c 32 -t 1 -R 50000 -d 10 -L -U
Return code: 0
STDOUT:
Running 10s test @ http://10.10.1.1:8000/index.html
  1 threads and 32 connections
  Thread Stats   Avg      Stdev     Max   +/- Stdev
    Latency   996.28us  549.57us6076.00us   78.72%
    Req/Sec       -nan      -nan   0.00      0.00%
  Latency Distribution (HdrHistogram - Recorded Latency)
 50.000%  890.00us
 75.000% 1228.00us
 90.000% 1624.00us
 99.000% 2901.00us
 99.900% 4119.00us
 99.990% 5659.00us
 99.999% 6007.00us
100.000% 6079.00us

  Detailed Percentile spectrum:
       Value   Percentile   TotalCount 1/(1-Percentile)

      73.000     0.000000            3         1.00
     450.000     0.100000        49910         1.11
     560.000     0.200000        99586         1.25
     661.000     0.300000       149195         1.43
     771.000     0.400000       198422         1.67
     890.000     0.500000       248314         2.00
     949.000     0.550000       272855         2.22
    1011.000     0.600000       297715         2.50
    1078.000     0.650000       322718         2.86
    1150.000     0.700000       347355         3.33
    1228.000     0.750000       372203         4.00
    1270.000     0.775000       384581         4.44
    1317.000     0.800000       397093         5.00
    1370.000     0.825000       409399         5.71
    1434.000     0.850000       421782         6.67
    1513.000     0.875000       434189         8.00
    1562.000     0.887500       440323         8.89
    1624.000     0.900000       446456        10.00
    1711.000     0.912500       452675        11.43
    1824.000     0.925000       458897        13.33
    1960.000     0.937500       465066        16.00
    2041.000     0.943750       468180        17.78
    2123.000     0.950000       471272        20.00
    2211.000     0.956250       474407        22.86
    2303.000     0.962500       477503        26.67
    2399.000     0.968750       480546        32.00
    2455.000     0.971875       482128        35.56
    2513.000     0.975000       483701        40.00
    2571.000     0.978125       485229        45.71
    2639.000     0.981250       486794        53.33
    2713.000     0.984375       488322        64.00
    2759.000     0.985938       489100        71.11
    2807.000     0.987500       489865        80.00
    2863.000     0.989062       490642        91.43
    2925.000     0.990625       491412       106.67
    2997.000     0.992188       492192       128.00
    3039.000     0.992969       492575       142.22
    3085.000     0.993750       492957       160.00
    3137.000     0.994531       493338       182.86
    3193.000     0.995313       493727       213.33
    3269.000     0.996094       494112       256.00
    3313.000     0.996484       494305       284.44
    3369.000     0.996875       494498       320.00
    3437.000     0.997266       494695       365.71
    3503.000     0.997656       494885       426.67
    3619.000     0.998047       495081       512.00
    3677.000     0.998242       495180       568.89
    3753.000     0.998437       495275       640.00
    3831.000     0.998633       495370       731.43
    3953.000     0.998828       495466       853.33
    4139.000     0.999023       495564      1024.00
    4279.000     0.999121       495613      1137.78
    4411.000     0.999219       495660      1280.00
    4619.000     0.999316       495708      1462.86
    4759.000     0.999414       495757      1706.67
    4959.000     0.999512       495805      2048.00
    5063.000     0.999561       495831      2275.56
    5147.000     0.999609       495854      2560.00
    5247.000     0.999658       495878      2925.71
    5351.000     0.999707       495902      3413.33
    5431.000     0.999756       495926      4096.00
    5487.000     0.999780       495941      4551.11
    5535.000     0.999805       495951      5120.00
    5567.000     0.999829       495963      5851.43
    5599.000     0.999854       495976      6826.67
    5627.000     0.999878       495987      8192.00
    5643.000     0.999890       495994      9102.22
    5671.000     0.999902       495999     10240.00
    5711.000     0.999915       496005     11702.86
    5743.000     0.999927       496011     13653.33
    5807.000     0.999939       496017     16384.00
    5815.000     0.999945       496020     18204.44
    5859.000     0.999951       496024     20480.00
    5863.000     0.999957       496026     23405.71
    5891.000     0.999963       496029     27306.67
    5931.000     0.999969       496032     32768.00
    5943.000     0.999973       496034     36408.89
    5947.000     0.999976       496036     40960.00
    5971.000     0.999979       496037     46811.43
    5991.000     0.999982       496038     54613.33
    6003.000     0.999985       496040     65536.00
    6007.000     0.999986       496042     72817.78
    6007.000     0.999988       496042     81920.00
    6007.000     0.999989       496042     93622.86
    6027.000     0.999991       496043    109226.67
    6031.000     0.999992       496044    131072.00
    6031.000     0.999993       496044    145635.56
    6031.000     0.999994       496044    163840.00
    6047.000     0.999995       496046    187245.71
    6047.000     0.999995       496046    218453.33
    6047.000     0.999996       496046    262144.00
    6047.000     0.999997       496046    291271.11
    6047.000     0.999997       496046    327680.00
    6047.000     0.999997       496046    374491.43
    6047.000     0.999998       496046    436906.67
    6079.000     0.999998       496047    524288.00
    6079.000     1.000000       496047          inf
#[Mean    =      996.282, StdDeviation   =      549.566]
#[Max     =     6076.000, Total count    =       496047]
#[Buckets =           27, SubBuckets     =         2048]
----------------------------------------------------------

  Latency Distribution (HdrHistogram - Uncorrected Latency (measured without taking delayed starts into account))
 50.000%  404.00us
 75.000%  505.00us
 90.000%  597.00us
 99.000%  735.00us
 99.900%  842.00us
 99.990%  954.00us
 99.999% 1057.00us
100.000% 1168.00us

  Detailed Percentile spectrum:
       Value   Percentile   TotalCount 1/(1-Percentile)

      55.000     0.000000            3         1.00
     238.000     0.100000        50409         1.11
     285.000     0.200000        99494         1.25
     327.000     0.300000       149610         1.43
     367.000     0.400000       199638         1.67
     404.000     0.500000       248106         2.00
     423.000     0.550000       273931         2.22
     441.000     0.600000       297944         2.50
     461.000     0.650000       323365         2.86
     482.000     0.700000       347882         3.33
     505.000     0.750000       372314         4.00
     518.000     0.775000       385262         4.44
     531.000     0.800000       397236         5.00
     545.000     0.825000       409571         5.71
     561.000     0.850000       422386         6.67
     578.000     0.875000       434698         8.00
     587.000     0.887500       440679         8.89
     597.000     0.900000       446776        10.00
     608.000     0.912500       453163        11.43
     619.000     0.925000       459033        13.33
     632.000     0.937500       465305        16.00
     639.000     0.943750       468405        17.78
     646.000     0.950000       471283        20.00
     655.000     0.956250       474650        22.86
     664.000     0.962500       477581        26.67
     675.000     0.968750       480741        32.00
     681.000     0.971875       482321        35.56
     687.000     0.975000       483746        40.00
     695.000     0.978125       485344        45.71
     704.000     0.981250       486944        53.33
     713.000     0.984375       488395        64.00
     718.000     0.985938       489110        71.11
     724.000     0.987500       489894        80.00
     731.000     0.989062       490700        91.43
     738.000     0.990625       491405       106.67
     747.000     0.992188       492175       128.00
     753.000     0.992969       492604       142.22
     759.000     0.993750       493011       160.00
     765.000     0.994531       493365       182.86
     772.000     0.995313       493728       213.33
     782.000     0.996094       494137       256.00
     786.000     0.996484       494308       284.44
     792.000     0.996875       494518       320.00
     798.000     0.997266       494706       365.71
     805.000     0.997656       494899       426.67
     813.000     0.998047       495091       512.00
     818.000     0.998242       495198       568.89
     822.000     0.998437       495274       640.00
     828.000     0.998633       495377       731.43
     835.000     0.998828       495477       853.33
     843.000     0.999023       495575      1024.00
     848.000     0.999121       495617      1137.78
     853.000     0.999219       495662      1280.00
     858.000     0.999316       495708      1462.86
     868.000     0.999414       495759      1706.67
     876.000     0.999512       495806      2048.00
     880.000     0.999561       495831      2275.56
     886.000     0.999609       495857      2560.00
     894.000     0.999658       495878      2925.71
     902.000     0.999707       495902      3413.33
     913.000     0.999756       495926      4096.00
     918.000     0.999780       495939      4551.11
     926.000     0.999805       495953      5120.00
     933.000     0.999829       495965      5851.43
     938.000     0.999854       495976      6826.67
     947.000     0.999878       495987      8192.00
     952.000     0.999890       495993      9102.22
     956.000     0.999902       495999     10240.00
     963.000     0.999915       496005     11702.86
     967.000     0.999927       496011     13653.33
     978.000     0.999939       496017     16384.00
     981.000     0.999945       496020     18204.44
     992.000     0.999951       496023     20480.00
     999.000     0.999957       496026     23405.71
    1017.000     0.999963       496029     27306.67
    1028.000     0.999969       496033     32768.00
    1034.000     0.999973       496034     36408.89
    1037.000     0.999976       496035     40960.00
    1039.000     0.999979       496037     46811.43
    1042.000     0.999982       496038     54613.33
    1045.000     0.999985       496040     65536.00
    1046.000     0.999986       496041     72817.78
    1046.000     0.999988       496041     81920.00
    1057.000     0.999989       496042     93622.86
    1058.000     0.999991       496043    109226.67
    1059.000     0.999992       496044    131072.00
    1059.000     0.999993       496044    145635.56
    1059.000     0.999994       496044    163840.00
    1088.000     0.999995       496045    187245.71
    1088.000     0.999995       496045    218453.33
    1115.000     0.999996       496046    262144.00
    1115.000     0.999997       496046    291271.11
    1115.000     0.999997       496046    327680.00
    1115.000     0.999997       496046    374491.43
    1115.000     0.999998       496046    436906.67
    1168.000     0.999998       496047    524288.00
    1168.000     1.000000       496047          inf
#[Mean    =      411.202, StdDeviation   =      135.943]
#[Max     =     1168.000, Total count    =       496047]
#[Buckets =           27, SubBuckets     =         2048]
----------------------------------------------------------
  496054 requests in 10.00s, 41.63MB read
Requests/sec:  49604.95
Transfer/sec:      4.16MB

