Command: /tmp/wrk2/wrk http://10.10.1.1:8000/index.html -c 32 -t 1 -R 7000 -d 10 -L -U
Return code: 0
STDOUT:
Running 10s test @ http://10.10.1.1:8000/index.html
  1 threads and 32 connections
  Thread Stats   Avg      Stdev     Max   +/- Stdev
    Latency   1471.56u  587.45us7244.00us   63.14%
    Req/Sec       -nan      -nan   0.00      0.00%
  Latency Distribution (HdrHistogram - Recorded Latency)
 50.000% 1374.00us
 75.000% 1923.00us
 90.000% 2341.00us
 99.000% 2761.00us
 99.900% 2957.00us
 99.990% 3125.00us
 99.999% 3219.00us
100.000% 7247.00us

  Detailed Percentile spectrum:
       Value   Percentile   TotalCount 1/(1-Percentile)

     203.000     0.000000            1         1.00
     761.000     0.100000         6946         1.11
     935.000     0.200000        13919         1.25
    1083.000     0.300000        20872         1.43
    1229.000     0.400000        27824         1.67
    1374.000     0.500000        34754         2.00
    1458.000     0.550000        38232         2.22
    1548.000     0.600000        41686         2.50
    1658.000     0.650000        45176         2.86
    1787.000     0.700000        48630         3.33
    1923.000     0.750000        52100         4.00
    1993.000     0.775000        53849         4.44
    2063.000     0.800000        55601         5.00
    2131.000     0.825000        57349         5.71
    2197.000     0.850000        59064         6.67
    2265.000     0.875000        60793         8.00
    2301.000     0.887500        61643         8.89
    2341.000     0.900000        62521        10.00
    2381.000     0.912500        63390        11.43
    2421.000     0.925000        64286        13.33
    2463.000     0.937500        65115        16.00
    2487.000     0.943750        65555        17.78
    2515.000     0.950000        66004        20.00
    2541.000     0.956250        66423        22.86
    2569.000     0.962500        66865        26.67
    2601.000     0.968750        67308        32.00
    2617.000     0.971875        67512        35.56
    2637.000     0.975000        67724        40.00
    2659.000     0.978125        67948        45.71
    2679.000     0.981250        68158        53.33
    2705.000     0.984375        68389        64.00
    2719.000     0.985938        68492        71.11
    2733.000     0.987500        68593        80.00
    2751.000     0.989062        68701        91.43
    2771.000     0.990625        68812       106.67
    2791.000     0.992188        68915       128.00
    2803.000     0.992969        68981       142.22
    2813.000     0.993750        69030       160.00
    2823.000     0.994531        69082       182.86
    2837.000     0.995313        69137       213.33
    2853.000     0.996094        69186       256.00
    2863.000     0.996484        69212       284.44
    2875.000     0.996875        69241       320.00
    2889.000     0.997266        69268       365.71
    2901.000     0.997656        69297       426.67
    2913.000     0.998047        69322       512.00
    2919.000     0.998242        69337       568.89
    2925.000     0.998437        69351       640.00
    2937.000     0.998633        69364       731.43
    2949.000     0.998828        69375       853.33
    2959.000     0.999023        69392      1024.00
    2961.000     0.999121        69395      1137.78
    2971.000     0.999219        69402      1280.00
    2987.000     0.999316        69410      1462.86
    2993.000     0.999414        69416      1706.67
    3007.000     0.999512        69423      2048.00
    3021.000     0.999561        69426      2275.56
    3029.000     0.999609        69430      2560.00
    3039.000     0.999658        69433      2925.71
    3053.000     0.999707        69436      3413.33
    3073.000     0.999756        69440      4096.00
    3081.000     0.999780        69441      4551.11
    3095.000     0.999805        69443      5120.00
    3109.000     0.999829        69445      5851.43
    3115.000     0.999854        69446      6826.67
    3123.000     0.999878        69448      8192.00
    3125.000     0.999890        69449      9102.22
    3133.000     0.999902        69450     10240.00
    3161.000     0.999915        69451     11702.86
    3161.000     0.999927        69451     13653.33
    3163.000     0.999939        69452     16384.00
    3177.000     0.999945        69453     18204.44
    3177.000     0.999951        69453     20480.00
    3209.000     0.999957        69454     23405.71
    3209.000     0.999963        69454     27306.67
    3209.000     0.999969        69454     32768.00
    3219.000     0.999973        69455     36408.89
    3219.000     0.999976        69455     40960.00
    3219.000     0.999979        69455     46811.43
    3219.000     0.999982        69455     54613.33
    3219.000     0.999985        69455     65536.00
    7247.000     0.999986        69456     72817.78
    7247.000     1.000000        69456          inf
#[Mean    =     1471.564, StdDeviation   =      587.446]
#[Max     =     7244.000, Total count    =        69456]
#[Buckets =           27, SubBuckets     =         2048]
----------------------------------------------------------

  Latency Distribution (HdrHistogram - Uncorrected Latency (measured without taking delayed starts into account))
 50.000%  569.00us
 75.000%  682.00us
 90.000%  770.00us
 99.000%  912.00us
 99.900% 1012.00us
 99.990% 1170.00us
 99.999% 2709.00us
100.000% 7027.00us

  Detailed Percentile spectrum:
       Value   Percentile   TotalCount 1/(1-Percentile)

     122.000     0.000000            1         1.00
     349.000     0.100000         7037         1.11
     417.000     0.200000        13949         1.25
     474.000     0.300000        20954         1.43
     523.000     0.400000        27807         1.67
     569.000     0.500000        34831         2.00
     592.000     0.550000        38355         2.22
     614.000     0.600000        41792         2.50
     636.000     0.650000        45254         2.86
     659.000     0.700000        48745         3.33
     682.000     0.750000        52214         4.00
     694.000     0.775000        53927         4.44
     707.000     0.800000        55660         5.00
     721.000     0.825000        57397         5.71
     735.000     0.850000        59058         6.67
     752.000     0.875000        60841         8.00
     761.000     0.887500        61731         8.89
     770.000     0.900000        62562        10.00
     781.000     0.912500        63432        11.43
     793.000     0.925000        64312        13.33
     806.000     0.937500        65140        16.00
     813.000     0.943750        65553        17.78
     822.000     0.950000        66011        20.00
     831.000     0.956250        66424        22.86
     841.000     0.962500        66860        26.67
     852.000     0.968750        67292        32.00
     858.000     0.971875        67521        35.56
     865.000     0.975000        67732        40.00
     872.000     0.978125        67944        45.71
     881.000     0.981250        68165        53.33
     891.000     0.984375        68395        64.00
     895.000     0.985938        68481        71.11
     901.000     0.987500        68597        80.00
     907.000     0.989062        68703        91.43
     915.000     0.990625        68815       106.67
     923.000     0.992188        68922       128.00
     928.000     0.992969        68983       142.22
     932.000     0.993750        69029       160.00
     937.000     0.994531        69077       182.86
     945.000     0.995313        69135       213.33
     952.000     0.996094        69191       256.00
     956.000     0.996484        69212       284.44
     959.000     0.996875        69239       320.00
     966.000     0.997266        69267       365.71
     972.000     0.997656        69295       426.67
     980.000     0.998047        69321       512.00
     987.000     0.998242        69334       568.89
     994.000     0.998437        69350       640.00
    1001.000     0.998633        69363       731.43
    1007.000     0.998828        69376       853.33
    1016.000     0.999023        69390      1024.00
    1018.000     0.999121        69395      1137.78
    1024.000     0.999219        69402      1280.00
    1035.000     0.999316        69410      1462.86
    1040.000     0.999414        69417      1706.67
    1049.000     0.999512        69423      2048.00
    1052.000     0.999561        69426      2275.56
    1074.000     0.999609        69429      2560.00
    1095.000     0.999658        69433      2925.71
    1104.000     0.999707        69436      3413.33
    1125.000     0.999756        69440      4096.00
    1134.000     0.999780        69441      4551.11
    1146.000     0.999805        69443      5120.00
    1155.000     0.999829        69445      5851.43
    1158.000     0.999854        69446      6826.67
    1164.000     0.999878        69448      8192.00
    1170.000     0.999890        69449      9102.22
    1175.000     0.999902        69450     10240.00
    1214.000     0.999915        69451     11702.86
    1214.000     0.999927        69451     13653.33
    1227.000     0.999939        69452     16384.00
    1253.000     0.999945        69453     18204.44
    1253.000     0.999951        69453     20480.00
    1300.000     0.999957        69454     23405.71
    1300.000     0.999963        69454     27306.67
    1300.000     0.999969        69454     32768.00
    2709.000     0.999973        69455     36408.89
    2709.000     0.999976        69455     40960.00
    2709.000     0.999979        69455     46811.43
    2709.000     0.999982        69455     54613.33
    2709.000     0.999985        69455     65536.00
    7027.000     0.999986        69456     72817.78
    7027.000     1.000000        69456          inf
#[Mean    =      565.508, StdDeviation   =      160.790]
#[Max     =     7024.000, Total count    =        69456]
#[Buckets =           27, SubBuckets     =         2048]
----------------------------------------------------------
  69457 requests in 10.00s, 5.83MB read
Requests/sec:   6945.52
Transfer/sec:    596.88KB

