Command: /tmp/wrk2/wrk http://10.10.1.1:8000/index.html -c 32 -t 1 -R 8000 -d 10 -L -U
Return code: 0
STDOUT:
Running 10s test @ http://10.10.1.1:8000/index.html
  1 threads and 32 connections
  Thread Stats   Avg      Stdev     Max   +/- Stdev
    Latency   1519.34u  655.86us6884.00us   61.84%
    Req/Sec       -nan      -nan   0.00      0.00%
  Latency Distribution (HdrHistogram - Recorded Latency)
 50.000% 1445.00us
 75.000% 2036.00us
 90.000% 2437.00us
 99.000% 2953.00us
 99.900% 3197.00us
 99.990% 3279.00us
 99.999% 3323.00us
100.000% 6887.00us

  Detailed Percentile spectrum:
       Value   Percentile   TotalCount 1/(1-Percentile)

     135.000     0.000000            1         1.00
     722.000     0.100000         7966         1.11
     886.000     0.200000        15885         1.25
    1044.000     0.300000        23826         1.43
    1230.000     0.400000        31775         1.67
    1445.000     0.500000        39711         2.00
    1554.000     0.550000        43692         2.22
    1676.000     0.600000        47646         2.50
    1800.000     0.650000        51631         2.86
    1911.000     0.700000        55569         3.33
    2036.000     0.750000        59552         4.00
    2107.000     0.775000        61557         4.44
    2175.000     0.800000        63507         5.00
    2239.000     0.825000        65493         5.71
    2303.000     0.850000        67515         6.67
    2367.000     0.875000        69466         8.00
    2403.000     0.887500        70481         8.89
    2437.000     0.900000        71442        10.00
    2479.000     0.912500        72440        11.43
    2525.000     0.925000        73444        13.33
    2575.000     0.937500        74448        16.00
    2603.000     0.943750        74918        17.78
    2639.000     0.950000        75429        20.00
    2677.000     0.956250        75906        22.86
    2719.000     0.962500        76407        26.67
    2763.000     0.968750        76909        32.00
    2787.000     0.971875        77149        35.56
    2811.000     0.975000        77395        40.00
    2833.000     0.978125        77640        45.71
    2861.000     0.981250        77905        53.33
    2891.000     0.984375        78154        64.00
    2905.000     0.985938        78275        71.11
    2919.000     0.987500        78400        80.00
    2937.000     0.989062        78514        91.43
    2969.000     0.990625        78633       106.67
    3007.000     0.992188        78755       128.00
    3033.000     0.992969        78818       142.22
    3059.000     0.993750        78885       160.00
    3077.000     0.994531        78943       182.86
    3095.000     0.995313        79004       213.33
    3111.000     0.996094        79066       256.00
    3121.000     0.996484        79100       284.44
    3131.000     0.996875        79133       320.00
    3141.000     0.997266        79160       365.71
    3151.000     0.997656        79194       426.67
    3159.000     0.998047        79220       512.00
    3165.000     0.998242        79237       568.89
    3173.000     0.998437        79253       640.00
    3181.000     0.998633        79267       731.43
    3189.000     0.998828        79284       853.33
    3199.000     0.999023        79300      1024.00
    3205.000     0.999121        79307      1137.78
    3209.000     0.999219        79313      1280.00
    3217.000     0.999316        79324      1462.86
    3225.000     0.999414        79329      1706.67
    3235.000     0.999512        79337      2048.00
    3247.000     0.999561        79341      2275.56
    3249.000     0.999609        79344      2560.00
    3251.000     0.999658        79349      2925.71
    3255.000     0.999707        79353      3413.33
    3259.000     0.999756        79358      4096.00
    3259.000     0.999780        79358      4551.11
    3263.000     0.999805        79361      5120.00
    3265.000     0.999829        79363      5851.43
    3267.000     0.999854        79364      6826.67
    3273.000     0.999878        79366      8192.00
    3279.000     0.999890        79367      9102.22
    3281.000     0.999902        79368     10240.00
    3291.000     0.999915        79369     11702.86
    3295.000     0.999927        79370     13653.33
    3301.000     0.999939        79371     16384.00
    3301.000     0.999945        79371     18204.44
    3315.000     0.999951        79372     20480.00
    3315.000     0.999957        79372     23405.71
    3323.000     0.999963        79374     27306.67
    3323.000     0.999969        79374     32768.00
    3323.000     0.999973        79374     36408.89
    3323.000     0.999976        79374     40960.00
    3323.000     0.999979        79374     46811.43
    3323.000     0.999982        79374     54613.33
    3323.000     0.999985        79374     65536.00
    3323.000     0.999986        79374     72817.78
    6887.000     0.999988        79375     81920.00
    6887.000     1.000000        79375          inf
#[Mean    =     1519.335, StdDeviation   =      655.864]
#[Max     =     6884.000, Total count    =        79375]
#[Buckets =           27, SubBuckets     =         2048]
----------------------------------------------------------

  Latency Distribution (HdrHistogram - Uncorrected Latency (measured without taking delayed starts into account))
 50.000%  648.00us
 75.000%  764.00us
 90.000%  868.00us
 99.000% 1033.00us
 99.900% 1129.00us
 99.990% 1210.00us
 99.999% 1300.00us
100.000% 6587.00us

  Detailed Percentile spectrum:
       Value   Percentile   TotalCount 1/(1-Percentile)

     100.000     0.000000            1         1.00
     371.000     0.100000         7999         1.11
     464.000     0.200000        15900         1.25
     537.000     0.300000        23895         1.43
     597.000     0.400000        31846         1.67
     648.000     0.500000        39832         2.00
     671.000     0.550000        43812         2.22
     693.000     0.600000        47631         2.50
     716.000     0.650000        51678         2.86
     739.000     0.700000        55672         3.33
     764.000     0.750000        59693         4.00
     777.000     0.775000        61631         4.44
     791.000     0.800000        63521         5.00
     807.000     0.825000        65615         5.71
     824.000     0.850000        67526         6.67
     844.000     0.875000        69488         8.00
     855.000     0.887500        70478         8.89
     868.000     0.900000        71489        10.00
     881.000     0.912500        72472        11.43
     896.000     0.925000        73450        13.33
     912.000     0.937500        74419        16.00
     921.000     0.943750        74943        17.78
     931.000     0.950000        75437        20.00
     942.000     0.956250        75953        22.86
     953.000     0.962500        76425        26.67
     965.000     0.968750        76898        32.00
     973.000     0.971875        77153        35.56
     980.000     0.975000        77391        40.00
     988.000     0.978125        77643        45.71
     998.000     0.981250        77905        53.33
    1009.000     0.984375        78138        64.00
    1016.000     0.985938        78272        71.11
    1021.000     0.987500        78384        80.00
    1028.000     0.989062        78509        91.43
    1036.000     0.990625        78631       106.67
    1044.000     0.992188        78756       128.00
    1049.000     0.992969        78818       142.22
    1055.000     0.993750        78884       160.00
    1060.000     0.994531        78944       182.86
    1067.000     0.995313        79005       213.33
    1076.000     0.996094        79071       256.00
    1080.000     0.996484        79100       284.44
    1086.000     0.996875        79128       320.00
    1093.000     0.997266        79163       365.71
    1101.000     0.997656        79195       426.67
    1106.000     0.998047        79220       512.00
    1111.000     0.998242        79240       568.89
    1116.000     0.998437        79251       640.00
    1120.000     0.998633        79268       731.43
    1124.000     0.998828        79282       853.33
    1129.000     0.999023        79298      1024.00
    1134.000     0.999121        79308      1137.78
    1137.000     0.999219        79314      1280.00
    1140.000     0.999316        79321      1462.86
    1145.000     0.999414        79329      1706.67
    1151.000     0.999512        79337      2048.00
    1155.000     0.999561        79341      2275.56
    1160.000     0.999609        79345      2560.00
    1162.000     0.999658        79349      2925.71
    1168.000     0.999707        79353      3413.33
    1179.000     0.999756        79356      4096.00
    1188.000     0.999780        79358      4551.11
    1193.000     0.999805        79360      5120.00
    1197.000     0.999829        79363      5851.43
    1202.000     0.999854        79364      6826.67
    1206.000     0.999878        79366      8192.00
    1210.000     0.999890        79367      9102.22
    1220.000     0.999902        79368     10240.00
    1224.000     0.999915        79369     11702.86
    1237.000     0.999927        79370     13653.33
    1238.000     0.999939        79371     16384.00
    1238.000     0.999945        79371     18204.44
    1264.000     0.999951        79372     20480.00
    1264.000     0.999957        79372     23405.71
    1279.000     0.999963        79373     27306.67
    1279.000     0.999969        79373     32768.00
    1279.000     0.999973        79373     36408.89
    1300.000     0.999976        79374     40960.00
    1300.000     0.999979        79374     46811.43
    1300.000     0.999982        79374     54613.33
    1300.000     0.999985        79374     65536.00
    1300.000     0.999986        79374     72817.78
    6587.000     0.999988        79375     81920.00
    6587.000     1.000000        79375          inf
#[Mean    =      634.275, StdDeviation   =      185.771]
#[Max     =     6584.000, Total count    =        79375]
#[Buckets =           27, SubBuckets     =         2048]
----------------------------------------------------------
  79376 requests in 10.00s, 6.66MB read
Requests/sec:   7937.10
Transfer/sec:    682.09KB

