Command: /tmp/wrk2/wrk http://10.10.1.1:8000/index.html -c 32 -t 1 -R 40000 -d 10 -L -U
Return code: 0
STDOUT:
Running 10s test @ http://10.10.1.1:8000/index.html
  1 threads and 32 connections
  Thread Stats   Avg      Stdev     Max   +/- Stdev
    Latency   1219.98u  589.40us3522.00us   64.49%
    Req/Sec       -nan      -nan   0.00      0.00%
  Latency Distribution (HdrHistogram - Recorded Latency)
 50.000% 1144.00us
 75.000% 1629.00us
 90.000% 2071.00us
 99.000% 2629.00us
 99.900% 2873.00us
 99.990% 3133.00us
 99.999% 3365.00us
100.000% 3523.00us

  Detailed Percentile spectrum:
       Value   Percentile   TotalCount 1/(1-Percentile)

      77.000     0.000000            1         1.00
     498.000     0.100000        39802         1.11
     670.000     0.200000        79411         1.25
     823.000     0.300000       119190         1.43
     975.000     0.400000       158986         1.67
    1144.000     0.500000       198537         2.00
    1235.000     0.550000       218503         2.22
    1326.000     0.600000       238201         2.50
    1420.000     0.650000       258108         2.86
    1519.000     0.700000       277907         3.33
    1629.000     0.750000       297668         4.00
    1691.000     0.775000       307679         4.44
    1754.000     0.800000       317484         5.00
    1824.000     0.825000       327418         5.71
    1902.000     0.850000       337456         6.67
    1980.000     0.875000       347349         8.00
    2024.000     0.887500       352270         8.89
    2071.000     0.900000       357280        10.00
    2119.000     0.912500       362215        11.43
    2171.000     0.925000       367133        13.33
    2233.000     0.937500       372051        16.00
    2267.000     0.943750       374544        17.78
    2303.000     0.950000       377128        20.00
    2339.000     0.956250       379547        22.86
    2381.000     0.962500       382037        26.67
    2425.000     0.968750       384505        32.00
    2449.000     0.971875       385715        35.56
    2477.000     0.975000       387014        40.00
    2503.000     0.978125       388191        45.71
    2531.000     0.981250       389448        53.33
    2561.000     0.984375       390699        64.00
    2579.000     0.985938       391327        71.11
    2597.000     0.987500       391934        80.00
    2617.000     0.989062       392549        91.43
    2637.000     0.990625       393135       106.67
    2661.000     0.992188       393762       128.00
    2677.000     0.992969       394079       142.22
    2691.000     0.993750       394375       160.00
    2707.000     0.994531       394699       182.86
    2723.000     0.995313       394993       213.33
    2741.000     0.996094       395315       256.00
    2753.000     0.996484       395468       284.44
    2767.000     0.996875       395623       320.00
    2781.000     0.997266       395779       365.71
    2795.000     0.997656       395929       426.67
    2811.000     0.998047       396081       512.00
    2821.000     0.998242       396160       568.89
    2833.000     0.998437       396238       640.00
    2845.000     0.998633       396311       731.43
    2859.000     0.998828       396391       853.33
    2875.000     0.999023       396469      1024.00
    2885.000     0.999121       396507      1137.78
    2897.000     0.999219       396548      1280.00
    2909.000     0.999316       396584      1462.86
    2921.000     0.999414       396622      1706.67
    2941.000     0.999512       396661      2048.00
    2949.000     0.999561       396683      2275.56
    2955.000     0.999609       396698      2560.00
    2967.000     0.999658       396719      2925.71
    2989.000     0.999707       396742      3413.33
    3011.000     0.999756       396757      4096.00
    3025.000     0.999780       396766      4551.11
    3035.000     0.999805       396776      5120.00
    3053.000     0.999829       396786      5851.43
    3085.000     0.999854       396795      6826.67
    3115.000     0.999878       396805      8192.00
    3127.000     0.999890       396810      9102.22
    3147.000     0.999902       396815     10240.00
    3165.000     0.999915       396820     11702.86
    3181.000     0.999927       396824     13653.33
    3207.000     0.999939       396829     16384.00
    3221.000     0.999945       396832     18204.44
    3233.000     0.999951       396834     20480.00
    3247.000     0.999957       396838     23405.71
    3249.000     0.999963       396839     27306.67
    3291.000     0.999969       396841     32768.00
    3303.000     0.999973       396843     36408.89
    3311.000     0.999976       396844     40960.00
    3319.000     0.999979       396845     46811.43
    3331.000     0.999982       396846     54613.33
    3333.000     0.999985       396848     65536.00
    3333.000     0.999986       396848     72817.78
    3365.000     0.999988       396849     81920.00
    3365.000     0.999989       396849     93622.86
    3369.000     0.999991       396850    109226.67
    3369.000     0.999992       396850    131072.00
    3401.000     0.999993       396851    145635.56
    3401.000     0.999994       396851    163840.00
    3401.000     0.999995       396851    187245.71
    3433.000     0.999995       396852    218453.33
    3433.000     0.999996       396852    262144.00
    3433.000     0.999997       396852    291271.11
    3433.000     0.999997       396852    327680.00
    3433.000     0.999997       396852    374491.43
    3523.000     0.999998       396853    436906.67
    3523.000     1.000000       396853          inf
#[Mean    =     1219.978, StdDeviation   =      589.404]
#[Max     =     3522.000, Total count    =       396853]
#[Buckets =           27, SubBuckets     =         2048]
----------------------------------------------------------

  Latency Distribution (HdrHistogram - Uncorrected Latency (measured without taking delayed starts into account))
 50.000%  435.00us
 75.000%  536.00us
 90.000%  620.00us
 99.000%  766.00us
 99.900%  913.00us
 99.990% 1183.00us
 99.999% 1561.00us
100.000% 1661.00us

  Detailed Percentile spectrum:
       Value   Percentile   TotalCount 1/(1-Percentile)

      54.000     0.000000            1         1.00
     238.000     0.100000        40022         1.11
     302.000     0.200000        79957         1.25
     354.000     0.300000       119595         1.43
     396.000     0.400000       158744         1.67
     435.000     0.500000       198778         2.00
     454.000     0.550000       218303         2.22
     474.000     0.600000       238788         2.50
     494.000     0.650000       258457         2.86
     515.000     0.700000       278645         3.33
     536.000     0.750000       297769         4.00
     548.000     0.775000       308114         4.44
     560.000     0.800000       317917         5.00
     573.000     0.825000       327930         5.71
     587.000     0.850000       337864         6.67
     602.000     0.875000       347510         8.00
     611.000     0.887500       352633         8.89
     620.000     0.900000       357395        10.00
     630.000     0.912500       362355        11.43
     641.000     0.925000       367132        13.33
     654.000     0.937500       372128        16.00
     661.000     0.943750       374565        17.78
     669.000     0.950000       377038        20.00
     678.000     0.956250       379597        22.86
     688.000     0.962500       382172        26.67
     699.000     0.968750       384526        32.00
     706.000     0.971875       385864        35.56
     712.000     0.975000       386932        40.00
     721.000     0.978125       388315        45.71
     730.000     0.981250       389505        53.33
     740.000     0.984375       390682        64.00
     746.000     0.985938       391310        71.11
     753.000     0.987500       391951        80.00
     761.000     0.989062       392567        91.43
     770.000     0.990625       393201       106.67
     780.000     0.992188       393785       128.00
     786.000     0.992969       394079       142.22
     793.000     0.993750       394392       160.00
     801.000     0.994531       394696       182.86
     810.000     0.995313       395016       213.33
     820.000     0.996094       395311       256.00
     827.000     0.996484       395470       284.44
     834.000     0.996875       395624       320.00
     841.000     0.997266       395774       365.71
     851.000     0.997656       395935       426.67
     863.000     0.998047       396078       512.00
     872.000     0.998242       396156       568.89
     881.000     0.998437       396240       640.00
     890.000     0.998633       396315       731.43
     901.000     0.998828       396390       853.33
     915.000     0.999023       396467      1024.00
     925.000     0.999121       396507      1137.78
     935.000     0.999219       396546      1280.00
     946.000     0.999316       396583      1462.86
     960.000     0.999414       396623      1706.67
     977.000     0.999512       396660      2048.00
     986.000     0.999561       396679      2275.56
     998.000     0.999609       396699      2560.00
    1010.000     0.999658       396720      2925.71
    1023.000     0.999707       396737      3413.33
    1045.000     0.999756       396758      4096.00
    1057.000     0.999780       396766      4551.11
    1074.000     0.999805       396776      5120.00
    1097.000     0.999829       396786      5851.43
    1117.000     0.999854       396795      6826.67
    1142.000     0.999878       396805      8192.00
    1149.000     0.999890       396810      9102.22
    1222.000     0.999902       396815     10240.00
    1262.000     0.999915       396820     11702.86
    1282.000     0.999927       396824     13653.33
    1338.000     0.999939       396829     16384.00
    1373.000     0.999945       396832     18204.44
    1395.000     0.999951       396834     20480.00
    1415.000     0.999957       396837     23405.71
    1419.000     0.999963       396839     27306.67
    1432.000     0.999969       396841     32768.00
    1493.000     0.999973       396843     36408.89
    1536.000     0.999976       396844     40960.00
    1538.000     0.999979       396845     46811.43
    1542.000     0.999982       396846     54613.33
    1549.000     0.999985       396847     65536.00
    1557.000     0.999986       396848     72817.78
    1561.000     0.999988       396849     81920.00
    1561.000     0.999989       396849     93622.86
    1571.000     0.999991       396850    109226.67
    1571.000     0.999992       396850    131072.00
    1581.000     0.999993       396851    145635.56
    1581.000     0.999994       396851    163840.00
    1581.000     0.999995       396851    187245.71
    1594.000     0.999995       396852    218453.33
    1594.000     0.999996       396852    262144.00
    1594.000     0.999997       396852    291271.11
    1594.000     0.999997       396852    327680.00
    1594.000     0.999997       396852    374491.43
    1661.000     0.999998       396853    436906.67
    1661.000     1.000000       396853          inf
#[Mean    =      434.845, StdDeviation   =      143.654]
#[Max     =     1661.000, Total count    =       396853]
#[Buckets =           27, SubBuckets     =         2048]
----------------------------------------------------------
  396855 requests in 10.00s, 33.31MB read
Requests/sec:  39685.21
Transfer/sec:      3.33MB

