Command: /tmp/wrk2/wrk http://10.10.1.1:8000/index.html -c 1 -t 1 -R 1000 -d 10 -L -U
Return code: 0
STDOUT:
Running 10s test @ http://10.10.1.1:8000/index.html
  1 threads and 1 connections
  Thread Stats   Avg      Stdev     Max   +/- Stdev
    Latency   1091.16u  393.56us1916.00us   66.79%
    Req/Sec       -nan      -nan   0.00      0.00%
  Latency Distribution (HdrHistogram - Recorded Latency)
 50.000% 1092.00us
 75.000% 1395.00us
 90.000% 1628.00us
 99.000% 1845.00us
 99.900% 1885.00us
 99.990% 1908.00us
 99.999% 1916.00us
100.000% 1916.00us

  Detailed Percentile spectrum:
       Value   Percentile   TotalCount 1/(1-Percentile)

     150.000     0.000000            1         1.00
     512.000     0.100000         1002         1.11
     764.000     0.200000         2000         1.25
     875.000     0.300000         3003         1.43
    1003.000     0.400000         4004         1.67
    1092.000     0.500000         5003         2.00
    1152.000     0.550000         5505         2.22
    1204.000     0.600000         6006         2.50
    1256.000     0.650000         6507         2.86
    1319.000     0.700000         7003         3.33
    1395.000     0.750000         7503         4.00
    1428.000     0.775000         7752         4.44
    1456.000     0.800000         8014         5.00
    1492.000     0.825000         8253         5.71
    1544.000     0.850000         8503         6.67
    1589.000     0.875000         8751         8.00
    1610.000     0.887500         8881         8.89
    1628.000     0.900000         9004        10.00
    1641.000     0.912500         9124        11.43
    1673.000     0.925000         9257        13.33
    1692.000     0.937500         9381        16.00
    1699.000     0.943750         9437        17.78
    1705.000     0.950000         9499        20.00
    1714.000     0.956250         9561        22.86
    1732.000     0.962500         9627        26.67
    1752.000     0.968750         9686        32.00
    1765.000     0.971875         9717        35.56
    1777.000     0.975000         9750        40.00
    1786.000     0.978125         9780        45.71
    1814.000     0.981250         9811        53.33
    1823.000     0.984375         9844        64.00
    1827.000     0.985938         9859        71.11
    1836.000     0.987500         9875        80.00
    1842.000     0.989062         9890        91.43
    1848.000     0.990625         9906       106.67
    1852.000     0.992188         9920       128.00
    1856.000     0.992969         9932       142.22
    1858.000     0.993750         9936       160.00
    1862.000     0.994531         9946       182.86
    1864.000     0.995313         9952       213.33
    1867.000     0.996094         9962       256.00
    1868.000     0.996484         9963       284.44
    1870.000     0.996875         9968       320.00
    1871.000     0.997266         9971       365.71
    1874.000     0.997656         9976       426.67
    1877.000     0.998047         9979       512.00
    1879.000     0.998242         9982       568.89
    1881.000     0.998437         9983       640.00
    1882.000     0.998633         9986       731.43
    1883.000     0.998828         9987       853.33
    1886.000     0.999023         9989      1024.00
    1887.000     0.999121         9991      1137.78
    1887.000     0.999219         9991      1280.00
    1889.000     0.999316         9992      1462.86
    1891.000     0.999414         9993      1706.67
    1892.000     0.999512         9994      2048.00
    1892.000     0.999561         9994      2275.56
    1897.000     0.999609         9995      2560.00
    1897.000     0.999658         9995      2925.71
    1905.000     0.999707         9996      3413.33
    1905.000     0.999756         9996      4096.00
    1905.000     0.999780         9996      4551.11
    1908.000     0.999805         9997      5120.00
    1908.000     0.999829         9997      5851.43
    1908.000     0.999854         9997      6826.67
    1908.000     0.999878         9997      8192.00
    1908.000     0.999890         9997      9102.22
    1916.000     0.999902         9998     10240.00
    1916.000     1.000000         9998          inf
#[Mean    =     1091.159, StdDeviation   =      393.564]
#[Max     =     1916.000, Total count    =         9998]
#[Buckets =           27, SubBuckets     =         2048]
----------------------------------------------------------

  Latency Distribution (HdrHistogram - Uncorrected Latency (measured without taking delayed starts into account))
 50.000%  297.00us
 75.000%  328.00us
 90.000%  342.00us
 99.000%  364.00us
 99.900%  382.00us
 99.990%  449.00us
 99.999%  499.00us
100.000%  499.00us

  Detailed Percentile spectrum:
       Value   Percentile   TotalCount 1/(1-Percentile)

      99.000     0.000000            1         1.00
     184.000     0.100000         1005         1.11
     244.000     0.200000         2001         1.25
     274.000     0.300000         3068         1.43
     285.000     0.400000         4021         1.67
     297.000     0.500000         5026         2.00
     306.000     0.550000         5508         2.22
     321.000     0.600000         6097         2.50
     323.000     0.650000         6510         2.86
     325.000     0.700000         7033         3.33
     328.000     0.750000         7671         4.00
     329.000     0.775000         7818         4.44
     331.000     0.800000         8100         5.00
     333.000     0.825000         8330         5.71
     335.000     0.850000         8502         6.67
     338.000     0.875000         8761         8.00
     340.000     0.887500         8926         8.89
     342.000     0.900000         9062        10.00
     343.000     0.912500         9138        11.43
     345.000     0.925000         9274        13.33
     347.000     0.937500         9411        16.00
     348.000     0.943750         9466        17.78
     349.000     0.950000         9507        20.00
     351.000     0.956250         9582        22.86
     353.000     0.962500         9636        26.67
     356.000     0.968750         9707        32.00
     357.000     0.971875         9726        35.56
     358.000     0.975000         9751        40.00
     360.000     0.978125         9803        45.71
     361.000     0.981250         9823        53.33
     362.000     0.984375         9848        64.00
     363.000     0.985938         9878        71.11
     363.000     0.987500         9878        80.00
     364.000     0.989062         9903        91.43
     365.000     0.990625         9917       106.67
     366.000     0.992188         9927       128.00
     367.000     0.992969         9939       142.22
     367.000     0.993750         9939       160.00
     368.000     0.994531         9949       182.86
     369.000     0.995313         9955       213.33
     370.000     0.996094         9961       256.00
     371.000     0.996484         9964       284.44
     372.000     0.996875         9968       320.00
     373.000     0.997266         9972       365.71
     375.000     0.997656         9976       426.67
     377.000     0.998047         9979       512.00
     378.000     0.998242         9982       568.89
     379.000     0.998437         9983       640.00
     381.000     0.998633         9986       731.43
     382.000     0.998828         9988       853.33
     384.000     0.999023         9990      1024.00
     384.000     0.999121         9990      1137.78
     386.000     0.999219         9991      1280.00
     389.000     0.999316         9992      1462.86
     390.000     0.999414         9993      1706.67
     398.000     0.999512         9994      2048.00
     398.000     0.999561         9994      2275.56
     400.000     0.999609         9995      2560.00
     400.000     0.999658         9995      2925.71
     441.000     0.999707         9996      3413.33
     441.000     0.999756         9996      4096.00
     441.000     0.999780         9996      4551.11
     449.000     0.999805         9997      5120.00
     449.000     0.999829         9997      5851.43
     449.000     0.999854         9997      6826.67
     449.000     0.999878         9997      8192.00
     449.000     0.999890         9997      9102.22
     499.000     0.999902         9998     10240.00
     499.000     1.000000         9998          inf
#[Mean    =      284.781, StdDeviation   =       60.637]
#[Max     =      499.000, Total count    =         9998]
#[Buckets =           27, SubBuckets     =         2048]
----------------------------------------------------------
  9999 requests in 10.00s, 859.29KB read
Requests/sec:    999.87
Transfer/sec:     85.93KB

