Command: /tmp/wrk2/wrk http://10.10.1.1:8000/index.html -c 1 -t 1 -R 3000 -d 10 -L -U
Return code: 0
STDOUT:
Running 10s test @ http://10.10.1.1:8000/index.html
  1 threads and 1 connections
  Thread Stats   Avg      Stdev     Max   +/- Stdev
    Latency   941.40us  445.60us2262.00us   69.83%
    Req/Sec       -nan      -nan   0.00      0.00%
  Latency Distribution (HdrHistogram - Recorded Latency)
 50.000%  927.00us
 75.000% 1223.00us
 90.000% 1476.00us
 99.000% 2091.00us
 99.900% 2219.00us
 99.990% 2257.00us
 99.999% 2263.00us
100.000% 2263.00us

  Detailed Percentile spectrum:
       Value   Percentile   TotalCount 1/(1-Percentile)

     113.000     0.000000            1         1.00
     376.000     0.100000         3006         1.11
     517.000     0.200000         6005         1.25
     665.000     0.300000         9013         1.43
     793.000     0.400000        11999         1.67
     927.000     0.500000        14997         2.00
     993.000     0.550000        16497         2.22
    1062.000     0.600000        17999         2.50
    1109.000     0.650000        19499         2.86
    1155.000     0.700000        20999         3.33
    1223.000     0.750000        22510         4.00
    1253.000     0.775000        23259         4.44
    1279.000     0.800000        24005         5.00
    1305.000     0.825000        24767         5.71
    1333.000     0.850000        25506         6.67
    1372.000     0.875000        26254         8.00
    1399.000     0.887500        26626         8.89
    1476.000     0.900000        26995        10.00
    1570.000     0.912500        27369        11.43
    1665.000     0.925000        27744        13.33
    1784.000     0.937500        28124        16.00
    1819.000     0.943750        28307        17.78
    1859.000     0.950000        28495        20.00
    1897.000     0.956250        28689        22.86
    1935.000     0.962500        28872        26.67
    1967.000     0.968750        29062        32.00
    1983.000     0.971875        29153        35.56
    2000.000     0.975000        29252        40.00
    2016.000     0.978125        29339        45.71
    2032.000     0.981250        29441        53.33
    2049.000     0.984375        29527        64.00
    2059.000     0.985938        29574        71.11
    2069.000     0.987500        29627        80.00
    2083.000     0.989062        29670        91.43
    2097.000     0.990625        29713       106.67
    2113.000     0.992188        29760       128.00
    2121.000     0.992969        29787       142.22
    2127.000     0.993750        29809       160.00
    2133.000     0.994531        29832       182.86
    2143.000     0.995313        29857       213.33
    2153.000     0.996094        29876       256.00
    2157.000     0.996484        29891       284.44
    2161.000     0.996875        29903       320.00
    2167.000     0.997266        29913       365.71
    2173.000     0.997656        29923       426.67
    2189.000     0.998047        29936       512.00
    2195.000     0.998242        29942       568.89
    2199.000     0.998437        29950       640.00
    2203.000     0.998633        29955       731.43
    2213.000     0.998828        29958       853.33
    2219.000     0.999023        29968      1024.00
    2219.000     0.999121        29968      1137.78
    2223.000     0.999219        29971      1280.00
    2225.000     0.999316        29974      1462.86
    2229.000     0.999414        29976      1706.67
    2237.000     0.999512        29981      2048.00
    2237.000     0.999561        29981      2275.56
    2241.000     0.999609        29984      2560.00
    2241.000     0.999658        29984      2925.71
    2243.000     0.999707        29985      3413.33
    2247.000     0.999756        29986      4096.00
    2249.000     0.999780        29987      4551.11
    2251.000     0.999805        29988      5120.00
    2251.000     0.999829        29988      5851.43
    2255.000     0.999854        29989      6826.67
    2257.000     0.999878        29990      8192.00
    2257.000     0.999890        29990      9102.22
    2259.000     0.999902        29992     10240.00
    2259.000     0.999915        29992     11702.86
    2259.000     0.999927        29992     13653.33
    2259.000     0.999939        29992     16384.00
    2259.000     0.999945        29992     18204.44
    2259.000     0.999951        29992     20480.00
    2259.000     0.999957        29992     23405.71
    2259.000     0.999963        29992     27306.67
    2263.000     0.999969        29993     32768.00
    2263.000     1.000000        29993          inf
#[Mean    =      941.402, StdDeviation   =      445.599]
#[Max     =     2262.000, Total count    =        29993]
#[Buckets =           27, SubBuckets     =         2048]
----------------------------------------------------------

  Latency Distribution (HdrHistogram - Uncorrected Latency (measured without taking delayed starts into account))
 50.000%  222.00us
 75.000%  303.00us
 90.000%  321.00us
 99.000%  341.00us
 99.900%  376.00us
 99.990%  418.00us
 99.999%  480.00us
100.000%  480.00us

  Detailed Percentile spectrum:
       Value   Percentile   TotalCount 1/(1-Percentile)

      70.000     0.000000            1         1.00
     117.000     0.100000         3227         1.11
     141.000     0.200000         6006         1.25
     200.000     0.300000         9032         1.43
     208.000     0.400000        12264         1.67
     222.000     0.500000        15068         2.00
     228.000     0.550000        16585         2.22
     237.000     0.600000        18089         2.50
     262.000     0.650000        19540         2.86
     286.000     0.700000        21009         3.33
     303.000     0.750000        22541         4.00
     311.000     0.775000        23339         4.44
     315.000     0.800000        24094         5.00
     317.000     0.825000        24980         5.71
     318.000     0.850000        25505         6.67
     320.000     0.875000        26626         8.00
     320.000     0.887500        26626         8.89
     321.000     0.900000        27160        10.00
     322.000     0.912500        27615        11.43
     323.000     0.925000        27954        13.33
     324.000     0.937500        28236        16.00
     325.000     0.943750        28429        17.78
     326.000     0.950000        28590        20.00
     327.000     0.956250        28715        22.86
     329.000     0.962500        28921        26.67
     331.000     0.968750        29113        32.00
     332.000     0.971875        29190        35.56
     333.000     0.975000        29275        40.00
     334.000     0.978125        29350        45.71
     336.000     0.981250        29496        53.33
     337.000     0.984375        29557        64.00
     338.000     0.985938        29602        71.11
     339.000     0.987500        29634        80.00
     340.000     0.989062        29669        91.43
     342.000     0.990625        29729       106.67
     344.000     0.992188        29769       128.00
     345.000     0.992969        29785       142.22
     347.000     0.993750        29816       160.00
     349.000     0.994531        29834       182.86
     351.000     0.995313        29863       213.33
     353.000     0.996094        29880       256.00
     355.000     0.996484        29891       284.44
     357.000     0.996875        29900       320.00
     360.000     0.997266        29912       365.71
     362.000     0.997656        29925       426.67
     366.000     0.998047        29937       512.00
     368.000     0.998242        29941       568.89
     370.000     0.998437        29948       640.00
     372.000     0.998633        29953       731.43
     375.000     0.998828        29961       853.33
     378.000     0.999023        29964      1024.00
     380.000     0.999121        29967      1137.78
     382.000     0.999219        29971      1280.00
     383.000     0.999316        29974      1462.86
     385.000     0.999414        29978      1706.67
     387.000     0.999512        29979      2048.00
     388.000     0.999561        29983      2275.56
     388.000     0.999609        29983      2560.00
     388.000     0.999658        29983      2925.71
     389.000     0.999707        29986      3413.33
     389.000     0.999756        29986      4096.00
     390.000     0.999780        29987      4551.11
     392.000     0.999805        29988      5120.00
     392.000     0.999829        29988      5851.43
     406.000     0.999854        29989      6826.67
     418.000     0.999878        29990      8192.00
     418.000     0.999890        29990      9102.22
     452.000     0.999902        29991     10240.00
     452.000     0.999915        29991     11702.86
     452.000     0.999927        29991     13653.33
     468.000     0.999939        29992     16384.00
     468.000     0.999945        29992     18204.44
     468.000     0.999951        29992     20480.00
     468.000     0.999957        29992     23405.71
     468.000     0.999963        29992     27306.67
     480.000     0.999969        29993     32768.00
     480.000     1.000000        29993          inf
#[Mean    =      228.302, StdDeviation   =       72.375]
#[Max     =      480.000, Total count    =        29993]
#[Buckets =           27, SubBuckets     =         2048]
----------------------------------------------------------
  29994 requests in 10.00s, 2.52MB read
Requests/sec:   2999.33
Transfer/sec:    257.76KB

