Command: /tmp/wrk2/wrk http://10.10.1.1:8000/index.html -c 1 -t 1 -R 2000 -d 10 -L -U
Return code: 0
STDOUT:
Running 10s test @ http://10.10.1.1:8000/index.html
  1 threads and 1 connections
  Thread Stats   Avg      Stdev     Max   +/- Stdev
    Latency   1029.26u  473.12us2206.00us   63.89%
    Req/Sec       -nan      -nan   0.00      0.00%
  Latency Distribution (HdrHistogram - Recorded Latency)
 50.000% 1023.00us
 75.000% 1324.00us
 90.000% 1716.00us
 99.000% 2115.00us
 99.900% 2177.00us
 99.990% 2201.00us
 99.999% 2207.00us
100.000% 2207.00us

  Detailed Percentile spectrum:
       Value   Percentile   TotalCount 1/(1-Percentile)

     113.000     0.000000            1         1.00
     400.000     0.100000         2006         1.11
     577.000     0.200000         4003         1.25
     742.000     0.300000         5999         1.43
     886.000     0.400000         8013         1.67
    1023.000     0.500000        10019         2.00
    1081.000     0.550000        11005         2.22
    1134.000     0.600000        12009         2.50
    1192.000     0.650000        13004         2.86
    1247.000     0.700000        14005         3.33
    1324.000     0.750000        15001         4.00
    1362.000     0.775000        15499         4.44
    1410.000     0.800000        15997         5.00
    1496.000     0.825000        16506         5.71
    1564.000     0.850000        17006         6.67
    1634.000     0.875000        17500         8.00
    1670.000     0.887500        17750         8.89
    1717.000     0.900000        18004        10.00
    1754.000     0.912500        18254        11.43
    1794.000     0.925000        18498        13.33
    1845.000     0.937500        18750        16.00
    1866.000     0.943750        18873        17.78
    1890.000     0.950000        19000        20.00
    1916.000     0.956250        19122        22.86
    1952.000     0.962500        19253        26.67
    1983.000     0.968750        19373        32.00
    2003.000     0.971875        19437        35.56
    2022.000     0.975000        19499        40.00
    2044.000     0.978125        19559        45.71
    2067.000     0.981250        19623        53.33
    2083.000     0.984375        19687        64.00
    2093.000     0.985938        19718        71.11
    2101.000     0.987500        19750        80.00
    2111.000     0.989062        19784        91.43
    2119.000     0.990625        19809       106.67
    2127.000     0.992188        19847       128.00
    2129.000     0.992969        19859       142.22
    2135.000     0.993750        19873       160.00
    2141.000     0.994531        19889       182.86
    2149.000     0.995313        19907       213.33
    2153.000     0.996094        19922       256.00
    2155.000     0.996484        19928       284.44
    2157.000     0.996875        19935       320.00
    2159.000     0.997266        19945       365.71
    2163.000     0.997656        19955       426.67
    2165.000     0.998047        19959       512.00
    2171.000     0.998242        19962       568.89
    2173.000     0.998437        19967       640.00
    2175.000     0.998633        19972       731.43
    2177.000     0.998828        19976       853.33
    2179.000     0.999023        19979      1024.00
    2179.000     0.999121        19979      1137.78
    2183.000     0.999219        19981      1280.00
    2185.000     0.999316        19984      1462.86
    2187.000     0.999414        19985      1706.67
    2189.000     0.999512        19987      2048.00
    2191.000     0.999561        19988      2275.56
    2193.000     0.999609        19990      2560.00
    2193.000     0.999658        19990      2925.71
    2195.000     0.999707        19991      3413.33
    2199.000     0.999756        19993      4096.00
    2199.000     0.999780        19993      4551.11
    2199.000     0.999805        19993      5120.00
    2199.000     0.999829        19993      5851.43
    2201.000     0.999854        19994      6826.67
    2201.000     0.999878        19994      8192.00
    2201.000     0.999890        19994      9102.22
    2203.000     0.999902        19995     10240.00
    2203.000     0.999915        19995     11702.86
    2203.000     0.999927        19995     13653.33
    2203.000     0.999939        19995     16384.00
    2203.000     0.999945        19995     18204.44
    2207.000     0.999951        19996     20480.00
    2207.000     1.000000        19996          inf
#[Mean    =     1029.260, StdDeviation   =      473.124]
#[Max     =     2206.000, Total count    =        19996]
#[Buckets =           27, SubBuckets     =         2048]
----------------------------------------------------------

  Latency Distribution (HdrHistogram - Uncorrected Latency (measured without taking delayed starts into account))
 50.000%  261.00us
 75.000%  316.00us
 90.000%  323.00us
 99.000%  342.00us
 99.900%  368.00us
 99.990%  435.00us
 99.999%  465.00us
100.000%  465.00us

  Detailed Percentile spectrum:
       Value   Percentile   TotalCount 1/(1-Percentile)

      77.000     0.000000            1         1.00
     126.000     0.100000         2059         1.11
     178.000     0.200000         4002         1.25
     210.000     0.300000         6068         1.43
     229.000     0.400000         8100         1.67
     261.000     0.500000        10090         2.00
     265.000     0.550000        11008         2.22
     280.000     0.600000        12061         2.50
     297.000     0.650000        13044         2.86
     311.000     0.700000        14010         3.33
     316.000     0.750000        15195         4.00
     317.000     0.775000        15636         4.44
     318.000     0.800000        16127         5.00
     319.000     0.825000        16640         5.71
     320.000     0.850000        17125         6.67
     321.000     0.875000        17557         8.00
     322.000     0.887500        17892         8.89
     323.000     0.900000        18163        10.00
     324.000     0.912500        18383        11.43
     325.000     0.925000        18556        13.33
     327.000     0.937500        18823        16.00
     328.000     0.943750        18929        17.78
     329.000     0.950000        19014        20.00
     331.000     0.956250        19215        22.86
     332.000     0.962500        19313        26.67
     333.000     0.968750        19383        32.00
     334.000     0.971875        19456        35.56
     335.000     0.975000        19511        40.00
     336.000     0.978125        19587        45.71
     337.000     0.981250        19632        53.33
     339.000     0.984375        19725        64.00
     339.000     0.985938        19725        71.11
     340.000     0.987500        19754        80.00
     342.000     0.989062        19804        91.43
     343.000     0.990625        19826       106.67
     344.000     0.992188        19843       128.00
     345.000     0.992969        19857       142.22
     347.000     0.993750        19883       160.00
     348.000     0.994531        19896       182.86
     349.000     0.995313        19906       213.33
     351.000     0.996094        19922       256.00
     352.000     0.996484        19927       284.44
     353.000     0.996875        19935       320.00
     354.000     0.997266        19942       365.71
     356.000     0.997656        19954       426.67
     357.000     0.998047        19957       512.00
     359.000     0.998242        19961       568.89
     361.000     0.998437        19968       640.00
     363.000     0.998633        19970       731.43
     364.000     0.998828        19973       853.33
     369.000     0.999023        19979      1024.00
     369.000     0.999121        19979      1137.78
     370.000     0.999219        19981      1280.00
     374.000     0.999316        19983      1462.86
     378.000     0.999414        19985      1706.67
     385.000     0.999512        19987      2048.00
     392.000     0.999561        19988      2275.56
     399.000     0.999609        19989      2560.00
     407.000     0.999658        19990      2925.71
     414.000     0.999707        19991      3413.33
     416.000     0.999756        19992      4096.00
     416.000     0.999780        19992      4551.11
     421.000     0.999805        19993      5120.00
     421.000     0.999829        19993      5851.43
     435.000     0.999854        19994      6826.67
     435.000     0.999878        19994      8192.00
     435.000     0.999890        19994      9102.22
     442.000     0.999902        19995     10240.00
     442.000     0.999915        19995     11702.86
     442.000     0.999927        19995     13653.33
     442.000     0.999939        19995     16384.00
     442.000     0.999945        19995     18204.44
     465.000     0.999951        19996     20480.00
     465.000     1.000000        19996          inf
#[Mean    =      245.667, StdDeviation   =       71.498]
#[Max     =      465.000, Total count    =        19996]
#[Buckets =           27, SubBuckets     =         2048]
----------------------------------------------------------
  19997 requests in 10.00s, 1.68MB read
Requests/sec:   1999.47
Transfer/sec:    171.83KB

