Command: /tmp/wrk2/wrk http://10.10.1.1:8000/index.html -c 32 -t 8 -R 9000 -d 10 -L -U
Return code: 0
STDOUT:
Running 10s test @ http://10.10.1.1:8000/index.html
  8 threads and 32 connections
  Thread Stats   Avg      Stdev     Max   +/- Stdev
    Latency   1230.20u  487.11us6816.00us   64.86%
    Req/Sec       -nan      -nan   0.00      0.00%
  Latency Distribution (HdrHistogram - Recorded Latency)
 50.000% 1206.00us
 75.000% 1570.00us
 90.000% 1887.00us
 99.000% 2387.00us
 99.900% 2715.00us
 99.990% 3611.00us
 99.999% 6395.00us
100.000% 6819.00us

  Detailed Percentile spectrum:
       Value   Percentile   TotalCount 1/(1-Percentile)

     146.000     0.000000            1         1.00
     607.000     0.100000         9031         1.11
     770.000     0.200000        18024         1.25
     919.000     0.300000        27006         1.43
    1061.000     0.400000        35976         1.67
    1206.000     0.500000        45001         2.00
    1277.000     0.550000        49512         2.22
    1347.000     0.600000        53989         2.50
    1418.000     0.650000        58455         2.86
    1491.000     0.700000        62950         3.33
    1570.000     0.750000        67487         4.00
    1612.000     0.775000        69701         4.44
    1658.000     0.800000        71950         5.00
    1708.000     0.825000        74232         5.71
    1761.000     0.850000        76452         6.67
    1819.000     0.875000        78691         8.00
    1852.000     0.887500        79807         8.89
    1887.000     0.900000        80940        10.00
    1927.000     0.912500        82071        11.43
    1971.000     0.925000        83209        13.33
    2017.000     0.937500        84320        16.00
    2045.000     0.943750        84864        17.78
    2073.000     0.950000        85434        20.00
    2107.000     0.956250        86024        22.86
    2141.000     0.962500        86564        26.67
    2179.000     0.968750        87121        32.00
    2201.000     0.971875        87410        35.56
    2225.000     0.975000        87694        40.00
    2251.000     0.978125        87969        45.71
    2279.000     0.981250        88242        53.33
    2311.000     0.984375        88525        64.00
    2329.000     0.985938        88668        71.11
    2351.000     0.987500        88801        80.00
    2373.000     0.989062        88941        91.43
    2397.000     0.990625        89081       106.67
    2423.000     0.992188        89221       128.00
    2441.000     0.992969        89294       142.22
    2459.000     0.993750        89365       160.00
    2477.000     0.994531        89432       182.86
    2503.000     0.995313        89503       213.33
    2529.000     0.996094        89575       256.00
    2541.000     0.996484        89607       284.44
    2557.000     0.996875        89642       320.00
    2581.000     0.997266        89677       365.71
    2601.000     0.997656        89717       426.67
    2621.000     0.998047        89747       512.00
    2633.000     0.998242        89765       568.89
    2657.000     0.998437        89782       640.00
    2677.000     0.998633        89803       731.43
    2693.000     0.998828        89817       853.33
    2717.000     0.999023        89835      1024.00
    2735.000     0.999121        89844      1137.78
    2749.000     0.999219        89852      1280.00
    2775.000     0.999316        89861      1462.86
    2791.000     0.999414        89870      1706.67
    2817.000     0.999512        89879      2048.00
    2831.000     0.999561        89883      2275.56
    2855.000     0.999609        89887      2560.00
    2881.000     0.999658        89892      2925.71
    2903.000     0.999707        89896      3413.33
    2927.000     0.999756        89901      4096.00
    2945.000     0.999780        89903      4551.11
    3021.000     0.999805        89905      5120.00
    3153.000     0.999829        89907      5851.43
    3209.000     0.999854        89909      6826.67
    3437.000     0.999878        89912      8192.00
    3611.000     0.999890        89913      9102.22
    3955.000     0.999902        89914     10240.00
    5919.000     0.999915        89915     11702.86
    5943.000     0.999927        89916     13653.33
    6115.000     0.999939        89917     16384.00
    6123.000     0.999945        89918     18204.44
    6123.000     0.999951        89918     20480.00
    6155.000     0.999957        89919     23405.71
    6155.000     0.999963        89919     27306.67
    6319.000     0.999969        89920     32768.00
    6319.000     0.999973        89920     36408.89
    6319.000     0.999976        89920     40960.00
    6395.000     0.999979        89921     46811.43
    6395.000     0.999982        89921     54613.33
    6395.000     0.999985        89921     65536.00
    6395.000     0.999986        89921     72817.78
    6395.000     0.999988        89921     81920.00
    6819.000     0.999989        89922     93622.86
    6819.000     1.000000        89922          inf
#[Mean    =     1230.202, StdDeviation   =      487.108]
#[Max     =     6816.000, Total count    =        89922]
#[Buckets =           27, SubBuckets     =         2048]
----------------------------------------------------------

  Latency Distribution (HdrHistogram - Uncorrected Latency (measured without taking delayed starts into account))
 50.000%  444.00us
 75.000%  571.00us
 90.000%  694.00us
 99.000%  917.00us
 99.900% 1093.00us
 99.990% 2361.00us
 99.999% 6167.00us
100.000% 6523.00us

  Detailed Percentile spectrum:
       Value   Percentile   TotalCount 1/(1-Percentile)

     112.000     0.000000            1         1.00
     275.000     0.100000         9006         1.11
     326.000     0.200000        18076         1.25
     366.000     0.300000        27176         1.43
     404.000     0.400000        36027         1.67
     444.000     0.500000        44966         2.00
     466.000     0.550000        49471         2.22
     490.000     0.600000        54099         2.50
     515.000     0.650000        58594         2.86
     541.000     0.700000        62966         3.33
     571.000     0.750000        67568         4.00
     586.000     0.775000        69704         4.44
     603.000     0.800000        71987         5.00
     622.000     0.825000        74234         5.71
     642.000     0.850000        76438         6.67
     666.000     0.875000        78735         8.00
     679.000     0.887500        79820         8.89
     694.000     0.900000        80980        10.00
     710.000     0.912500        82076        11.43
     728.000     0.925000        83205        13.33
     748.000     0.937500        84346        16.00
     759.000     0.943750        84879        17.78
     771.000     0.950000        85434        20.00
     785.000     0.956250        85990        22.86
     801.000     0.962500        86573        26.67
     819.000     0.968750        87137        32.00
     828.000     0.971875        87397        35.56
     840.000     0.975000        87693        40.00
     853.000     0.978125        87962        45.71
     867.000     0.981250        88242        53.33
     881.000     0.984375        88519        64.00
     891.000     0.985938        88659        71.11
     900.000     0.987500        88799        80.00
     911.000     0.989062        88946        91.43
     923.000     0.990625        89089       106.67
     937.000     0.992188        89225       128.00
     946.000     0.992969        89294       142.22
     955.000     0.993750        89360       160.00
     967.000     0.994531        89433       182.86
     980.000     0.995313        89506       213.33
     993.000     0.996094        89571       256.00
    1002.000     0.996484        89607       284.44
    1009.000     0.996875        89641       320.00
    1020.000     0.997266        89677       365.71
    1031.000     0.997656        89715       426.67
    1045.000     0.998047        89750       512.00
    1050.000     0.998242        89764       568.89
    1061.000     0.998437        89782       640.00
    1070.000     0.998633        89800       731.43
    1082.000     0.998828        89820       853.33
    1097.000     0.999023        89836      1024.00
    1105.000     0.999121        89843      1137.78
    1115.000     0.999219        89852      1280.00
    1127.000     0.999316        89861      1462.86
    1147.000     0.999414        89870      1706.67
    1163.000     0.999512        89880      2048.00
    1166.000     0.999561        89883      2275.56
    1173.000     0.999609        89887      2560.00
    1194.000     0.999658        89892      2925.71
    1203.000     0.999707        89896      3413.33
    1232.000     0.999756        89901      4096.00
    1275.000     0.999780        89903      4551.11
    1319.000     0.999805        89905      5120.00
    1643.000     0.999829        89907      5851.43
    1842.000     0.999854        89909      6826.67
    2307.000     0.999878        89912      8192.00
    2361.000     0.999890        89913      9102.22
    3257.000     0.999902        89914     10240.00
    5683.000     0.999915        89915     11702.86
    5739.000     0.999927        89916     13653.33
    5875.000     0.999939        89917     16384.00
    5903.000     0.999945        89918     18204.44
    5903.000     0.999951        89918     20480.00
    5907.000     0.999957        89919     23405.71
    5907.000     0.999963        89919     27306.67
    6043.000     0.999969        89920     32768.00
    6043.000     0.999973        89920     36408.89
    6043.000     0.999976        89920     40960.00
    6167.000     0.999979        89921     46811.43
    6167.000     0.999982        89921     54613.33
    6167.000     0.999985        89921     65536.00
    6167.000     0.999986        89921     72817.78
    6167.000     0.999988        89921     81920.00
    6523.000     0.999989        89922     93622.86
    6523.000     1.000000        89922          inf
#[Mean    =      468.950, StdDeviation   =      172.434]
#[Max     =     6520.000, Total count    =        89922]
#[Buckets =           27, SubBuckets     =         2048]
----------------------------------------------------------
  89936 requests in 10.00s, 7.55MB read
Requests/sec:   8993.40
Transfer/sec:    772.87KB

