Command: /tmp/wrk2/wrk http://10.10.1.1:8000/index.html -c 32 -t 8 -R 55000 -d 10 -L -U
Return code: 0
STDOUT:
Running 10s test @ http://10.10.1.1:8000/index.html
  8 threads and 32 connections
  Thread Stats   Avg      Stdev     Max   +/- Stdev
    Latency   3154.04u 7882.42us87808.00u   93.67%
    Req/Sec       -nan      -nan   0.00      0.00%
  Latency Distribution (HdrHistogram - Recorded Latency)
 50.000% 1132.00us
 75.000% 1702.00us
 90.000% 4487.00us
 99.000%44511.00us
 99.900%78399.00us
 99.990%86911.00us
 99.999%87615.00us
100.000%87871.00us

  Detailed Percentile spectrum:
       Value   Percentile   TotalCount 1/(1-Percentile)

      83.000     0.000000            1         1.00
     553.000     0.100000        55137         1.11
     698.000     0.200000       110022         1.25
     835.000     0.300000       164842         1.43
     979.000     0.400000       220135         1.67
    1132.000     0.500000       274790         2.00
    1217.000     0.550000       302312         2.22
    1310.000     0.600000       329936         2.50
    1415.000     0.650000       357314         2.86
    1540.000     0.700000       384707         3.33
    1702.000     0.750000       412146         4.00
    1809.000     0.775000       425879         4.44
    1942.000     0.800000       439653         5.00
    2109.000     0.825000       453309         5.71
    2365.000     0.850000       467071         6.67
    2925.000     0.875000       480788         8.00
    3541.000     0.887500       487663         8.89
    4487.000     0.900000       494533        10.00
    5987.000     0.912500       501397        11.43
    8015.000     0.925000       508255        13.33
   11247.000     0.937500       515124        16.00
   12927.000     0.943750       518561        17.78
   15175.000     0.950000       521995        20.00
   17679.000     0.956250       525433        22.86
   20719.000     0.962500       528865        26.67
   24271.000     0.968750       532298        32.00
   26351.000     0.971875       534020        35.56
   28319.000     0.975000       535728        40.00
   30511.000     0.978125       537452        45.71
   34047.000     0.981250       539176        53.33
   37343.000     0.984375       540887        64.00
   38847.000     0.985938       541752        71.11
   40511.000     0.987500       542600        80.00
   42783.000     0.989062       543455        91.43
   45375.000     0.990625       544315       106.67
   48319.000     0.992188       545178       128.00
   49951.000     0.992969       545606       142.22
   51679.000     0.993750       546033       160.00
   53375.000     0.994531       546470       182.86
   55167.000     0.995313       546889       213.33
   58591.000     0.996094       547318       256.00
   60671.000     0.996484       547533       284.44
   63455.000     0.996875       547748       320.00
   65023.000     0.997266       547965       365.71
   66303.000     0.997656       548178       426.67
   68031.000     0.998047       548395       512.00
   70079.000     0.998242       548499       568.89
   72959.000     0.998437       548606       640.00
   75007.000     0.998633       548716       731.43
   76735.000     0.998828       548821       853.33
   78527.000     0.999023       548929      1024.00
   79871.000     0.999121       548986      1137.78
   80447.000     0.999219       549042      1280.00
   80959.000     0.999316       549093      1462.86
   81791.000     0.999414       549148      1706.67
   82943.000     0.999512       549196      2048.00
   83583.000     0.999561       549224      2275.56
   83967.000     0.999609       549252      2560.00
   84415.000     0.999658       549279      2925.71
   85247.000     0.999707       549304      3413.33
   86015.000     0.999756       549330      4096.00
   86207.000     0.999780       549345      4551.11
   86463.000     0.999805       549359      5120.00
   86591.000     0.999829       549375      5851.43
   86655.000     0.999854       549387      6826.67
   86783.000     0.999878       549399      8192.00
   86847.000     0.999890       549408      9102.22
   86911.000     0.999902       549416     10240.00
   86975.000     0.999915       549419     11702.86
   87039.000     0.999927       549426     13653.33
   87103.000     0.999939       549435     16384.00
   87103.000     0.999945       549435     18204.44
   87167.000     0.999951       549438     20480.00
   87295.000     0.999957       549442     23405.71
   87359.000     0.999963       549444     27306.67
   87487.000     0.999969       549454     32768.00
   87487.000     0.999973       549454     36408.89
   87487.000     0.999976       549454     40960.00
   87487.000     0.999979       549454     46811.43
   87487.000     0.999982       549454     54613.33
   87551.000     0.999985       549457     65536.00
   87551.000     0.999986       549457     72817.78
   87615.000     0.999988       549459     81920.00
   87615.000     0.999989       549459     93622.86
   87615.000     0.999991       549459    109226.67
   87679.000     0.999992       549461    131072.00
   87679.000     0.999993       549461    145635.56
   87679.000     0.999994       549461    163840.00
   87743.000     0.999995       549462    187245.71
   87743.000     0.999995       549462    218453.33
   87743.000     0.999996       549462    262144.00
   87807.000     0.999997       549463    291271.11
   87807.000     0.999997       549463    327680.00
   87807.000     0.999997       549463    374491.43
   87807.000     0.999998       549463    436906.67
   87807.000     0.999998       549463    524288.00
   87871.000     0.999998       549464    582542.22
   87871.000     1.000000       549464          inf
#[Mean    =     3154.041, StdDeviation   =     7882.417]
#[Max     =    87808.000, Total count    =       549464]
#[Buckets =           27, SubBuckets     =         2048]
----------------------------------------------------------

  Latency Distribution (HdrHistogram - Uncorrected Latency (measured without taking delayed starts into account))
 50.000%  462.00us
 75.000%  550.00us
 90.000%  632.00us
 99.000%  779.00us
 99.900%  897.00us
 99.990% 1022.00us
 99.999% 1176.00us
100.000% 1304.00us

  Detailed Percentile spectrum:
       Value   Percentile   TotalCount 1/(1-Percentile)

      53.000     0.000000            1         1.00
     292.000     0.100000        55635         1.11
     352.000     0.200000       110358         1.25
     395.000     0.300000       166255         1.43
     430.000     0.400000       221347         1.67
     462.000     0.500000       275406         2.00
     478.000     0.550000       302510         2.22
     495.000     0.600000       330550         2.50
     512.000     0.650000       357486         2.86
     530.000     0.700000       384641         3.33
     550.000     0.750000       412288         4.00
     561.000     0.775000       426559         4.44
     572.000     0.800000       439808         5.00
     585.000     0.825000       453902         5.71
     599.000     0.850000       467889         6.67
     614.000     0.875000       481226         8.00
     623.000     0.887500       488327         8.89
     632.000     0.900000       494916        10.00
     642.000     0.912500       501497        11.43
     654.000     0.925000       508690        13.33
     667.000     0.937500       515561        16.00
     674.000     0.943750       518827        17.78
     682.000     0.950000       522338        20.00
     691.000     0.956250       525768        22.86
     701.000     0.962500       529111        26.67
     713.000     0.968750       532585        32.00
     719.000     0.971875       534169        35.56
     726.000     0.975000       535772        40.00
     734.000     0.978125       537552        45.71
     743.000     0.981250       539188        53.33
     754.000     0.984375       540920        64.00
     761.000     0.985938       541840        71.11
     767.000     0.987500       542625        80.00
     775.000     0.989062       543562        91.43
     783.000     0.990625       544355       106.67
     793.000     0.992188       545213       128.00
     799.000     0.992969       545651       142.22
     805.000     0.993750       546084       160.00
     812.000     0.994531       546478       182.86
     820.000     0.995313       546898       213.33
     830.000     0.996094       547326       256.00
     835.000     0.996484       547541       284.44
     841.000     0.996875       547754       320.00
     848.000     0.997266       547985       365.71
     857.000     0.997656       548207       426.67
     865.000     0.998047       548408       512.00
     870.000     0.998242       548511       568.89
     875.000     0.998437       548609       640.00
     881.000     0.998633       548721       731.43
     890.000     0.998828       548834       853.33
     899.000     0.999023       548939      1024.00
     903.000     0.999121       548988      1137.78
     908.000     0.999219       549039      1280.00
     913.000     0.999316       549089      1462.86
     920.000     0.999414       549143      1706.67
     929.000     0.999512       549196      2048.00
     936.000     0.999561       549225      2275.56
     942.000     0.999609       549253      2560.00
     948.000     0.999658       549280      2925.71
     955.000     0.999707       549307      3413.33
     963.000     0.999756       549330      4096.00
     969.000     0.999780       549347      4551.11
     976.000     0.999805       549357      5120.00
     988.000     0.999829       549371      5851.43
     997.000     0.999854       549384      6826.67
    1011.000     0.999878       549397      8192.00
    1019.000     0.999890       549404      9102.22
    1023.000     0.999902       549413     10240.00
    1030.000     0.999915       549418     11702.86
    1037.000     0.999927       549424     13653.33
    1042.000     0.999939       549431     16384.00
    1062.000     0.999945       549434     18204.44
    1068.000     0.999951       549439     20480.00
    1073.000     0.999957       549441     23405.71
    1079.000     0.999963       549444     27306.67
    1092.000     0.999969       549449     32768.00
    1092.000     0.999973       549449     36408.89
    1097.000     0.999976       549451     40960.00
    1116.000     0.999979       549453     46811.43
    1121.000     0.999982       549454     54613.33
    1132.000     0.999985       549456     65536.00
    1149.000     0.999986       549457     72817.78
    1161.000     0.999988       549458     81920.00
    1176.000     0.999989       549460     93622.86
    1176.000     0.999991       549460    109226.67
    1176.000     0.999992       549460    131072.00
    1282.000     0.999993       549461    145635.56
    1282.000     0.999994       549461    163840.00
    1287.000     0.999995       549462    187245.71
    1287.000     0.999995       549462    218453.33
    1287.000     0.999996       549462    262144.00
    1294.000     0.999997       549463    291271.11
    1294.000     0.999997       549463    327680.00
    1294.000     0.999997       549463    374491.43
    1294.000     0.999998       549463    436906.67
    1294.000     0.999998       549463    524288.00
    1304.000     0.999998       549464    582542.22
    1304.000     1.000000       549464          inf
#[Mean    =      462.983, StdDeviation   =      131.925]
#[Max     =     1304.000, Total count    =       549464]
#[Buckets =           27, SubBuckets     =         2048]
----------------------------------------------------------
  549472 requests in 10.00s, 46.11MB read
Requests/sec:  54950.11
Transfer/sec:      4.61MB

