Command: /tmp/wrk2/wrk http://10.10.1.1:8000/index.html -c 32 -t 8 -R 1000 -d 10 -L -U
Return code: 0
STDOUT:
Running 10s test @ http://10.10.1.1:8000/index.html
  8 threads and 32 connections
  Thread Stats   Avg      Stdev     Max   +/- Stdev
    Latency   1343.89u  399.13us2592.00us   66.55%
    Req/Sec       -nan      -nan   0.00      0.00%
  Latency Distribution (HdrHistogram - Recorded Latency)
 50.000% 1362.00us
 75.000% 1623.00us
 90.000% 1858.00us
 99.000% 2217.00us
 99.900% 2479.00us
 99.990% 2563.00us
 99.999% 2593.00us
100.000% 2593.00us

  Detailed Percentile spectrum:
       Value   Percentile   TotalCount 1/(1-Percentile)

     228.000     0.000000            1         1.00
     779.000     0.100000         1003         1.11
     988.000     0.200000         2003         1.25
    1143.000     0.300000         3006         1.43
    1259.000     0.400000         4007         1.67
    1362.000     0.500000         5007         2.00
    1413.000     0.550000         5509         2.22
    1462.000     0.600000         6014         2.50
    1513.000     0.650000         6510         2.86
    1568.000     0.700000         7007         3.33
    1623.000     0.750000         7514         4.00
    1651.000     0.775000         7771         4.44
    1679.000     0.800000         8016         5.00
    1715.000     0.825000         8261         5.71
    1756.000     0.850000         8509         6.67
    1807.000     0.875000         8757         8.00
    1832.000     0.887500         8883         8.89
    1858.000     0.900000         9008        10.00
    1884.000     0.912500         9133        11.43
    1909.000     0.925000         9260        13.33
    1940.000     0.937500         9386        16.00
    1959.000     0.943750         9446        17.78
    1979.000     0.950000         9509        20.00
    2005.000     0.956250         9574        22.86
    2032.000     0.962500         9633        26.67
    2067.000     0.968750         9699        32.00
    2085.000     0.971875         9730        35.56
    2101.000     0.975000         9762        40.00
    2117.000     0.978125         9790        45.71
    2135.000     0.981250         9822        53.33
    2163.000     0.984375         9853        64.00
    2173.000     0.985938         9868        71.11
    2195.000     0.987500         9885        80.00
    2209.000     0.989062         9899        91.43
    2227.000     0.990625         9915       106.67
    2245.000     0.992188         9931       128.00
    2259.000     0.992969         9938       142.22
    2273.000     0.993750         9946       160.00
    2291.000     0.994531         9954       182.86
    2329.000     0.995313         9963       213.33
    2357.000     0.996094         9969       256.00
    2363.000     0.996484         9973       284.44
    2371.000     0.996875         9977       320.00
    2391.000     0.997266         9982       365.71
    2403.000     0.997656         9985       426.67
    2415.000     0.998047         9989       512.00
    2445.000     0.998242         9991       568.89
    2463.000     0.998437         9993       640.00
    2467.000     0.998633         9995       731.43
    2475.000     0.998828         9997       853.33
    2485.000     0.999023         9999      1024.00
    2489.000     0.999121        10000      1137.78
    2505.000     0.999219        10001      1280.00
    2523.000     0.999316        10002      1462.86
    2537.000     0.999414        10003      1706.67
    2545.000     0.999512        10004      2048.00
    2545.000     0.999561        10004      2275.56
    2549.000     0.999609        10005      2560.00
    2549.000     0.999658        10005      2925.71
    2553.000     0.999707        10006      3413.33
    2553.000     0.999756        10006      4096.00
    2553.000     0.999780        10006      4551.11
    2563.000     0.999805        10007      5120.00
    2563.000     0.999829        10007      5851.43
    2563.000     0.999854        10007      6826.67
    2563.000     0.999878        10007      8192.00
    2563.000     0.999890        10007      9102.22
    2593.000     0.999902        10008     10240.00
    2593.000     1.000000        10008          inf
#[Mean    =     1343.885, StdDeviation   =      399.132]
#[Max     =     2592.000, Total count    =        10008]
#[Buckets =           27, SubBuckets     =         2048]
----------------------------------------------------------

  Latency Distribution (HdrHistogram - Uncorrected Latency (measured without taking delayed starts into account))
 50.000%  593.00us
 75.000%  659.00us
 90.000%  720.00us
 99.000%  826.00us
 99.900%  925.00us
 99.990% 1023.00us
 99.999% 1051.00us
100.000% 1051.00us

  Detailed Percentile spectrum:
       Value   Percentile   TotalCount 1/(1-Percentile)

     149.000     0.000000            1         1.00
     393.000     0.100000         1005         1.11
     454.000     0.200000         2016         1.25
     514.000     0.300000         3018         1.43
     559.000     0.400000         4021         1.67
     593.000     0.500000         5013         2.00
     606.000     0.550000         5542         2.22
     618.000     0.600000         6032         2.50
     631.000     0.650000         6541         2.86
     644.000     0.700000         7033         3.33
     659.000     0.750000         7506         4.00
     668.000     0.775000         7772         4.44
     677.000     0.800000         8031         5.00
     686.000     0.825000         8284         5.71
     695.000     0.850000         8528         6.67
     706.000     0.875000         8758         8.00
     712.000     0.887500         8884         8.89
     720.000     0.900000         9020        10.00
     727.000     0.912500         9135        11.43
     736.000     0.925000         9269        13.33
     744.000     0.937500         9386        16.00
     750.000     0.943750         9456        17.78
     756.000     0.950000         9518        20.00
     762.000     0.956250         9575        22.86
     769.000     0.962500         9635        26.67
     778.000     0.968750         9700        32.00
     781.000     0.971875         9729        35.56
     786.000     0.975000         9762        40.00
     792.000     0.978125         9791        45.71
     799.000     0.981250         9827        53.33
     806.000     0.984375         9853        64.00
     813.000     0.985938         9869        71.11
     818.000     0.987500         9885        80.00
     824.000     0.989062         9906        91.43
     830.000     0.990625         9915       106.67
     839.000     0.992188         9931       128.00
     843.000     0.992969         9938       142.22
     850.000     0.993750         9948       160.00
     856.000     0.994531         9955       182.86
     866.000     0.995313         9962       213.33
     871.000     0.996094         9969       256.00
     875.000     0.996484         9973       284.44
     883.000     0.996875         9977       320.00
     887.000     0.997266         9982       365.71
     899.000     0.997656         9985       426.67
     906.000     0.998047         9989       512.00
     911.000     0.998242         9991       568.89
     915.000     0.998437         9993       640.00
     919.000     0.998633         9996       731.43
     924.000     0.998828         9997       853.33
     933.000     0.999023         9999      1024.00
     934.000     0.999121        10000      1137.78
     943.000     0.999219        10001      1280.00
     946.000     0.999316        10002      1462.86
     955.000     0.999414        10003      1706.67
     961.000     0.999512        10004      2048.00
     961.000     0.999561        10004      2275.56
     967.000     0.999609        10005      2560.00
     967.000     0.999658        10005      2925.71
     996.000     0.999707        10006      3413.33
     996.000     0.999756        10006      4096.00
     996.000     0.999780        10006      4551.11
    1023.000     0.999805        10007      5120.00
    1023.000     0.999829        10007      5851.43
    1023.000     0.999854        10007      6826.67
    1023.000     0.999878        10007      8192.00
    1023.000     0.999890        10007      9102.22
    1051.000     0.999902        10008     10240.00
    1051.000     1.000000        10008          inf
#[Mean    =      572.441, StdDeviation   =      124.829]
#[Max     =     1051.000, Total count    =        10008]
#[Buckets =           27, SubBuckets     =         2048]
----------------------------------------------------------
  10016 requests in 10.00s, 860.75KB read
Requests/sec:   1001.44
Transfer/sec:     86.06KB

