Command: /tmp/wrk2/wrk http://10.10.1.1:8000/index.html -c 32 -t 8 -R 10000 -d 10 -L -U
Return code: 0
STDOUT:
Running 10s test @ http://10.10.1.1:8000/index.html
  8 threads and 32 connections
  Thread Stats   Avg      Stdev     Max   +/- Stdev
    Latency   1253.58u  492.84us5016.00us   65.28%
    Req/Sec       -nan      -nan   0.00      0.00%
  Latency Distribution (HdrHistogram - Recorded Latency)
 50.000% 1221.00us
 75.000% 1594.00us
 90.000% 1924.00us
 99.000% 2449.00us
 99.900% 2769.00us
 99.990% 3123.00us
 99.999% 4983.00us
100.000% 5019.00us

  Detailed Percentile spectrum:
       Value   Percentile   TotalCount 1/(1-Percentile)

     131.000     0.000000            1         1.00
     628.000     0.100000        10004         1.11
     795.000     0.200000        20001         1.25
     941.000     0.300000        29996         1.43
    1081.000     0.400000        39998         1.67
    1221.000     0.500000        49977         2.00
    1291.000     0.550000        54986         2.22
    1362.000     0.600000        59981         2.50
    1434.000     0.650000        64951         2.86
    1512.000     0.700000        69971         3.33
    1594.000     0.750000        74959         4.00
    1639.000     0.775000        77474         4.44
    1687.000     0.800000        79945         5.00
    1737.000     0.825000        82427         5.71
    1794.000     0.850000        84967         6.67
    1854.000     0.875000        87459         8.00
    1887.000     0.887500        88696         8.89
    1924.000     0.900000        89937        10.00
    1964.000     0.912500        91171        11.43
    2010.000     0.925000        92439        13.33
    2061.000     0.937500        93691        16.00
    2089.000     0.943750        94314        17.78
    2119.000     0.950000        94930        20.00
    2153.000     0.956250        95572        22.86
    2189.000     0.962500        96170        26.67
    2231.000     0.968750        96806        32.00
    2255.000     0.971875        97125        35.56
    2281.000     0.975000        97434        40.00
    2307.000     0.978125        97750        45.71
    2339.000     0.981250        98049        53.33
    2373.000     0.984375        98363        64.00
    2387.000     0.985938        98508        71.11
    2407.000     0.987500        98663        80.00
    2431.000     0.989062        98819        91.43
    2461.000     0.990625        98982       106.67
    2493.000     0.992188        99140       128.00
    2511.000     0.992969        99220       142.22
    2527.000     0.993750        99297       160.00
    2545.000     0.994531        99364       182.86
    2569.000     0.995313        99443       213.33
    2597.000     0.996094        99523       256.00
    2609.000     0.996484        99559       284.44
    2625.000     0.996875        99598       320.00
    2643.000     0.997266        99639       365.71
    2665.000     0.997656        99682       426.67
    2687.000     0.998047        99716       512.00
    2701.000     0.998242        99736       568.89
    2713.000     0.998437        99754       640.00
    2731.000     0.998633        99774       731.43
    2753.000     0.998828        99793       853.33
    2769.000     0.999023        99813      1024.00
    2787.000     0.999121        99823      1137.78
    2799.000     0.999219        99832      1280.00
    2815.000     0.999316        99842      1462.86
    2833.000     0.999414        99852      1706.67
    2867.000     0.999512        99862      2048.00
    2897.000     0.999561        99867      2275.56
    2915.000     0.999609        99871      2560.00
    2937.000     0.999658        99876      2925.71
    2953.000     0.999707        99882      3413.33
    2969.000     0.999756        99886      4096.00
    2991.000     0.999780        99889      4551.11
    3013.000     0.999805        99891      5120.00
    3025.000     0.999829        99893      5851.43
    3047.000     0.999854        99896      6826.67
    3085.000     0.999878        99898      8192.00
    3123.000     0.999890        99900      9102.22
    3157.000     0.999902        99901     10240.00
    3211.000     0.999915        99902     11702.86
    4663.000     0.999927        99903     13653.33
    4771.000     0.999939        99904     16384.00
    4859.000     0.999945        99905     18204.44
    4923.000     0.999951        99906     20480.00
    4923.000     0.999957        99906     23405.71
    4939.000     0.999963        99907     27306.67
    4939.000     0.999969        99907     32768.00
    4983.000     0.999973        99909     36408.89
    4983.000     0.999976        99909     40960.00
    4983.000     0.999979        99909     46811.43
    4983.000     0.999982        99909     54613.33
    4983.000     0.999985        99909     65536.00
    4983.000     0.999986        99909     72817.78
    4983.000     0.999988        99909     81920.00
    4983.000     0.999989        99909     93622.86
    5019.000     0.999991        99910    109226.67
    5019.000     1.000000        99910          inf
#[Mean    =     1253.583, StdDeviation   =      492.840]
#[Max     =     5016.000, Total count    =        99910]
#[Buckets =           27, SubBuckets     =         2048]
----------------------------------------------------------

  Latency Distribution (HdrHistogram - Uncorrected Latency (measured without taking delayed starts into account))
 50.000%  444.00us
 75.000%  577.00us
 90.000%  716.00us
 99.000%  967.00us
 99.900% 1172.00us
 99.990% 1539.00us
 99.999% 4759.00us
100.000% 4803.00us

  Detailed Percentile spectrum:
       Value   Percentile   TotalCount 1/(1-Percentile)

      77.000     0.000000            1         1.00
     274.000     0.100000        10090         1.11
     324.000     0.200000        20003         1.25
     364.000     0.300000        30176         1.43
     403.000     0.400000        40025         1.67
     444.000     0.500000        50070         2.00
     466.000     0.550000        54989         2.22
     490.000     0.600000        59974         2.50
     516.000     0.650000        64957         2.86
     545.000     0.700000        70090         3.33
     577.000     0.750000        74984         4.00
     595.000     0.775000        77500         4.44
     614.000     0.800000        80022         5.00
     635.000     0.825000        82506         5.71
     658.000     0.850000        84989         6.67
     685.000     0.875000        87476         8.00
     700.000     0.887500        88711         8.89
     716.000     0.900000        89948        10.00
     734.000     0.912500        91197        11.43
     753.000     0.925000        92439        13.33
     776.000     0.937500        93711        16.00
     788.000     0.943750        94304        17.78
     802.000     0.950000        94947        20.00
     817.000     0.956250        95555        22.86
     834.000     0.962500        96195        26.67
     853.000     0.968750        96794        32.00
     864.000     0.971875        97104        35.56
     876.000     0.975000        97420        40.00
     888.000     0.978125        97725        45.71
     905.000     0.981250        98040        53.33
     924.000     0.984375        98356        64.00
     936.000     0.985938        98519        71.11
     946.000     0.987500        98676        80.00
     959.000     0.989062        98833        91.43
     973.000     0.990625        98982       106.67
     991.000     0.992188        99135       128.00
    1000.000     0.992969        99215       142.22
    1011.000     0.993750        99288       160.00
    1021.000     0.994531        99371       182.86
    1032.000     0.995313        99443       213.33
    1046.000     0.996094        99520       256.00
    1055.000     0.996484        99561       284.44
    1067.000     0.996875        99599       320.00
    1076.000     0.997266        99640       365.71
    1090.000     0.997656        99679       426.67
    1108.000     0.998047        99715       512.00
    1115.000     0.998242        99735       568.89
    1130.000     0.998437        99754       640.00
    1142.000     0.998633        99774       731.43
    1157.000     0.998828        99795       853.33
    1178.000     0.999023        99813      1024.00
    1185.000     0.999121        99823      1137.78
    1202.000     0.999219        99832      1280.00
    1216.000     0.999316        99842      1462.86
    1230.000     0.999414        99852      1706.67
    1250.000     0.999512        99862      2048.00
    1262.000     0.999561        99867      2275.56
    1277.000     0.999609        99871      2560.00
    1298.000     0.999658        99876      2925.71
    1311.000     0.999707        99881      3413.33
    1327.000     0.999756        99886      4096.00
    1343.000     0.999780        99889      4551.11
    1352.000     0.999805        99891      5120.00
    1371.000     0.999829        99893      5851.43
    1392.000     0.999854        99896      6826.67
    1402.000     0.999878        99898      8192.00
    1539.000     0.999890        99900      9102.22
    1550.000     0.999902        99901     10240.00
    1569.000     0.999915        99902     11702.86
    4447.000     0.999927        99903     13653.33
    4615.000     0.999939        99905     16384.00
    4615.000     0.999945        99905     18204.44
    4639.000     0.999951        99906     20480.00
    4639.000     0.999957        99906     23405.71
    4703.000     0.999963        99907     27306.67
    4703.000     0.999969        99907     32768.00
    4751.000     0.999973        99908     36408.89
    4751.000     0.999976        99908     40960.00
    4751.000     0.999979        99908     46811.43
    4759.000     0.999982        99909     54613.33
    4759.000     0.999985        99909     65536.00
    4759.000     0.999986        99909     72817.78
    4759.000     0.999988        99909     81920.00
    4759.000     0.999989        99909     93622.86
    4803.000     0.999991        99910    109226.67
    4803.000     1.000000        99910          inf
#[Mean    =      474.048, StdDeviation   =      177.584]
#[Max     =     4800.000, Total count    =        99910]
#[Buckets =           27, SubBuckets     =         2048]
----------------------------------------------------------
  99920 requests in 10.00s, 8.39MB read
Requests/sec:   9991.76
Transfer/sec:    858.67KB

