Command: /tmp/wrk2/wrk http://10.10.1.1:8000/index.html -c 32 -t 8 -R 3000 -d 10 -L -U
Return code: 0
STDOUT:
Running 10s test @ http://10.10.1.1:8000/index.html
  8 threads and 32 connections
  Thread Stats   Avg      Stdev     Max   +/- Stdev
    Latency   1253.49u  448.62us2786.00us   63.77%
    Req/Sec       -nan      -nan   0.00      0.00%
  Latency Distribution (HdrHistogram - Recorded Latency)
 50.000% 1226.00us
 75.000% 1580.00us
 90.000% 1865.00us
 99.000% 2301.00us
 99.900% 2551.00us
 99.990% 2707.00us
 99.999% 2787.00us
100.000% 2787.00us

  Detailed Percentile spectrum:
       Value   Percentile   TotalCount 1/(1-Percentile)

     265.000     0.000000            1         1.00
     684.000     0.100000         3001         1.11
     825.000     0.200000         6028         1.25
     953.000     0.300000         9002         1.43
    1091.000     0.400000        12004         1.67
    1226.000     0.500000        14994         2.00
    1293.000     0.550000        16501         2.22
    1363.000     0.600000        17992         2.50
    1434.000     0.650000        19497         2.86
    1504.000     0.700000        20993         3.33
    1580.000     0.750000        22505         4.00
    1620.000     0.775000        23241         4.44
    1662.000     0.800000        23997         5.00
    1708.000     0.825000        24745         5.71
    1756.000     0.850000        25491         6.67
    1806.000     0.875000        26243         8.00
    1833.000     0.887500        26621         8.89
    1865.000     0.900000        26987        10.00
    1900.000     0.912500        27364        11.43
    1937.000     0.925000        27743        13.33
    1980.000     0.937500        28115        16.00
    2004.000     0.943750        28306        17.78
    2028.000     0.950000        28485        20.00
    2059.000     0.956250        28685        22.86
    2089.000     0.962500        28872        26.67
    2125.000     0.968750        29057        32.00
    2141.000     0.971875        29143        35.56
    2161.000     0.975000        29242        40.00
    2181.000     0.978125        29334        45.71
    2205.000     0.981250        29428        53.33
    2233.000     0.984375        29516        64.00
    2253.000     0.985938        29568        71.11
    2271.000     0.987500        29612        80.00
    2291.000     0.989062        29659        91.43
    2313.000     0.990625        29703       106.67
    2343.000     0.992188        29750       128.00
    2357.000     0.992969        29776       142.22
    2371.000     0.993750        29797       160.00
    2387.000     0.994531        29821       182.86
    2413.000     0.995313        29845       213.33
    2433.000     0.996094        29868       256.00
    2449.000     0.996484        29880       284.44
    2465.000     0.996875        29892       320.00
    2473.000     0.997266        29904       365.71
    2481.000     0.997656        29916       426.67
    2495.000     0.998047        29926       512.00
    2505.000     0.998242        29933       568.89
    2519.000     0.998437        29938       640.00
    2527.000     0.998633        29944       731.43
    2539.000     0.998828        29950       853.33
    2555.000     0.999023        29955      1024.00
    2565.000     0.999121        29958      1137.78
    2591.000     0.999219        29961      1280.00
    2601.000     0.999316        29964      1462.86
    2621.000     0.999414        29967      1706.67
    2637.000     0.999512        29971      2048.00
    2637.000     0.999561        29971      2275.56
    2653.000     0.999609        29973      2560.00
    2655.000     0.999658        29974      2925.71
    2661.000     0.999707        29976      3413.33
    2679.000     0.999756        29977      4096.00
    2689.000     0.999780        29978      4551.11
    2697.000     0.999805        29979      5120.00
    2697.000     0.999829        29979      5851.43
    2699.000     0.999854        29980      6826.67
    2707.000     0.999878        29981      8192.00
    2707.000     0.999890        29981      9102.22
    2709.000     0.999902        29982     10240.00
    2709.000     0.999915        29982     11702.86
    2709.000     0.999927        29982     13653.33
    2759.000     0.999939        29983     16384.00
    2759.000     0.999945        29983     18204.44
    2759.000     0.999951        29983     20480.00
    2759.000     0.999957        29983     23405.71
    2759.000     0.999963        29983     27306.67
    2787.000     0.999969        29984     32768.00
    2787.000     1.000000        29984          inf
#[Mean    =     1253.490, StdDeviation   =      448.622]
#[Max     =     2786.000, Total count    =        29984]
#[Buckets =           27, SubBuckets     =         2048]
----------------------------------------------------------

  Latency Distribution (HdrHistogram - Uncorrected Latency (measured without taking delayed starts into account))
 50.000%  514.00us
 75.000%  602.00us
 90.000%  676.00us
 99.000%  834.00us
 99.900%  968.00us
 99.990% 1051.00us
 99.999% 1097.00us
100.000% 1097.00us

  Detailed Percentile spectrum:
       Value   Percentile   TotalCount 1/(1-Percentile)

     123.000     0.000000            2         1.00
     354.000     0.100000         3051         1.11
     402.000     0.200000         6011         1.25
     439.000     0.300000         9063         1.43
     476.000     0.400000        12022         1.67
     514.000     0.500000        15080         2.00
     530.000     0.550000        16526         2.22
     548.000     0.600000        17997         2.50
     566.000     0.650000        19510         2.86
     585.000     0.700000        21045         3.33
     602.000     0.750000        22535         4.00
     611.000     0.775000        23243         4.44
     622.000     0.800000        24032         5.00
     633.000     0.825000        24788         5.71
     645.000     0.850000        25503         6.67
     660.000     0.875000        26249         8.00
     668.000     0.887500        26654         8.89
     676.000     0.900000        27001        10.00
     686.000     0.912500        27373        11.43
     698.000     0.925000        27746        13.33
     712.000     0.937500        28130        16.00
     721.000     0.943750        28317        17.78
     728.000     0.950000        28485        20.00
     738.000     0.956250        28689        22.86
     749.000     0.962500        28872        26.67
     761.000     0.968750        29054        32.00
     768.000     0.971875        29141        35.56
     776.000     0.975000        29242        40.00
     785.000     0.978125        29331        45.71
     796.000     0.981250        29428        53.33
     807.000     0.984375        29517        64.00
     814.000     0.985938        29564        71.11
     822.000     0.987500        29610        80.00
     829.000     0.989062        29657        91.43
     839.000     0.990625        29708       106.67
     851.000     0.992188        29751       128.00
     859.000     0.992969        29777       142.22
     867.000     0.993750        29799       160.00
     875.000     0.994531        29822       182.86
     884.000     0.995313        29844       213.33
     891.000     0.996094        29867       256.00
     896.000     0.996484        29880       284.44
     905.000     0.996875        29891       320.00
     911.000     0.997266        29905       365.71
     922.000     0.997656        29915       426.67
     933.000     0.998047        29926       512.00
     942.000     0.998242        29932       568.89
     947.000     0.998437        29938       640.00
     959.000     0.998633        29944       731.43
     961.000     0.998828        29949       853.33
     969.000     0.999023        29955      1024.00
     976.000     0.999121        29958      1137.78
     984.000     0.999219        29961      1280.00
     988.000     0.999316        29964      1462.86
     999.000     0.999414        29967      1706.67
    1008.000     0.999512        29970      2048.00
    1010.000     0.999561        29971      2275.56
    1013.000     0.999609        29973      2560.00
    1015.000     0.999658        29974      2925.71
    1018.000     0.999707        29976      3413.33
    1029.000     0.999756        29977      4096.00
    1032.000     0.999780        29978      4551.11
    1042.000     0.999805        29979      5120.00
    1042.000     0.999829        29979      5851.43
    1046.000     0.999854        29980      6826.67
    1051.000     0.999878        29981      8192.00
    1051.000     0.999890        29981      9102.22
    1082.000     0.999902        29982     10240.00
    1082.000     0.999915        29982     11702.86
    1082.000     0.999927        29982     13653.33
    1095.000     0.999939        29983     16384.00
    1095.000     0.999945        29983     18204.44
    1095.000     0.999951        29983     20480.00
    1095.000     0.999957        29983     23405.71
    1095.000     0.999963        29983     27306.67
    1097.000     0.999969        29984     32768.00
    1097.000     1.000000        29984          inf
#[Mean    =      515.613, StdDeviation   =      126.914]
#[Max     =     1097.000, Total count    =        29984]
#[Buckets =           27, SubBuckets     =         2048]
----------------------------------------------------------
  29993 requests in 10.00s, 2.52MB read
Requests/sec:   2998.76
Transfer/sec:    257.71KB

