Command: /tmp/wrk2/wrk http://10.10.1.1:8000/index.html -c 32 -t 8 -R 30000 -d 10 -L -U
Return code: 0
STDOUT:
Running 10s test @ http://10.10.1.1:8000/index.html
  8 threads and 32 connections
  Thread Stats   Avg      Stdev     Max   +/- Stdev
    Latency   1267.09u  546.30us4488.00us   66.31%
    Req/Sec       -nan      -nan   0.00      0.00%
  Latency Distribution (HdrHistogram - Recorded Latency)
 50.000% 1234.00us
 75.000% 1630.00us
 90.000% 2001.00us
 99.000% 2647.00us
 99.900% 3171.00us
 99.990% 3837.00us
 99.999% 4283.00us
100.000% 4491.00us

  Detailed Percentile spectrum:
       Value   Percentile   TotalCount 1/(1-Percentile)

      72.000     0.000000            1         1.00
     564.000     0.100000        30042         1.11
     772.000     0.200000        60100         1.25
     938.000     0.300000        89945         1.43
    1090.000     0.400000       119979         1.67
    1234.000     0.500000       149869         2.00
    1307.000     0.550000       165029         2.22
    1379.000     0.600000       179874         2.50
    1455.000     0.650000       194870         2.86
    1538.000     0.700000       209920         3.33
    1630.000     0.750000       224865         4.00
    1679.000     0.775000       232354         4.44
    1732.000     0.800000       239769         5.00
    1789.000     0.825000       247291         5.71
    1851.000     0.850000       254766         6.67
    1921.000     0.875000       262282         8.00
    1959.000     0.887500       266042         8.89
    2001.000     0.900000       269720        10.00
    2046.000     0.912500       273508        11.43
    2097.000     0.925000       277280        13.33
    2155.000     0.937500       280978        16.00
    2187.000     0.943750       282847        17.78
    2223.000     0.950000       284788        20.00
    2261.000     0.956250       286580        22.86
    2303.000     0.962500       288440        26.67
    2355.000     0.968750       290315        32.00
    2385.000     0.971875       291309        35.56
    2415.000     0.975000       292212        40.00
    2449.000     0.978125       293159        45.71
    2489.000     0.981250       294070        53.33
    2535.000     0.984375       295014        64.00
    2565.000     0.985938       295485        71.11
    2593.000     0.987500       295946        80.00
    2627.000     0.989062       296426        91.43
    2661.000     0.990625       296866       106.67
    2705.000     0.992188       297350       128.00
    2729.000     0.992969       297585       142.22
    2753.000     0.993750       297808       160.00
    2785.000     0.994531       298041       182.86
    2819.000     0.995313       298272       213.33
    2859.000     0.996094       298508       256.00
    2885.000     0.996484       298626       284.44
    2913.000     0.996875       298742       320.00
    2941.000     0.997266       298858       365.71
    2977.000     0.997656       298975       426.67
    3019.000     0.998047       299091       512.00
    3039.000     0.998242       299153       568.89
    3069.000     0.998437       299207       640.00
    3099.000     0.998633       299266       731.43
    3131.000     0.998828       299325       853.33
    3177.000     0.999023       299385      1024.00
    3205.000     0.999121       299415      1137.78
    3229.000     0.999219       299442      1280.00
    3255.000     0.999316       299471      1462.86
    3299.000     0.999414       299500      1706.67
    3353.000     0.999512       299529      2048.00
    3383.000     0.999561       299544      2275.56
    3415.000     0.999609       299560      2560.00
    3449.000     0.999658       299574      2925.71
    3487.000     0.999707       299588      3413.33
    3545.000     0.999756       299602      4096.00
    3613.000     0.999780       299610      4551.11
    3643.000     0.999805       299619      5120.00
    3693.000     0.999829       299624      5851.43
    3743.000     0.999854       299632      6826.67
    3775.000     0.999878       299639      8192.00
    3821.000     0.999890       299643      9102.22
    3841.000     0.999902       299647     10240.00
    3903.000     0.999915       299650     11702.86
    3927.000     0.999927       299654     13653.33
    4001.000     0.999939       299657     16384.00
    4037.000     0.999945       299659     18204.44
    4059.000     0.999951       299661     20480.00
    4083.000     0.999957       299663     23405.71
    4123.000     0.999963       299665     27306.67
    4131.000     0.999969       299666     32768.00
    4163.000     0.999973       299667     36408.89
    4167.000     0.999976       299668     40960.00
    4179.000     0.999979       299669     46811.43
    4207.000     0.999982       299670     54613.33
    4219.000     0.999985       299671     65536.00
    4219.000     0.999986       299671     72817.78
    4283.000     0.999988       299672     81920.00
    4283.000     0.999989       299672     93622.86
    4435.000     0.999991       299673    109226.67
    4435.000     0.999992       299673    131072.00
    4435.000     0.999993       299673    145635.56
    4459.000     0.999994       299674    163840.00
    4459.000     0.999995       299674    187245.71
    4459.000     0.999995       299674    218453.33
    4459.000     0.999996       299674    262144.00
    4459.000     0.999997       299674    291271.11
    4491.000     0.999997       299675    327680.00
    4491.000     1.000000       299675          inf
#[Mean    =     1267.090, StdDeviation   =      546.298]
#[Max     =     4488.000, Total count    =       299675]
#[Buckets =           27, SubBuckets     =         2048]
----------------------------------------------------------

  Latency Distribution (HdrHistogram - Uncorrected Latency (measured without taking delayed starts into account))
 50.000%  360.00us
 75.000%  459.00us
 90.000%  572.00us
 99.000%  818.00us
 99.900% 1337.00us
 99.990% 1997.00us
 99.999% 2827.00us
100.000% 3189.00us

  Detailed Percentile spectrum:
       Value   Percentile   TotalCount 1/(1-Percentile)

      58.000     0.000000            1         1.00
     212.000     0.100000        30257         1.11
     264.000     0.200000        60265         1.25
     299.000     0.300000        90588         1.43
     329.000     0.400000       120399         1.67
     360.000     0.500000       150739         2.00
     376.000     0.550000       165317         2.22
     393.000     0.600000       179865         2.50
     413.000     0.650000       195348         2.86
     435.000     0.700000       210310         3.33
     459.000     0.750000       224976         4.00
     473.000     0.775000       232611         4.44
     488.000     0.800000       240125         5.00
     505.000     0.825000       247638         5.71
     523.000     0.850000       254877         6.67
     545.000     0.875000       262309         8.00
     558.000     0.887500       266053         8.89
     572.000     0.900000       269861        10.00
     587.000     0.912500       273478        11.43
     605.000     0.925000       277401        13.33
     625.000     0.937500       281059        16.00
     636.000     0.943750       282860        17.78
     648.000     0.950000       284697        20.00
     663.000     0.956250       286675        22.86
     679.000     0.962500       288547        26.67
     698.000     0.968750       290388        32.00
     709.000     0.971875       291332        35.56
     721.000     0.975000       292211        40.00
     734.000     0.978125       293129        45.71
     751.000     0.981250       294092        53.33
     770.000     0.984375       295010        64.00
     781.000     0.985938       295474        71.11
     794.000     0.987500       295950        80.00
     808.000     0.989062       296419        91.43
     826.000     0.990625       296891       106.67
     846.000     0.992188       297352       128.00
     857.000     0.992969       297574       142.22
     870.000     0.993750       297807       160.00
     889.000     0.994531       298042       182.86
     908.000     0.995313       298278       213.33
     932.000     0.996094       298507       256.00
     948.000     0.996484       298627       284.44
     966.000     0.996875       298739       320.00
     992.000     0.997266       298857       365.71
    1023.000     0.997656       298973       426.67
    1073.000     0.998047       299092       512.00
    1105.000     0.998242       299149       568.89
    1150.000     0.998437       299208       640.00
    1211.000     0.998633       299267       731.43
    1285.000     0.998828       299325       853.33
    1347.000     0.999023       299384      1024.00
    1387.000     0.999121       299415      1137.78
    1420.000     0.999219       299442      1280.00
    1466.000     0.999316       299471      1462.86
    1509.000     0.999414       299500      1706.67
    1588.000     0.999512       299529      2048.00
    1615.000     0.999561       299544      2275.56
    1665.000     0.999609       299558      2560.00
    1725.000     0.999658       299573      2925.71
    1789.000     0.999707       299588      3413.33
    1855.000     0.999756       299602      4096.00
    1875.000     0.999780       299610      4551.11
    1897.000     0.999805       299619      5120.00
    1921.000     0.999829       299624      5851.43
    1941.000     0.999854       299632      6826.67
    1971.000     0.999878       299639      8192.00
    1977.000     0.999890       299643      9102.22
    1999.000     0.999902       299647     10240.00
    2014.000     0.999915       299650     11702.86
    2037.000     0.999927       299654     13653.33
    2055.000     0.999939       299657     16384.00
    2093.000     0.999945       299660     18204.44
    2143.000     0.999951       299662     20480.00
    2147.000     0.999957       299663     23405.71
    2207.000     0.999963       299665     27306.67
    2217.000     0.999969       299666     32768.00
    2221.000     0.999973       299667     36408.89
    2229.000     0.999976       299668     40960.00
    2247.000     0.999979       299669     46811.43
    2257.000     0.999982       299670     54613.33
    2263.000     0.999985       299671     65536.00
    2263.000     0.999986       299671     72817.78
    2827.000     0.999988       299672     81920.00
    2827.000     0.999989       299672     93622.86
    2869.000     0.999991       299673    109226.67
    2869.000     0.999992       299673    131072.00
    2869.000     0.999993       299673    145635.56
    2891.000     0.999994       299674    163840.00
    2891.000     0.999995       299674    187245.71
    2891.000     0.999995       299674    218453.33
    2891.000     0.999996       299674    262144.00
    2891.000     0.999997       299674    291271.11
    3189.000     0.999997       299675    327680.00
    3189.000     1.000000       299675          inf
#[Mean    =      381.458, StdDeviation   =      149.807]
#[Max     =     3188.000, Total count    =       299675]
#[Buckets =           27, SubBuckets     =         2048]
----------------------------------------------------------
  299690 requests in 10.00s, 25.15MB read
Requests/sec:  29971.30
Transfer/sec:      2.52MB

