Command: /tmp/wrk2/wrk http://10.10.1.1:8000/index.html -c 32 -t 8 -R 7000 -d 10 -L -U
Return code: 0
STDOUT:
Running 10s test @ http://10.10.1.1:8000/index.html
  8 threads and 32 connections
  Thread Stats   Avg      Stdev     Max   +/- Stdev
    Latency   1388.56u  522.13us5612.00us   63.59%
    Req/Sec       -nan      -nan   0.00      0.00%
  Latency Distribution (HdrHistogram - Recorded Latency)
 50.000% 1347.00us
 75.000% 1776.00us
 90.000% 2113.00us
 99.000% 2565.00us
 99.900% 2853.00us
 99.990% 4815.00us
 99.999% 5483.00us
100.000% 5615.00us

  Detailed Percentile spectrum:
       Value   Percentile   TotalCount 1/(1-Percentile)

     181.000     0.000000            1         1.00
     724.000     0.100000         7001         1.11
     896.000     0.200000        14016         1.25
    1047.000     0.300000        20995         1.43
    1196.000     0.400000        28006         1.67
    1347.000     0.500000        34977         2.00
    1429.000     0.550000        38496         2.22
    1511.000     0.600000        41964         2.50
    1592.000     0.650000        45468         2.86
    1681.000     0.700000        48981         3.33
    1776.000     0.750000        52472         4.00
    1824.000     0.775000        54219         4.44
    1876.000     0.800000        55981         5.00
    1929.000     0.825000        57727         5.71
    1984.000     0.850000        59462         6.67
    2046.000     0.875000        61200         8.00
    2079.000     0.887500        62074         8.89
    2113.000     0.900000        62984        10.00
    2149.000     0.912500        63842        11.43
    2189.000     0.925000        64710        13.33
    2235.000     0.937500        65599        16.00
    2259.000     0.943750        66037        17.78
    2283.000     0.950000        66456        20.00
    2313.000     0.956250        66902        22.86
    2343.000     0.962500        67323        26.67
    2381.000     0.968750        67759        32.00
    2403.000     0.971875        67983        35.56
    2423.000     0.975000        68190        40.00
    2447.000     0.978125        68418        45.71
    2473.000     0.981250        68636        53.33
    2499.000     0.984375        68857        64.00
    2513.000     0.985938        68962        71.11
    2533.000     0.987500        69070        80.00
    2553.000     0.989062        69177        91.43
    2573.000     0.990625        69286       106.67
    2597.000     0.992188        69391       128.00
    2611.000     0.992969        69447       142.22
    2629.000     0.993750        69499       160.00
    2643.000     0.994531        69556       182.86
    2663.000     0.995313        69611       213.33
    2687.000     0.996094        69666       256.00
    2699.000     0.996484        69692       284.44
    2711.000     0.996875        69718       320.00
    2735.000     0.997266        69749       365.71
    2759.000     0.997656        69773       426.67
    2787.000     0.998047        69803       512.00
    2799.000     0.998242        69816       568.89
    2813.000     0.998437        69827       640.00
    2825.000     0.998633        69842       731.43
    2837.000     0.998828        69855       853.33
    2859.000     0.999023        69869      1024.00
    2877.000     0.999121        69875      1137.78
    2887.000     0.999219        69882      1280.00
    2907.000     0.999316        69889      1462.86
    2941.000     0.999414        69896      1706.67
    2973.000     0.999512        69902      2048.00
    2985.000     0.999561        69907      2275.56
    2989.000     0.999609        69909      2560.00
    3027.000     0.999658        69913      2925.71
    3051.000     0.999707        69916      3413.33
    3075.000     0.999756        69919      4096.00
    3103.000     0.999780        69921      4551.11
    3123.000     0.999805        69923      5120.00
    3155.000     0.999829        69925      5851.43
    3235.000     0.999854        69926      6826.67
    3303.000     0.999878        69928      8192.00
    4815.000     0.999890        69929      9102.22
    4831.000     0.999902        69930     10240.00
    4943.000     0.999915        69931     11702.86
    4943.000     0.999927        69931     13653.33
    5079.000     0.999939        69932     16384.00
    5415.000     0.999945        69933     18204.44
    5415.000     0.999951        69933     20480.00
    5443.000     0.999957        69934     23405.71
    5443.000     0.999963        69934     27306.67
    5443.000     0.999969        69934     32768.00
    5483.000     0.999973        69935     36408.89
    5483.000     0.999976        69935     40960.00
    5483.000     0.999979        69935     46811.43
    5483.000     0.999982        69935     54613.33
    5483.000     0.999985        69935     65536.00
    5615.000     0.999986        69936     72817.78
    5615.000     1.000000        69936          inf
#[Mean    =     1388.563, StdDeviation   =      522.125]
#[Max     =     5612.000, Total count    =        69936]
#[Buckets =           27, SubBuckets     =         2048]
----------------------------------------------------------

  Latency Distribution (HdrHistogram - Uncorrected Latency (measured without taking delayed starts into account))
 50.000%  620.00us
 75.000%  801.00us
 90.000%  984.00us
 99.000% 1327.00us
 99.900% 1542.00us
 99.990% 4623.00us
 99.999% 5155.00us
100.000% 5215.00us

  Detailed Percentile spectrum:
       Value   Percentile   TotalCount 1/(1-Percentile)

     130.000     0.000000            1         1.00
     386.000     0.100000         7013         1.11
     455.000     0.200000        14000         1.25
     512.000     0.300000        21021         1.43
     565.000     0.400000        27978         1.67
     620.000     0.500000        35103         2.00
     649.000     0.550000        38552         2.22
     681.000     0.600000        41967         2.50
     718.000     0.650000        45527         2.86
     758.000     0.700000        48985         3.33
     801.000     0.750000        52516         4.00
     824.000     0.775000        54229         4.44
     850.000     0.800000        55985         5.00
     878.000     0.825000        57745         5.71
     909.000     0.850000        59476         6.67
     945.000     0.875000        61197         8.00
     964.000     0.887500        62086         8.89
     984.000     0.900000        62952        10.00
    1007.000     0.912500        63835        11.43
    1033.000     0.925000        64725        13.33
    1061.000     0.937500        65573        16.00
    1077.000     0.943750        66008        17.78
    1095.000     0.950000        66449        20.00
    1116.000     0.956250        66877        22.86
    1140.000     0.962500        67315        26.67
    1167.000     0.968750        67766        32.00
    1183.000     0.971875        67973        35.56
    1202.000     0.975000        68193        40.00
    1220.000     0.978125        68422        45.71
    1238.000     0.981250        68634        53.33
    1266.000     0.984375        68844        64.00
    1280.000     0.985938        68955        71.11
    1296.000     0.987500        69066        80.00
    1314.000     0.989062        69178        91.43
    1335.000     0.990625        69285       106.67
    1359.000     0.992188        69390       128.00
    1372.000     0.992969        69447       142.22
    1385.000     0.993750        69502       160.00
    1399.000     0.994531        69555       182.86
    1415.000     0.995313        69609       213.33
    1434.000     0.996094        69664       256.00
    1443.000     0.996484        69697       284.44
    1450.000     0.996875        69718       320.00
    1465.000     0.997266        69745       365.71
    1480.000     0.997656        69773       426.67
    1496.000     0.998047        69801       512.00
    1503.000     0.998242        69814       568.89
    1510.000     0.998437        69827       640.00
    1518.000     0.998633        69841       731.43
    1530.000     0.998828        69855       853.33
    1543.000     0.999023        69869      1024.00
    1556.000     0.999121        69875      1137.78
    1562.000     0.999219        69882      1280.00
    1578.000     0.999316        69889      1462.86
    1591.000     0.999414        69896      1706.67
    1598.000     0.999512        69902      2048.00
    1604.000     0.999561        69906      2275.56
    1612.000     0.999609        69909      2560.00
    1622.000     0.999658        69913      2925.71
    1641.000     0.999707        69916      3413.33
    1651.000     0.999756        69919      4096.00
    1688.000     0.999780        69921      4551.11
    1693.000     0.999805        69923      5120.00
    1706.000     0.999829        69925      5851.43
    1712.000     0.999854        69926      6826.67
    2067.000     0.999878        69928      8192.00
    4623.000     0.999890        69929      9102.22
    4743.000     0.999902        69930     10240.00
    4775.000     0.999915        69931     11702.86
    4775.000     0.999927        69931     13653.33
    4815.000     0.999939        69932     16384.00
    4967.000     0.999945        69933     18204.44
    4967.000     0.999951        69933     20480.00
    5135.000     0.999957        69934     23405.71
    5135.000     0.999963        69934     27306.67
    5135.000     0.999969        69934     32768.00
    5155.000     0.999973        69935     36408.89
    5155.000     0.999976        69935     40960.00
    5155.000     0.999979        69935     46811.43
    5155.000     0.999982        69935     54613.33
    5155.000     0.999985        69935     65536.00
    5215.000     0.999986        69936     72817.78
    5215.000     1.000000        69936          inf
#[Mean    =      658.554, StdDeviation   =      238.982]
#[Max     =     5212.000, Total count    =        69936]
#[Buckets =           27, SubBuckets     =         2048]
----------------------------------------------------------
  69945 requests in 10.00s, 5.87MB read
Requests/sec:   6994.55
Transfer/sec:    601.09KB

