Command: /tmp/wrk2/wrk http://10.10.1.1:8000/index.html -c 32 -t 8 -R 95000 -d 10 -L -U
Return code: 0
STDOUT:
Running 10s test @ http://10.10.1.1:8000/index.html
  8 threads and 32 connections
  Thread Stats   Avg      Stdev     Max   +/- Stdev
    Latency   1876745.990183.29u4126720.0   62.28%
    Req/Sec       -nan      -nan   0.00      0.00%
  Latency Distribution (HdrHistogram - Recorded Latency)
 50.000%2002943.00
 75.000%2637823.00
 90.000%3117055.00
 99.000%3786751.00
 99.900%4073471.00
 99.990%4118527.00
 99.999%4126719.00
100.000%4128767.00

  Detailed Percentile spectrum:
       Value   Percentile   TotalCount 1/(1-Percentile)

     117.000     0.000000            1         1.00
  413695.000     0.100000        64464         1.11
  841215.000     0.200000       128874         1.25
 1272831.000     0.300000       193352         1.43
 1681407.000     0.400000       257867         1.67
 2002943.000     0.500000       322217         2.00
 2156543.000     0.550000       354461         2.22
 2285567.000     0.600000       387030         2.50
 2400255.000     0.650000       418943         2.86
 2516991.000     0.700000       451577         3.33
 2637823.000     0.750000       483763         4.00
 2703359.000     0.775000       499975         4.44
 2768895.000     0.800000       515687         5.00
 2842623.000     0.825000       531687         5.71
 2922495.000     0.850000       547918         6.67
 3012607.000     0.875000       563993         8.00
 3065855.000     0.887500       572068         8.89
 3117055.000     0.900000       580076        10.00
 3178495.000     0.912500       588070        11.43
 3239935.000     0.925000       596092        13.33
 3309567.000     0.937500       604153        16.00
 3352575.000     0.943750       608267        17.78
 3391487.000     0.950000       612237        20.00
 3434495.000     0.956250       616251        22.86
 3479551.000     0.962500       620286        26.67
 3526655.000     0.968750       624350        32.00
 3551231.000     0.971875       626313        35.56
 3577855.000     0.975000       628389        40.00
 3602431.000     0.978125       630291        45.71
 3637247.000     0.981250       632361        53.33
 3674111.000     0.984375       634320        64.00
 3702783.000     0.985938       635326        71.11
 3731455.000     0.987500       636319        80.00
 3764223.000     0.989062       637342        91.43
 3803135.000     0.990625       638362       106.67
 3842047.000     0.992188       639353       128.00
 3860479.000     0.992969       639882       142.22
 3878911.000     0.993750       640366       160.00
 3905535.000     0.994531       640867       182.86
 3932159.000     0.995313       641372       213.33
 3954687.000     0.996094       641848       256.00
 3969023.000     0.996484       642134       284.44
 3981311.000     0.996875       642383       320.00
 3995647.000     0.997266       642630       365.71
 4009983.000     0.997656       642859       426.67
 4028415.000     0.998047       643125       512.00
 4036607.000     0.998242       643240       568.89
 4046847.000     0.998437       643373       640.00
 4057087.000     0.998633       643501       731.43
 4065279.000     0.998828       643613       853.33
 4073471.000     0.999023       643735      1024.00
 4079615.000     0.999121       643824      1137.78
 4083711.000     0.999219       643881      1280.00
 4087807.000     0.999316       643927      1462.86
 4093951.000     0.999414       644010      1706.67
 4098047.000     0.999512       644056      2048.00
 4100095.000     0.999561       644081      2275.56
 4102143.000     0.999609       644120      2560.00
 4104191.000     0.999658       644146      2925.71
 4108287.000     0.999707       644196      3413.33
 4110335.000     0.999756       644219      4096.00
 4112383.000     0.999780       644242      4551.11
 4112383.000     0.999805       644242      5120.00
 4114431.000     0.999829       644266      5851.43
 4116479.000     0.999854       644298      6826.67
 4116479.000     0.999878       644298      8192.00
 4116479.000     0.999890       644298      9102.22
 4118527.000     0.999902       644314     10240.00
 4118527.000     0.999915       644314     11702.86
 4120575.000     0.999927       644328     13653.33
 4120575.000     0.999939       644328     16384.00
 4122623.000     0.999945       644337     18204.44
 4122623.000     0.999951       644337     20480.00
 4122623.000     0.999957       644337     23405.71
 4124671.000     0.999963       644352     27306.67
 4124671.000     0.999969       644352     32768.00
 4124671.000     0.999973       644352     36408.89
 4124671.000     0.999976       644352     40960.00
 4124671.000     0.999979       644352     46811.43
 4126719.000     0.999982       644363     54613.33
 4126719.000     0.999985       644363     65536.00
 4126719.000     0.999986       644363     72817.78
 4126719.000     0.999988       644363     81920.00
 4126719.000     0.999989       644363     93622.86
 4126719.000     0.999991       644363    109226.67
 4126719.000     0.999992       644363    131072.00
 4126719.000     0.999993       644363    145635.56
 4126719.000     0.999994       644363    163840.00
 4126719.000     0.999995       644363    187245.71
 4126719.000     0.999995       644363    218453.33
 4126719.000     0.999996       644363    262144.00
 4126719.000     0.999997       644363    291271.11
 4126719.000     0.999997       644363    327680.00
 4126719.000     0.999997       644363    374491.43
 4126719.000     0.999998       644363    436906.67
 4126719.000     0.999998       644363    524288.00
 4126719.000     0.999998       644363    582542.22
 4128767.000     0.999998       644364    655360.00
 4128767.000     1.000000       644364          inf
#[Mean    =  1876745.286, StdDeviation   =   990183.293]
#[Max     =  4126720.000, Total count    =       644364]
#[Buckets =           27, SubBuckets     =         2048]
----------------------------------------------------------

  Latency Distribution (HdrHistogram - Uncorrected Latency (measured without taking delayed starts into account))
 50.000%  464.00us
 75.000%  549.00us
 90.000%  635.00us
 99.000%  798.00us
 99.900%  912.00us
 99.990%  991.00us
 99.999% 1052.00us
100.000% 1380.00us

  Detailed Percentile spectrum:
       Value   Percentile   TotalCount 1/(1-Percentile)

      53.000     0.000000            1         1.00
     318.000     0.100000        64753         1.11
     371.000     0.200000       129603         1.25
     406.000     0.300000       194576         1.43
     435.000     0.400000       258307         1.67
     464.000     0.500000       324220         2.00
     478.000     0.550000       354777         2.22
     494.000     0.600000       388132         2.50
     511.000     0.650000       420508         2.86
     529.000     0.700000       452301         3.33
     549.000     0.750000       484066         4.00
     560.000     0.775000       499808         4.44
     572.000     0.800000       515827         5.00
     585.000     0.825000       531794         5.71
     600.000     0.850000       548435         6.67
     616.000     0.875000       564099         8.00
     625.000     0.887500       572135         8.89
     635.000     0.900000       580433        10.00
     646.000     0.912500       588546        11.43
     658.000     0.925000       596352        13.33
     672.000     0.937500       604360        16.00
     680.000     0.943750       608289        17.78
     689.000     0.950000       612316        20.00
     699.000     0.956250       616374        22.86
     710.000     0.962500       620403        26.67
     723.000     0.968750       624436        32.00
     730.000     0.971875       626254        35.56
     739.000     0.975000       628487        40.00
     748.000     0.978125       630410        45.71
     758.000     0.981250       632374        53.33
     770.000     0.984375       634428        64.00
     776.000     0.985938       635311        71.11
     784.000     0.987500       636387        80.00
     792.000     0.989062       637344        91.43
     801.000     0.990625       638333       106.67
     812.000     0.992188       639387       128.00
     818.000     0.992969       639874       142.22
     824.000     0.993750       640345       160.00
     832.000     0.994531       640887       182.86
     840.000     0.995313       641402       213.33
     849.000     0.996094       641859       256.00
     855.000     0.996484       642121       284.44
     861.000     0.996875       642371       320.00
     868.000     0.997266       642618       365.71
     875.000     0.997656       642867       426.67
     884.000     0.998047       643125       512.00
     888.000     0.998242       643233       568.89
     894.000     0.998437       643374       640.00
     899.000     0.998633       643496       731.43
     905.000     0.998828       643615       853.33
     912.000     0.999023       643735      1024.00
     917.000     0.999121       643801      1137.78
     921.000     0.999219       643868      1280.00
     925.000     0.999316       643927      1462.86
     932.000     0.999414       643993      1706.67
     938.000     0.999512       644057      2048.00
     942.000     0.999561       644083      2275.56
     947.000     0.999609       644114      2560.00
     953.000     0.999658       644146      2925.71
     959.000     0.999707       644180      3413.33
     965.000     0.999756       644211      4096.00
     967.000     0.999780       644223      4551.11
     971.000     0.999805       644241      5120.00
     975.000     0.999829       644254      5851.43
     981.000     0.999854       644270      6826.67
     987.000     0.999878       644287      8192.00
     989.000     0.999890       644295      9102.22
     992.000     0.999902       644303     10240.00
     994.000     0.999915       644310     11702.86
     996.000     0.999927       644318     13653.33
    1005.000     0.999939       644325     16384.00
    1012.000     0.999945       644331     18204.44
    1017.000     0.999951       644333     20480.00
    1023.000     0.999957       644337     23405.71
    1028.000     0.999963       644341     27306.67
    1033.000     0.999969       644349     32768.00
    1033.000     0.999973       644349     36408.89
    1033.000     0.999976       644349     40960.00
    1040.000     0.999979       644352     46811.43
    1041.000     0.999982       644353     54613.33
    1048.000     0.999985       644355     65536.00
    1049.000     0.999986       644356     72817.78
    1052.000     0.999988       644358     81920.00
    1052.000     0.999989       644358     93622.86
    1055.000     0.999991       644359    109226.67
    1062.000     0.999992       644360    131072.00
    1062.000     0.999993       644360    145635.56
    1066.000     0.999994       644361    163840.00
    1066.000     0.999995       644361    187245.71
    1085.000     0.999995       644362    218453.33
    1085.000     0.999996       644362    262144.00
    1085.000     0.999997       644362    291271.11
    1100.000     0.999997       644363    327680.00
    1100.000     0.999997       644363    374491.43
    1100.000     0.999998       644363    436906.67
    1100.000     0.999998       644363    524288.00
    1100.000     0.999998       644363    582542.22
    1380.000     0.999998       644364    655360.00
    1380.000     1.000000       644364          inf
#[Mean    =      471.571, StdDeviation   =      124.933]
#[Max     =     1380.000, Total count    =       644364]
#[Buckets =           27, SubBuckets     =         2048]
----------------------------------------------------------
  644377 requests in 10.00s, 54.08MB read
Requests/sec:  64443.49
Transfer/sec:      5.41MB

