Command: /tmp/wrk2/wrk http://10.10.1.1:8000/index.html -c 32 -t 8 -R 4000 -d 10 -L -U
Return code: 0
STDOUT:
Running 10s test @ http://10.10.1.1:8000/index.html
  8 threads and 32 connections
  Thread Stats   Avg      Stdev     Max   +/- Stdev
    Latency   1266.01u  442.15us7144.00us   66.87%
    Req/Sec       -nan      -nan   0.00      0.00%
  Latency Distribution (HdrHistogram - Recorded Latency)
 50.000% 1249.00us
 75.000% 1562.00us
 90.000% 1840.00us
 99.000% 2345.00us
 99.900% 2585.00us
 99.990% 6371.00us
 99.999% 7147.00us
100.000% 7147.00us

  Detailed Percentile spectrum:
       Value   Percentile   TotalCount 1/(1-Percentile)

     251.000     0.000000            1         1.00
     708.000     0.100000         4010         1.11
     856.000     0.200000         7995         1.25
     991.000     0.300000        12011         1.43
    1124.000     0.400000        16015         1.67
    1249.000     0.500000        19989         2.00
    1313.000     0.550000        22000         2.22
    1376.000     0.600000        24018         2.50
    1435.000     0.650000        25992         2.86
    1496.000     0.700000        28018         3.33
    1562.000     0.750000        29999         4.00
    1598.000     0.775000        31000         4.44
    1634.000     0.800000        31991         5.00
    1677.000     0.825000        32985         5.71
    1725.000     0.850000        33979         6.67
    1779.000     0.875000        34983         8.00
    1808.000     0.887500        35486         8.89
    1840.000     0.900000        35982        10.00
    1875.000     0.912500        36480        11.43
    1919.000     0.925000        36977        13.33
    1969.000     0.937500        37481        16.00
    1997.000     0.943750        37729        17.78
    2028.000     0.950000        37980        20.00
    2065.000     0.956250        38236        22.86
    2103.000     0.962500        38483        26.67
    2145.000     0.968750        38736        32.00
    2167.000     0.971875        38851        35.56
    2191.000     0.975000        38978        40.00
    2217.000     0.978125        39103        45.71
    2251.000     0.981250        39230        53.33
    2281.000     0.984375        39357        64.00
    2299.000     0.985938        39413        71.11
    2317.000     0.987500        39476        80.00
    2335.000     0.989062        39545        91.43
    2349.000     0.990625        39601       106.67
    2375.000     0.992188        39665       128.00
    2395.000     0.992969        39696       142.22
    2411.000     0.993750        39729       160.00
    2427.000     0.994531        39757       182.86
    2443.000     0.995313        39792       213.33
    2461.000     0.996094        39819       256.00
    2475.000     0.996484        39837       284.44
    2483.000     0.996875        39854       320.00
    2495.000     0.997266        39867       365.71
    2509.000     0.997656        39882       426.67
    2525.000     0.998047        39897       512.00
    2543.000     0.998242        39906       568.89
    2549.000     0.998437        39914       640.00
    2555.000     0.998633        39921       731.43
    2571.000     0.998828        39929       853.33
    2587.000     0.999023        39937      1024.00
    2599.000     0.999121        39940      1137.78
    2607.000     0.999219        39944      1280.00
    2621.000     0.999316        39949      1462.86
    2649.000     0.999414        39953      1706.67
    2665.000     0.999512        39957      2048.00
    2701.000     0.999561        39958      2275.56
    2711.000     0.999609        39961      2560.00
    2727.000     0.999658        39962      2925.71
    2895.000     0.999707        39964      3413.33
    3015.000     0.999756        39966      4096.00
    3025.000     0.999780        39967      4551.11
    6071.000     0.999805        39968      5120.00
    6147.000     0.999829        39969      5851.43
    6175.000     0.999854        39970      6826.67
    6371.000     0.999878        39971      8192.00
    6371.000     0.999890        39971      9102.22
    6391.000     0.999902        39972     10240.00
    6391.000     0.999915        39972     11702.86
    6555.000     0.999927        39973     13653.33
    6555.000     0.999939        39973     16384.00
    6555.000     0.999945        39973     18204.44
    6595.000     0.999951        39974     20480.00
    6595.000     0.999957        39974     23405.71
    6595.000     0.999963        39974     27306.67
    6595.000     0.999969        39974     32768.00
    6595.000     0.999973        39974     36408.89
    7147.000     0.999976        39975     40960.00
    7147.000     1.000000        39975          inf
#[Mean    =     1266.006, StdDeviation   =      442.153]
#[Max     =     7144.000, Total count    =        39975]
#[Buckets =           27, SubBuckets     =         2048]
----------------------------------------------------------

  Latency Distribution (HdrHistogram - Uncorrected Latency (measured without taking delayed starts into account))
 50.000%  506.00us
 75.000%  601.00us
 90.000%  678.00us
 99.000%  806.00us
 99.900%  901.00us
 99.990% 6147.00us
 99.999% 6851.00us
100.000% 6851.00us

  Detailed Percentile spectrum:
       Value   Percentile   TotalCount 1/(1-Percentile)

     138.000     0.000000            1         1.00
     342.000     0.100000         4008         1.11
     393.000     0.200000         8003         1.25
     430.000     0.300000        12100         1.43
     467.000     0.400000        16065         1.67
     506.000     0.500000        20092         2.00
     525.000     0.550000        22058         2.22
     543.000     0.600000        23992         2.50
     564.000     0.650000        26086         2.86
     582.000     0.700000        28046         3.33
     601.000     0.750000        30058         4.00
     611.000     0.775000        31006         4.44
     622.000     0.800000        31999         5.00
     634.000     0.825000        33027         5.71
     647.000     0.850000        33991         6.67
     661.000     0.875000        34985         8.00
     670.000     0.887500        35528         8.89
     678.000     0.900000        36005        10.00
     687.000     0.912500        36496        11.43
     698.000     0.925000        37017        13.33
     710.000     0.937500        37488        16.00
     717.000     0.943750        37744        17.78
     724.000     0.950000        37987        20.00
     731.000     0.956250        38228        22.86
     740.000     0.962500        38477        26.67
     750.000     0.968750        38727        32.00
     756.000     0.971875        38855        35.56
     762.000     0.975000        38984        40.00
     769.000     0.978125        39101        45.71
     778.000     0.981250        39240        53.33
     787.000     0.984375        39358        64.00
     793.000     0.985938        39435        71.11
     797.000     0.987500        39485        80.00
     802.000     0.989062        39545        91.43
     810.000     0.990625        39606       106.67
     818.000     0.992188        39664       128.00
     822.000     0.992969        39696       142.22
     828.000     0.993750        39733       160.00
     834.000     0.994531        39761       182.86
     842.000     0.995313        39791       213.33
     850.000     0.996094        39821       256.00
     853.000     0.996484        39835       284.44
     858.000     0.996875        39853       320.00
     862.000     0.997266        39866       365.71
     871.000     0.997656        39882       426.67
     876.000     0.998047        39898       512.00
     881.000     0.998242        39905       568.89
     883.000     0.998437        39915       640.00
     889.000     0.998633        39924       731.43
     893.000     0.998828        39929       853.33
     901.000     0.999023        39937      1024.00
     907.000     0.999121        39941      1137.78
     912.000     0.999219        39944      1280.00
     917.000     0.999316        39948      1462.86
     941.000     0.999414        39952      1706.67
     960.000     0.999512        39956      2048.00
     991.000     0.999561        39958      2275.56
    2143.000     0.999609        39960      2560.00
    2407.000     0.999658        39962      2925.71
    2641.000     0.999707        39964      3413.33
    2733.000     0.999756        39966      4096.00
    2803.000     0.999780        39967      4551.11
    5875.000     0.999805        39968      5120.00
    5879.000     0.999829        39969      5851.43
    5947.000     0.999854        39970      6826.67
    6147.000     0.999878        39971      8192.00
    6147.000     0.999890        39971      9102.22
    6175.000     0.999902        39972     10240.00
    6175.000     0.999915        39972     11702.86
    6279.000     0.999927        39973     13653.33
    6279.000     0.999939        39973     16384.00
    6279.000     0.999945        39973     18204.44
    6335.000     0.999951        39974     20480.00
    6335.000     0.999957        39974     23405.71
    6335.000     0.999963        39974     27306.67
    6335.000     0.999969        39974     32768.00
    6335.000     0.999973        39974     36408.89
    6851.000     0.999976        39975     40960.00
    6851.000     1.000000        39975          inf
#[Mean    =      509.805, StdDeviation   =      154.678]
#[Max     =     6848.000, Total count    =        39975]
#[Buckets =           27, SubBuckets     =         2048]
----------------------------------------------------------
  39983 requests in 10.00s, 3.36MB read
Requests/sec:   3997.69
Transfer/sec:    343.55KB

