Command: /tmp/wrk2/wrk http://10.10.1.1:8000/index.html -c 32 -t 8 -R 50000 -d 10 -L -U
Return code: 0
STDOUT:
Running 10s test @ http://10.10.1.1:8000/index.html
  8 threads and 32 connections
  Thread Stats   Avg      Stdev     Max   +/- Stdev
    Latency   1155.81u  552.80us4228.00us   67.30%
    Req/Sec       -nan      -nan   0.00      0.00%
  Latency Distribution (HdrHistogram - Recorded Latency)
 50.000% 1086.00us
 75.000% 1498.00us
 90.000% 1908.00us
 99.000% 2707.00us
 99.900% 3363.00us
 99.990% 3797.00us
 99.999% 4175.00us
100.000% 4231.00us

  Detailed Percentile spectrum:
       Value   Percentile   TotalCount 1/(1-Percentile)

      74.000     0.000000            1         1.00
     499.000     0.100000        50059         1.11
     651.000     0.200000       100128         1.25
     795.000     0.300000       149970         1.43
     941.000     0.400000       200016         1.67
    1086.000     0.500000       249809         2.00
    1160.000     0.550000       274832         2.22
    1237.000     0.600000       299970         2.50
    1316.000     0.650000       324706         2.86
    1403.000     0.700000       349895         3.33
    1498.000     0.750000       374826         4.00
    1552.000     0.775000       387214         4.44
    1609.000     0.800000       399672         5.00
    1671.000     0.825000       412241         5.71
    1739.000     0.850000       424714         6.67
    1817.000     0.875000       437103         8.00
    1861.000     0.887500       443382         8.89
    1908.000     0.900000       449557        10.00
    1960.000     0.912500       455824        11.43
    2019.000     0.925000       462074        13.33
    2089.000     0.937500       468415        16.00
    2127.000     0.943750       471535        17.78
    2169.000     0.950000       474652        20.00
    2215.000     0.956250       477725        22.86
    2267.000     0.962500       480777        26.67
    2329.000     0.968750       483904        32.00
    2365.000     0.971875       485504        35.56
    2405.000     0.975000       487095        40.00
    2449.000     0.978125       488599        45.71
    2501.000     0.981250       490142        53.33
    2563.000     0.984375       491750        64.00
    2599.000     0.985938       492515        71.11
    2637.000     0.987500       493269        80.00
    2679.000     0.989062       494044        91.43
    2727.000     0.990625       494848       106.67
    2785.000     0.992188       495618       128.00
    2817.000     0.992969       496019       142.22
    2847.000     0.993750       496396       160.00
    2889.000     0.994531       496781       182.86
    2935.000     0.995313       497171       213.33
    2991.000     0.996094       497561       256.00
    3021.000     0.996484       497756       284.44
    3051.000     0.996875       497954       320.00
    3089.000     0.997266       498144       365.71
    3133.000     0.997656       498343       426.67
    3181.000     0.998047       498536       512.00
    3211.000     0.998242       498633       568.89
    3245.000     0.998437       498727       640.00
    3283.000     0.998633       498826       731.43
    3323.000     0.998828       498926       853.33
    3373.000     0.999023       499019      1024.00
    3399.000     0.999121       499067      1137.78
    3429.000     0.999219       499118      1280.00
    3461.000     0.999316       499166      1462.86
    3491.000     0.999414       499214      1706.67
    3547.000     0.999512       499263      2048.00
    3567.000     0.999561       499286      2275.56
    3583.000     0.999609       499310      2560.00
    3611.000     0.999658       499335      2925.71
    3643.000     0.999707       499361      3413.33
    3673.000     0.999756       499385      4096.00
    3691.000     0.999780       499397      4551.11
    3707.000     0.999805       499409      5120.00
    3729.000     0.999829       499422      5851.43
    3747.000     0.999854       499432      6826.67
    3767.000     0.999878       499445      8192.00
    3787.000     0.999890       499451      9102.22
    3815.000     0.999902       499457     10240.00
    3843.000     0.999915       499464     11702.86
    3899.000     0.999927       499469     13653.33
    3967.000     0.999939       499476     16384.00
    3969.000     0.999945       499478     18204.44
    3987.000     0.999951       499481     20480.00
    4015.000     0.999957       499484     23405.71
    4039.000     0.999963       499487     27306.67
    4053.000     0.999969       499490     32768.00
    4061.000     0.999973       499492     36408.89
    4083.000     0.999976       499493     40960.00
    4107.000     0.999979       499495     46811.43
    4119.000     0.999982       499497     54613.33
    4131.000     0.999985       499498     65536.00
    4163.000     0.999986       499499     72817.78
    4163.000     0.999988       499499     81920.00
    4175.000     0.999989       499501     93622.86
    4175.000     0.999991       499501    109226.67
    4203.000     0.999992       499502    131072.00
    4203.000     0.999993       499502    145635.56
    4203.000     0.999994       499502    163840.00
    4207.000     0.999995       499503    187245.71
    4207.000     0.999995       499503    218453.33
    4219.000     0.999996       499504    262144.00
    4219.000     0.999997       499504    291271.11
    4219.000     0.999997       499504    327680.00
    4219.000     0.999997       499504    374491.43
    4219.000     0.999998       499504    436906.67
    4231.000     0.999998       499505    524288.00
    4231.000     1.000000       499505          inf
#[Mean    =     1155.813, StdDeviation   =      552.803]
#[Max     =     4228.000, Total count    =       499505]
#[Buckets =           27, SubBuckets     =         2048]
----------------------------------------------------------

  Latency Distribution (HdrHistogram - Uncorrected Latency (measured without taking delayed starts into account))
 50.000%  388.00us
 75.000%  477.00us
 90.000%  564.00us
 99.000%  725.00us
 99.900%  849.00us
 99.990% 1011.00us
 99.999% 1522.00us
100.000% 1595.00us

  Detailed Percentile spectrum:
       Value   Percentile   TotalCount 1/(1-Percentile)

      52.000     0.000000            1         1.00
     226.000     0.100000        50702         1.11
     276.000     0.200000       100079         1.25
     316.000     0.300000       149910         1.43
     353.000     0.400000       200510         1.67
     388.000     0.500000       251077         2.00
     404.000     0.550000       274937         2.22
     421.000     0.600000       300247         2.50
     439.000     0.650000       325947         2.86
     457.000     0.700000       350391         3.33
     477.000     0.750000       375258         4.00
     488.000     0.775000       387625         4.44
     500.000     0.800000       400025         5.00
     513.000     0.825000       412354         5.71
     528.000     0.850000       424942         6.67
     545.000     0.875000       437670         8.00
     554.000     0.887500       443547         8.89
     564.000     0.900000       449684        10.00
     575.000     0.912500       455833        11.43
     588.000     0.925000       462316        13.33
     602.000     0.937500       468413        16.00
     610.000     0.943750       471522        17.78
     619.000     0.950000       474709        20.00
     629.000     0.956250       477924        22.86
     639.000     0.962500       480789        26.67
     652.000     0.968750       484080        32.00
     659.000     0.971875       485589        35.56
     666.000     0.975000       487026        40.00
     675.000     0.978125       488618        45.71
     685.000     0.981250       490171        53.33
     697.000     0.984375       491784        64.00
     704.000     0.985938       492555        71.11
     711.000     0.987500       493317        80.00
     719.000     0.989062       494055        91.43
     729.000     0.990625       494843       106.67
     740.000     0.992188       495635       128.00
     746.000     0.992969       496019       142.22
     752.000     0.993750       496398       160.00
     760.000     0.994531       496807       182.86
     767.000     0.995313       497174       213.33
     778.000     0.996094       497583       256.00
     784.000     0.996484       497763       284.44
     790.000     0.996875       497969       320.00
     797.000     0.997266       498145       365.71
     805.000     0.997656       498350       426.67
     815.000     0.998047       498544       512.00
     820.000     0.998242       498634       568.89
     827.000     0.998437       498734       640.00
     833.000     0.998633       498823       731.43
     842.000     0.998828       498926       853.33
     852.000     0.999023       499024      1024.00
     857.000     0.999121       499072      1137.78
     862.000     0.999219       499119      1280.00
     870.000     0.999316       499164      1462.86
     878.000     0.999414       499215      1706.67
     890.000     0.999512       499265      2048.00
     897.000     0.999561       499291      2275.56
     902.000     0.999609       499313      2560.00
     910.000     0.999658       499335      2925.71
     923.000     0.999707       499361      3413.33
     933.000     0.999756       499384      4096.00
     941.000     0.999780       499397      4551.11
     948.000     0.999805       499409      5120.00
     954.000     0.999829       499420      5851.43
     970.000     0.999854       499432      6826.67
     992.000     0.999878       499445      8192.00
    1005.000     0.999890       499451      9102.22
    1019.000     0.999902       499457     10240.00
    1029.000     0.999915       499463     11702.86
    1055.000     0.999927       499469     13653.33
    1086.000     0.999939       499475     16384.00
    1134.000     0.999945       499478     18204.44
    1170.000     0.999951       499481     20480.00
    1200.000     0.999957       499484     23405.71
    1263.000     0.999963       499487     27306.67
    1428.000     0.999969       499490     32768.00
    1434.000     0.999973       499492     36408.89
    1444.000     0.999976       499493     40960.00
    1464.000     0.999979       499495     46811.43
    1489.000     0.999982       499496     54613.33
    1514.000     0.999985       499498     65536.00
    1519.000     0.999986       499499     72817.78
    1519.000     0.999988       499499     81920.00
    1522.000     0.999989       499500     93622.86
    1533.000     0.999991       499501    109226.67
    1554.000     0.999992       499502    131072.00
    1554.000     0.999993       499502    145635.56
    1554.000     0.999994       499502    163840.00
    1572.000     0.999995       499503    187245.71
    1572.000     0.999995       499503    218453.33
    1587.000     0.999996       499504    262144.00
    1587.000     0.999997       499504    291271.11
    1587.000     0.999997       499504    327680.00
    1587.000     0.999997       499504    374491.43
    1587.000     0.999998       499504    436906.67
    1595.000     0.999998       499505    524288.00
    1595.000     1.000000       499505          inf
#[Mean    =      392.365, StdDeviation   =      131.000]
#[Max     =     1595.000, Total count    =       499505]
#[Buckets =           27, SubBuckets     =         2048]
----------------------------------------------------------
  499514 requests in 10.00s, 41.92MB read
Requests/sec:  49956.06
Transfer/sec:      4.19MB

