Command: /tmp/wrk2/wrk http://10.10.1.1:8000/index.html -c 32 -t 8 -R 5000 -d 10 -L -U
Return code: 0
STDOUT:
Running 10s test @ http://10.10.1.1:8000/index.html
  8 threads and 32 connections
  Thread Stats   Avg      Stdev     Max   +/- Stdev
    Latency   1246.35u  457.17us6272.00us   64.97%
    Req/Sec       -nan      -nan   0.00      0.00%
  Latency Distribution (HdrHistogram - Recorded Latency)
 50.000% 1226.00us
 75.000% 1560.00us
 90.000% 1869.00us
 99.000% 2299.00us
 99.900% 2565.00us
 99.990% 5895.00us
 99.999% 6275.00us
100.000% 6275.00us

  Detailed Percentile spectrum:
       Value   Percentile   TotalCount 1/(1-Percentile)

     215.000     0.000000            1         1.00
     656.000     0.100000         5001         1.11
     818.000     0.200000        10027         1.25
     963.000     0.300000        14991         1.43
    1096.000     0.400000        19987         1.67
    1226.000     0.500000        24996         2.00
    1290.000     0.550000        27496         2.22
    1356.000     0.600000        30023         2.50
    1419.000     0.650000        32485         2.86
    1487.000     0.700000        34992         3.33
    1560.000     0.750000        37491         4.00
    1600.000     0.775000        38732         4.44
    1646.000     0.800000        40000         5.00
    1694.000     0.825000        41225         5.71
    1747.000     0.850000        42473         6.67
    1803.000     0.875000        43725         8.00
    1835.000     0.887500        44362         8.89
    1869.000     0.900000        44986        10.00
    1905.000     0.912500        45596        11.43
    1944.000     0.925000        46230        13.33
    1987.000     0.937500        46844        16.00
    2011.000     0.943750        47155        17.78
    2037.000     0.950000        47468        20.00
    2067.000     0.956250        47792        22.86
    2095.000     0.962500        48106        26.67
    2129.000     0.968750        48408        32.00
    2151.000     0.971875        48578        35.56
    2169.000     0.975000        48729        40.00
    2189.000     0.978125        48888        45.71
    2209.000     0.981250        49031        53.33
    2239.000     0.984375        49188        64.00
    2255.000     0.985938        49271        71.11
    2273.000     0.987500        49343        80.00
    2289.000     0.989062        49423        91.43
    2307.000     0.990625        49497       106.67
    2331.000     0.992188        49578       128.00
    2347.000     0.992969        49621       142.22
    2361.000     0.993750        49654       160.00
    2379.000     0.994531        49697       182.86
    2397.000     0.995313        49731       213.33
    2419.000     0.996094        49770       256.00
    2435.000     0.996484        49791       284.44
    2449.000     0.996875        49809       320.00
    2465.000     0.997266        49830       365.71
    2485.000     0.997656        49848       426.67
    2509.000     0.998047        49868       512.00
    2517.000     0.998242        49879       568.89
    2529.000     0.998437        49887       640.00
    2543.000     0.998633        49898       731.43
    2555.000     0.998828        49908       853.33
    2565.000     0.999023        49918      1024.00
    2577.000     0.999121        49922      1137.78
    2591.000     0.999219        49926      1280.00
    2603.000     0.999316        49932      1462.86
    2611.000     0.999414        49937      1706.67
    2623.000     0.999512        49942      2048.00
    2633.000     0.999561        49945      2275.56
    2651.000     0.999609        49946      2560.00
    2655.000     0.999658        49948      2925.71
    2693.000     0.999707        49951      3413.33
    2709.000     0.999756        49953      4096.00
    2779.000     0.999780        49955      4551.11
    2781.000     0.999805        49956      5120.00
    2803.000     0.999829        49957      5851.43
    5659.000     0.999854        49958      6826.67
    5867.000     0.999878        49959      8192.00
    5895.000     0.999890        49960      9102.22
    6055.000     0.999902        49961     10240.00
    6055.000     0.999915        49961     11702.86
    6067.000     0.999927        49962     13653.33
    6067.000     0.999939        49962     16384.00
    6163.000     0.999945        49963     18204.44
    6163.000     0.999951        49963     20480.00
    6163.000     0.999957        49963     23405.71
    6255.000     0.999963        49964     27306.67
    6255.000     0.999969        49964     32768.00
    6255.000     0.999973        49964     36408.89
    6255.000     0.999976        49964     40960.00
    6255.000     0.999979        49964     46811.43
    6275.000     0.999982        49965     54613.33
    6275.000     1.000000        49965          inf
#[Mean    =     1246.351, StdDeviation   =      457.165]
#[Max     =     6272.000, Total count    =        49965]
#[Buckets =           27, SubBuckets     =         2048]
----------------------------------------------------------

  Latency Distribution (HdrHistogram - Uncorrected Latency (measured without taking delayed starts into account))
 50.000%  469.00us
 75.000%  571.00us
 90.000%  653.00us
 99.000%  805.00us
 99.900%  921.00us
 99.990% 5775.00us
 99.999% 6059.00us
100.000% 6059.00us

  Detailed Percentile spectrum:
       Value   Percentile   TotalCount 1/(1-Percentile)

     126.000     0.000000            1         1.00
     322.000     0.100000         5058         1.11
     364.000     0.200000        10015         1.25
     402.000     0.300000        14999         1.43
     434.000     0.400000        20085         1.67
     469.000     0.500000        25045         2.00
     488.000     0.550000        27506         2.22
     508.000     0.600000        30033         2.50
     528.000     0.650000        32539         2.86
     549.000     0.700000        35066         3.33
     571.000     0.750000        37497         4.00
     582.000     0.775000        38729         4.44
     594.000     0.800000        40035         5.00
     606.000     0.825000        41276         5.71
     620.000     0.850000        42544         6.67
     635.000     0.875000        43753         8.00
     643.000     0.887500        44373         8.89
     653.000     0.900000        45017        10.00
     663.000     0.912500        45597        11.43
     676.000     0.925000        46254        13.33
     689.000     0.937500        46853        16.00
     697.000     0.943750        47190        17.78
     706.000     0.950000        47497        20.00
     714.000     0.956250        47793        22.86
     724.000     0.962500        48113        26.67
     735.000     0.968750        48406        32.00
     742.000     0.971875        48569        35.56
     750.000     0.975000        48730        40.00
     757.000     0.978125        48876        45.71
     766.000     0.981250        49038        53.33
     777.000     0.984375        49192        64.00
     783.000     0.985938        49265        71.11
     790.000     0.987500        49345        80.00
     798.000     0.989062        49422        91.43
     808.000     0.990625        49498       106.67
     819.000     0.992188        49581       128.00
     823.000     0.992969        49620       142.22
     831.000     0.993750        49657       160.00
     835.000     0.994531        49692       182.86
     843.000     0.995313        49733       213.33
     851.000     0.996094        49773       256.00
     856.000     0.996484        49793       284.44
     863.000     0.996875        49809       320.00
     869.000     0.997266        49830       365.71
     875.000     0.997656        49851       426.67
     883.000     0.998047        49870       512.00
     891.000     0.998242        49878       568.89
     895.000     0.998437        49887       640.00
     901.000     0.998633        49897       731.43
     913.000     0.998828        49908       853.33
     922.000     0.999023        49917      1024.00
     925.000     0.999121        49922      1137.78
     929.000     0.999219        49927      1280.00
     941.000     0.999316        49931      1462.86
     956.000     0.999414        49939      1706.67
     963.000     0.999512        49941      2048.00
     967.000     0.999561        49944      2275.56
     989.000     0.999609        49946      2560.00
    1003.000     0.999658        49948      2925.71
    1229.000     0.999707        49951      3413.33
    1692.000     0.999756        49953      4096.00
    1714.000     0.999780        49955      4551.11
    1771.000     0.999805        49956      5120.00
    1785.000     0.999829        49957      5851.43
    5363.000     0.999854        49958      6826.67
    5599.000     0.999878        49959      8192.00
    5775.000     0.999890        49960      9102.22
    5807.000     0.999902        49961     10240.00
    5807.000     0.999915        49961     11702.86
    5847.000     0.999927        49962     13653.33
    5847.000     0.999939        49962     16384.00
    5907.000     0.999945        49963     18204.44
    5907.000     0.999951        49963     20480.00
    5907.000     0.999957        49963     23405.71
    6023.000     0.999963        49964     27306.67
    6023.000     0.999969        49964     32768.00
    6023.000     0.999973        49964     36408.89
    6023.000     0.999976        49964     40960.00
    6023.000     0.999979        49964     46811.43
    6059.000     0.999982        49965     54613.33
    6059.000     1.000000        49965          inf
#[Mean    =      481.275, StdDeviation   =      146.412]
#[Max     =     6056.000, Total count    =        49965]
#[Buckets =           27, SubBuckets     =         2048]
----------------------------------------------------------
  49973 requests in 10.00s, 4.19MB read
Requests/sec:   4996.79
Transfer/sec:    429.41KB

