Command: /tmp/wrk2/wrk http://10.10.1.1:8000/index.html -c 32 -t 8 -R 2000 -d 10 -L -U
Return code: 0
STDOUT:
Running 10s test @ http://10.10.1.1:8000/index.html
  8 threads and 32 connections
  Thread Stats   Avg      Stdev     Max   +/- Stdev
    Latency   1319.57u  451.70us7416.00us   67.61%
    Req/Sec       -nan      -nan   0.00      0.00%
  Latency Distribution (HdrHistogram - Recorded Latency)
 50.000% 1311.00us
 75.000% 1608.00us
 90.000% 1909.00us
 99.000% 2351.00us
 99.900% 2673.00us
 99.990% 7195.00us
 99.999% 7419.00us
100.000% 7419.00us

  Detailed Percentile spectrum:
       Value   Percentile   TotalCount 1/(1-Percentile)

     231.000     0.000000            1         1.00
     746.000     0.100000         2002         1.11
     915.000     0.200000         4015         1.25
    1054.000     0.300000         6014         1.43
    1183.000     0.400000         8001         1.67
    1311.000     0.500000        10012         2.00
    1371.000     0.550000        11014         2.22
    1427.000     0.600000        12016         2.50
    1484.000     0.650000        12995         2.86
    1540.000     0.700000        14006         3.33
    1608.000     0.750000        15013         4.00
    1644.000     0.775000        15505         4.44
    1684.000     0.800000        15999         5.00
    1728.000     0.825000        16506         5.71
    1779.000     0.850000        16998         6.67
    1836.000     0.875000        17497         8.00
    1873.000     0.887500        17745         8.89
    1909.000     0.900000        17999        10.00
    1945.000     0.912500        18249        11.43
    1982.000     0.925000        18493        13.33
    2031.000     0.937500        18744        16.00
    2055.000     0.943750        18875        17.78
    2083.000     0.950000        18997        20.00
    2123.000     0.956250        19119        22.86
    2157.000     0.962500        19250        26.67
    2187.000     0.968750        19370        32.00
    2207.000     0.971875        19436        35.56
    2229.000     0.975000        19497        40.00
    2251.000     0.978125        19556        45.71
    2271.000     0.981250        19623        53.33
    2299.000     0.984375        19683        64.00
    2315.000     0.985938        19711        71.11
    2331.000     0.987500        19747        80.00
    2345.000     0.989062        19782        91.43
    2365.000     0.990625        19808       106.67
    2387.000     0.992188        19836       128.00
    2405.000     0.992969        19852       142.22
    2425.000     0.993750        19868       160.00
    2447.000     0.994531        19883       182.86
    2473.000     0.995313        19902       213.33
    2493.000     0.996094        19915       256.00
    2505.000     0.996484        19922       284.44
    2517.000     0.996875        19932       320.00
    2541.000     0.997266        19939       365.71
    2555.000     0.997656        19948       426.67
    2563.000     0.998047        19953       512.00
    2573.000     0.998242        19957       568.89
    2597.000     0.998437        19962       640.00
    2611.000     0.998633        19965       731.43
    2621.000     0.998828        19969       853.33
    2681.000     0.999023        19973      1024.00
    2697.000     0.999121        19975      1137.78
    2737.000     0.999219        19977      1280.00
    2837.000     0.999316        19979      1462.86
    3049.000     0.999414        19981      1706.67
    3267.000     0.999512        19983      2048.00
    3495.000     0.999561        19984      2275.56
    7063.000     0.999609        19985      2560.00
    7079.000     0.999658        19986      2925.71
    7083.000     0.999707        19987      3413.33
    7107.000     0.999756        19988      4096.00
    7107.000     0.999780        19988      4551.11
    7187.000     0.999805        19989      5120.00
    7187.000     0.999829        19989      5851.43
    7195.000     0.999854        19990      6826.67
    7195.000     0.999878        19990      8192.00
    7195.000     0.999890        19990      9102.22
    7259.000     0.999902        19991     10240.00
    7259.000     0.999915        19991     11702.86
    7259.000     0.999927        19991     13653.33
    7259.000     0.999939        19991     16384.00
    7259.000     0.999945        19991     18204.44
    7419.000     0.999951        19992     20480.00
    7419.000     1.000000        19992          inf
#[Mean    =     1319.566, StdDeviation   =      451.699]
#[Max     =     7416.000, Total count    =        19992]
#[Buckets =           27, SubBuckets     =         2048]
----------------------------------------------------------

  Latency Distribution (HdrHistogram - Uncorrected Latency (measured without taking delayed starts into account))
 50.000%  564.00us
 75.000%  635.00us
 90.000%  697.00us
 99.000%  829.00us
 99.900% 1029.00us
 99.990% 7003.00us
 99.999% 7199.00us
100.000% 7199.00us

  Detailed Percentile spectrum:
       Value   Percentile   TotalCount 1/(1-Percentile)

     164.000     0.000000            1         1.00
     394.000     0.100000         2025         1.11
     441.000     0.200000         4017         1.25
     484.000     0.300000         6020         1.43
     527.000     0.400000         7998         1.67
     564.000     0.500000        10010         2.00
     580.000     0.550000        11032         2.22
     594.000     0.600000        12057         2.50
     607.000     0.650000        13037         2.86
     621.000     0.700000        14033         3.33
     635.000     0.750000        15031         4.00
     642.000     0.775000        15501         4.44
     652.000     0.800000        16030         5.00
     661.000     0.825000        16507         5.71
     672.000     0.850000        17041         6.67
     683.000     0.875000        17517         8.00
     689.000     0.887500        17761         8.89
     697.000     0.900000        18012        10.00
     705.000     0.912500        18245        11.43
     714.000     0.925000        18509        13.33
     724.000     0.937500        18751        16.00
     729.000     0.943750        18870        17.78
     736.000     0.950000        19010        20.00
     742.000     0.956250        19118        22.86
     752.000     0.962500        19248        26.67
     764.000     0.968750        19368        32.00
     770.000     0.971875        19432        35.56
     777.000     0.975000        19496        40.00
     786.000     0.978125        19563        45.71
     795.000     0.981250        19620        53.33
     804.000     0.984375        19680        64.00
     810.000     0.985938        19717        71.11
     816.000     0.987500        19746        80.00
     824.000     0.989062        19774        91.43
     831.000     0.990625        19808       106.67
     845.000     0.992188        19839       128.00
     855.000     0.992969        19852       142.22
     865.000     0.993750        19868       160.00
     872.000     0.994531        19884       182.86
     883.000     0.995313        19900       213.33
     892.000     0.996094        19915       256.00
     898.000     0.996484        19922       284.44
     904.000     0.996875        19930       320.00
     912.000     0.997266        19938       365.71
     928.000     0.997656        19946       426.67
     937.000     0.998047        19953       512.00
     942.000     0.998242        19958       568.89
     950.000     0.998437        19961       640.00
     976.000     0.998633        19965       731.43
     999.000     0.998828        19969       853.33
    1032.000     0.999023        19973      1024.00
    1059.000     0.999121        19975      1137.78
    2379.000     0.999219        19977      1280.00
    2493.000     0.999316        19979      1462.86
    2753.000     0.999414        19981      1706.67
    2941.000     0.999512        19983      2048.00
    3215.000     0.999561        19984      2275.56
    6803.000     0.999609        19985      2560.00
    6847.000     0.999658        19986      2925.71
    6851.000     0.999707        19987      3413.33
    6931.000     0.999756        19988      4096.00
    6931.000     0.999780        19988      4551.11
    6959.000     0.999805        19989      5120.00
    6959.000     0.999829        19989      5851.43
    7003.000     0.999854        19990      6826.67
    7003.000     0.999878        19990      8192.00
    7003.000     0.999890        19990      9102.22
    7095.000     0.999902        19991     10240.00
    7095.000     0.999915        19991     11702.86
    7095.000     0.999927        19991     13653.33
    7095.000     0.999939        19991     16384.00
    7095.000     0.999945        19991     18204.44
    7199.000     0.999951        19992     20480.00
    7199.000     1.000000        19992          inf
#[Mean    =      555.978, StdDeviation   =      180.097]
#[Max     =     7196.000, Total count    =        19992]
#[Buckets =           27, SubBuckets     =         2048]
----------------------------------------------------------
  20002 requests in 10.00s, 1.68MB read
Requests/sec:   1999.82
Transfer/sec:    171.86KB

