Command: /tmp/wrk2/wrk http://10.10.1.1:8000/index.html -c 32 -t 8 -R 6000 -d 10 -L -U
Return code: 0
STDOUT:
Running 10s test @ http://10.10.1.1:8000/index.html
  8 threads and 32 connections
  Thread Stats   Avg      Stdev     Max   +/- Stdev
    Latency   1380.31u  502.68us7676.00us   65.49%
    Req/Sec       -nan      -nan   0.00      0.00%
  Latency Distribution (HdrHistogram - Recorded Latency)
 50.000% 1339.00us
 75.000% 1728.00us
 90.000% 2081.00us
 99.000% 2537.00us
 99.900% 2913.00us
 99.990% 6843.00us
 99.999% 7279.00us
100.000% 7679.00us

  Detailed Percentile spectrum:
       Value   Percentile   TotalCount 1/(1-Percentile)

     217.000     0.000000            1         1.00
     750.000     0.100000         6021         1.11
     921.000     0.200000        11991         1.25
    1065.000     0.300000        17991         1.43
    1202.000     0.400000        24023         1.67
    1339.000     0.500000        30008         2.00
    1409.000     0.550000        32988         2.22
    1483.000     0.600000        36015         2.50
    1558.000     0.650000        39005         2.86
    1637.000     0.700000        41980         3.33
    1728.000     0.750000        44964         4.00
    1776.000     0.775000        46474         4.44
    1827.000     0.800000        47989         5.00
    1881.000     0.825000        49471         5.71
    1939.000     0.850000        50964         6.67
    2008.000     0.875000        52468         8.00
    2045.000     0.887500        53221         8.89
    2081.000     0.900000        53960        10.00
    2121.000     0.912500        54735        11.43
    2163.000     0.925000        55475        13.33
    2207.000     0.937500        56209        16.00
    2233.000     0.943750        56597        17.78
    2259.000     0.950000        56965        20.00
    2289.000     0.956250        57338        22.86
    2321.000     0.962500        57718        26.67
    2357.000     0.968750        58082        32.00
    2377.000     0.971875        58271        35.56
    2401.000     0.975000        58466        40.00
    2423.000     0.978125        58641        45.71
    2447.000     0.981250        58836        53.33
    2475.000     0.984375        59028        64.00
    2491.000     0.985938        59123        71.11
    2503.000     0.987500        59205        80.00
    2523.000     0.989062        59302        91.43
    2545.000     0.990625        59395       106.67
    2571.000     0.992188        59484       128.00
    2587.000     0.992969        59536       142.22
    2605.000     0.993750        59579       160.00
    2625.000     0.994531        59625       182.86
    2647.000     0.995313        59673       213.33
    2683.000     0.996094        59720       256.00
    2705.000     0.996484        59742       284.44
    2721.000     0.996875        59765       320.00
    2739.000     0.997266        59789       365.71
    2773.000     0.997656        59812       426.67
    2807.000     0.998047        59838       512.00
    2829.000     0.998242        59848       568.89
    2855.000     0.998437        59860       640.00
    2867.000     0.998633        59871       731.43
    2885.000     0.998828        59882       853.33
    2915.000     0.999023        59894      1024.00
    2945.000     0.999121        59900      1137.78
    2955.000     0.999219        59906      1280.00
    2985.000     0.999316        59913      1462.86
    2999.000     0.999414        59917      1706.67
    3021.000     0.999512        59923      2048.00
    3049.000     0.999561        59926      2275.56
    3069.000     0.999609        59930      2560.00
    3091.000     0.999658        59933      2925.71
    3121.000     0.999707        59935      3413.33
    3181.000     0.999756        59938      4096.00
    3237.000     0.999780        59939      4551.11
    3243.000     0.999805        59941      5120.00
    3289.000     0.999829        59942      5851.43
    3623.000     0.999854        59944      6826.67
    6595.000     0.999878        59945      8192.00
    6843.000     0.999890        59946      9102.22
    6875.000     0.999902        59947     10240.00
    6875.000     0.999915        59947     11702.86
    6931.000     0.999927        59948     13653.33
    7099.000     0.999939        59949     16384.00
    7099.000     0.999945        59949     18204.44
    7187.000     0.999951        59950     20480.00
    7187.000     0.999957        59950     23405.71
    7187.000     0.999963        59950     27306.67
    7279.000     0.999969        59951     32768.00
    7279.000     0.999973        59951     36408.89
    7279.000     0.999976        59951     40960.00
    7279.000     0.999979        59951     46811.43
    7279.000     0.999982        59951     54613.33
    7679.000     0.999985        59952     65536.00
    7679.000     1.000000        59952          inf
#[Mean    =     1380.309, StdDeviation   =      502.682]
#[Max     =     7676.000, Total count    =        59952]
#[Buckets =           27, SubBuckets     =         2048]
----------------------------------------------------------

  Latency Distribution (HdrHistogram - Uncorrected Latency (measured without taking delayed starts into account))
 50.000%  594.00us
 75.000%  747.00us
 90.000%  915.00us
 99.000% 1234.00us
 99.900% 1511.00us
 99.990% 6639.00us
 99.999% 6999.00us
100.000% 7407.00us

  Detailed Percentile spectrum:
       Value   Percentile   TotalCount 1/(1-Percentile)

     112.000     0.000000            1         1.00
     379.000     0.100000         6001         1.11
     445.000     0.200000        12002         1.25
     499.000     0.300000        18039         1.43
     546.000     0.400000        24044         1.67
     594.000     0.500000        29991         2.00
     619.000     0.550000        33032         2.22
     646.000     0.600000        36024         2.50
     677.000     0.650000        39053         2.86
     710.000     0.700000        42041         3.33
     747.000     0.750000        44990         4.00
     768.000     0.775000        46489         4.44
     791.000     0.800000        47980         5.00
     816.000     0.825000        49476         5.71
     844.000     0.850000        50980         6.67
     877.000     0.875000        52495         8.00
     896.000     0.887500        53241         8.89
     915.000     0.900000        53989        10.00
     936.000     0.912500        54716        11.43
     959.000     0.925000        55456        13.33
     988.000     0.937500        56231        16.00
    1003.000     0.943750        56604        17.78
    1020.000     0.950000        56962        20.00
    1039.000     0.956250        57339        22.86
    1061.000     0.962500        57711        26.67
    1085.000     0.968750        58094        32.00
    1099.000     0.971875        58269        35.56
    1116.000     0.975000        58455        40.00
    1135.000     0.978125        58641        45.71
    1158.000     0.981250        58831        53.33
    1181.000     0.984375        59019        64.00
    1194.000     0.985938        59114        71.11
    1208.000     0.987500        59211        80.00
    1224.000     0.989062        59302        91.43
    1242.000     0.990625        59392       106.67
    1262.000     0.992188        59486       128.00
    1273.000     0.992969        59532       142.22
    1288.000     0.993750        59582       160.00
    1305.000     0.994531        59625       182.86
    1325.000     0.995313        59673       213.33
    1345.000     0.996094        59719       256.00
    1357.000     0.996484        59743       284.44
    1372.000     0.996875        59765       320.00
    1386.000     0.997266        59790       365.71
    1405.000     0.997656        59812       426.67
    1430.000     0.998047        59835       512.00
    1445.000     0.998242        59847       568.89
    1456.000     0.998437        59860       640.00
    1479.000     0.998633        59872       731.43
    1493.000     0.998828        59882       853.33
    1513.000     0.999023        59894      1024.00
    1529.000     0.999121        59900      1137.78
    1548.000     0.999219        59906      1280.00
    1563.000     0.999316        59912      1462.86
    1575.000     0.999414        59917      1706.67
    1602.000     0.999512        59923      2048.00
    1609.000     0.999561        59926      2275.56
    1634.000     0.999609        59929      2560.00
    1674.000     0.999658        59932      2925.71
    1712.000     0.999707        59935      3413.33
    2737.000     0.999756        59938      4096.00
    2821.000     0.999780        59939      4551.11
    2871.000     0.999805        59941      5120.00
    2935.000     0.999829        59942      5851.43
    3433.000     0.999854        59944      6826.67
    6407.000     0.999878        59945      8192.00
    6639.000     0.999890        59946      9102.22
    6655.000     0.999902        59947     10240.00
    6655.000     0.999915        59947     11702.86
    6671.000     0.999927        59948     13653.33
    6783.000     0.999939        59949     16384.00
    6783.000     0.999945        59949     18204.44
    6915.000     0.999951        59950     20480.00
    6915.000     0.999957        59950     23405.71
    6915.000     0.999963        59950     27306.67
    6999.000     0.999969        59951     32768.00
    6999.000     0.999973        59951     36408.89
    6999.000     0.999976        59951     40960.00
    6999.000     0.999979        59951     46811.43
    6999.000     0.999982        59951     54613.33
    7407.000     0.999985        59952     65536.00
    7407.000     1.000000        59952          inf
#[Mean    =      626.093, StdDeviation   =      224.422]
#[Max     =     7404.000, Total count    =        59952]
#[Buckets =           27, SubBuckets     =         2048]
----------------------------------------------------------
  59965 requests in 10.00s, 5.03MB read
Requests/sec:   5995.05
Transfer/sec:    515.20KB

