Command: /tmp/wrk2/wrk http://10.10.1.1:8000/index.html -c 32 -t 8 -R 40000 -d 10 -L -U
Return code: 0
STDOUT:
Running 10s test @ http://10.10.1.1:8000/index.html
  8 threads and 32 connections
  Thread Stats   Avg      Stdev     Max   +/- Stdev
    Latency   1227.22u  566.50us4840.00us   65.75%
    Req/Sec       -nan      -nan   0.00      0.00%
  Latency Distribution (HdrHistogram - Recorded Latency)
 50.000% 1181.00us
 75.000% 1600.00us
 90.000% 1998.00us
 99.000% 2693.00us
 99.900% 3215.00us
 99.990% 3693.00us
 99.999% 4503.00us
100.000% 4843.00us

  Detailed Percentile spectrum:
       Value   Percentile   TotalCount 1/(1-Percentile)

      76.000     0.000000            1         1.00
     514.000     0.100000        40153         1.11
     698.000     0.200000        79961         1.25
     871.000     0.300000       119936         1.43
    1032.000     0.400000       160036         1.67
    1181.000     0.500000       199871         2.00
    1257.000     0.550000       219856         2.22
    1335.000     0.600000       239910         2.50
    1416.000     0.650000       259904         2.86
    1503.000     0.700000       279731         3.33
    1600.000     0.750000       299771         4.00
    1653.000     0.775000       309746         4.44
    1708.000     0.800000       319790         5.00
    1768.000     0.825000       329829         5.71
    1834.000     0.850000       339749         6.67
    1910.000     0.875000       349729         8.00
    1952.000     0.887500       354723         8.89
    1998.000     0.900000       359742        10.00
    2045.000     0.912500       364681        11.43
    2101.000     0.925000       369825        13.33
    2163.000     0.937500       374641        16.00
    2197.000     0.943750       377157        17.78
    2235.000     0.950000       379651        20.00
    2279.000     0.956250       382224        22.86
    2327.000     0.962500       384696        26.67
    2381.000     0.968750       387149        32.00
    2413.000     0.971875       388400        35.56
    2447.000     0.975000       389687        40.00
    2485.000     0.978125       390926        45.71
    2527.000     0.981250       392121        53.33
    2577.000     0.984375       393372        64.00
    2605.000     0.985938       393999        71.11
    2637.000     0.987500       394651        80.00
    2669.000     0.989062       395255        91.43
    2711.000     0.990625       395873       106.67
    2759.000     0.992188       396511       128.00
    2783.000     0.992969       396809       142.22
    2813.000     0.993750       397126       160.00
    2847.000     0.994531       397440       182.86
    2883.000     0.995313       397740       213.33
    2923.000     0.996094       398052       256.00
    2947.000     0.996484       398214       284.44
    2975.000     0.996875       398374       320.00
    3005.000     0.997266       398533       365.71
    3037.000     0.997656       398678       426.67
    3079.000     0.998047       398833       512.00
    3103.000     0.998242       398914       568.89
    3129.000     0.998437       398993       640.00
    3157.000     0.998633       399067       731.43
    3185.000     0.998828       399147       853.33
    3219.000     0.999023       399222      1024.00
    3235.000     0.999121       399261      1137.78
    3263.000     0.999219       399301      1280.00
    3289.000     0.999316       399340      1462.86
    3335.000     0.999414       399380      1706.67
    3371.000     0.999512       399419      2048.00
    3397.000     0.999561       399437      2275.56
    3413.000     0.999609       399457      2560.00
    3447.000     0.999658       399476      2925.71
    3479.000     0.999707       399495      3413.33
    3509.000     0.999756       399516      4096.00
    3523.000     0.999780       399525      4551.11
    3541.000     0.999805       399534      5120.00
    3571.000     0.999829       399545      5851.43
    3609.000     0.999854       399555      6826.67
    3631.000     0.999878       399564      8192.00
    3663.000     0.999890       399569      9102.22
    3705.000     0.999902       399573     10240.00
    3723.000     0.999915       399578     11702.86
    3757.000     0.999927       399583     13653.33
    3777.000     0.999939       399588     16384.00
    3787.000     0.999945       399591     18204.44
    3799.000     0.999951       399593     20480.00
    3809.000     0.999957       399595     23405.71
    3855.000     0.999963       399598     27306.67
    3911.000     0.999969       399600     32768.00
    4091.000     0.999973       399602     36408.89
    4163.000     0.999976       399603     40960.00
    4207.000     0.999979       399604     46811.43
    4235.000     0.999982       399605     54613.33
    4379.000     0.999985       399606     65536.00
    4403.000     0.999986       399607     72817.78
    4503.000     0.999988       399608     81920.00
    4503.000     0.999989       399608     93622.86
    4567.000     0.999991       399609    109226.67
    4567.000     0.999992       399609    131072.00
    4719.000     0.999993       399610    145635.56
    4719.000     0.999994       399610    163840.00
    4719.000     0.999995       399610    187245.71
    4835.000     0.999995       399611    218453.33
    4835.000     0.999996       399611    262144.00
    4835.000     0.999997       399611    291271.11
    4835.000     0.999997       399611    327680.00
    4835.000     0.999997       399611    374491.43
    4843.000     0.999998       399612    436906.67
    4843.000     1.000000       399612          inf
#[Mean    =     1227.222, StdDeviation   =      566.499]
#[Max     =     4840.000, Total count    =       399612]
#[Buckets =           27, SubBuckets     =         2048]
----------------------------------------------------------

  Latency Distribution (HdrHistogram - Uncorrected Latency (measured without taking delayed starts into account))
 50.000%  353.00us
 75.000%  442.00us
 90.000%  537.00us
 99.000%  765.00us
 99.900% 1058.00us
 99.990% 1772.00us
 99.999% 2073.00us
100.000% 2335.00us

  Detailed Percentile spectrum:
       Value   Percentile   TotalCount 1/(1-Percentile)

      57.000     0.000000            1         1.00
     203.000     0.100000        40361         1.11
     252.000     0.200000        80233         1.25
     290.000     0.300000       120049         1.43
     322.000     0.400000       160359         1.67
     353.000     0.500000       200685         2.00
     369.000     0.550000       220865         2.22
     385.000     0.600000       240525         2.50
     402.000     0.650000       259921         2.86
     421.000     0.700000       279946         3.33
     442.000     0.750000       299873         4.00
     454.000     0.775000       310057         4.44
     467.000     0.800000       320327         5.00
     480.000     0.825000       329682         5.71
     496.000     0.850000       340010         6.67
     514.000     0.875000       349697         8.00
     525.000     0.887500       354889         8.89
     537.000     0.900000       359830        10.00
     550.000     0.912500       364736        11.43
     565.000     0.925000       369675        13.33
     583.000     0.937500       374641        16.00
     594.000     0.943750       377284        17.78
     605.000     0.950000       379730        20.00
     618.000     0.956250       382206        22.86
     633.000     0.962500       384762        26.67
     650.000     0.968750       387166        32.00
     661.000     0.971875       388404        35.56
     673.000     0.975000       389669        40.00
     686.000     0.978125       390893        45.71
     702.000     0.981250       392175        53.33
     720.000     0.984375       393385        64.00
     730.000     0.985938       393996        71.11
     742.000     0.987500       394624        80.00
     756.000     0.989062       395261        91.43
     771.000     0.990625       395882       106.67
     790.000     0.992188       396502       128.00
     802.000     0.992969       396816       142.22
     814.000     0.993750       397115       160.00
     829.000     0.994531       397430       182.86
     849.000     0.995313       397746       213.33
     870.000     0.996094       398056       256.00
     881.000     0.996484       398212       284.44
     895.000     0.996875       398372       320.00
     912.000     0.997266       398531       365.71
     930.000     0.997656       398679       426.67
     953.000     0.998047       398835       512.00
     966.000     0.998242       398913       568.89
     984.000     0.998437       398988       640.00
    1004.000     0.998633       399067       731.43
    1026.000     0.998828       399145       853.33
    1065.000     0.999023       399222      1024.00
    1094.000     0.999121       399261      1137.78
    1128.000     0.999219       399300      1280.00
    1165.000     0.999316       399339      1462.86
    1218.000     0.999414       399378      1706.67
    1285.000     0.999512       399417      2048.00
    1335.000     0.999561       399437      2275.56
    1381.000     0.999609       399456      2560.00
    1451.000     0.999658       399476      2925.71
    1509.000     0.999707       399495      3413.33
    1567.000     0.999756       399515      4096.00
    1597.000     0.999780       399525      4551.11
    1638.000     0.999805       399535      5120.00
    1661.000     0.999829       399544      5851.43
    1695.000     0.999854       399554      6826.67
    1725.000     0.999878       399565      8192.00
    1755.000     0.999890       399569      9102.22
    1774.000     0.999902       399573     10240.00
    1801.000     0.999915       399578     11702.86
    1821.000     0.999927       399584     13653.33
    1858.000     0.999939       399588     16384.00
    1874.000     0.999945       399591     18204.44
    1879.000     0.999951       399593     20480.00
    1888.000     0.999957       399595     23405.71
    1912.000     0.999963       399598     27306.67
    1918.000     0.999969       399600     32768.00
    1951.000     0.999973       399602     36408.89
    1967.000     0.999976       399603     40960.00
    1974.000     0.999979       399604     46811.43
    2015.000     0.999982       399605     54613.33
    2047.000     0.999985       399606     65536.00
    2053.000     0.999986       399607     72817.78
    2073.000     0.999988       399608     81920.00
    2073.000     0.999989       399608     93622.86
    2097.000     0.999991       399609    109226.67
    2097.000     0.999992       399609    131072.00
    2107.000     0.999993       399611    145635.56
    2107.000     0.999994       399611    163840.00
    2107.000     0.999995       399611    187245.71
    2107.000     0.999995       399611    218453.33
    2107.000     0.999996       399611    262144.00
    2107.000     0.999997       399611    291271.11
    2107.000     0.999997       399611    327680.00
    2107.000     0.999997       399611    374491.43
    2335.000     0.999998       399612    436906.67
    2335.000     1.000000       399612          inf
#[Mean    =      365.606, StdDeviation   =      137.945]
#[Max     =     2334.000, Total count    =       399612]
#[Buckets =           27, SubBuckets     =         2048]
----------------------------------------------------------
  399624 requests in 10.00s, 33.54MB read
Requests/sec:  39962.01
Transfer/sec:      3.35MB

