Command: /tmp/wrk2/wrk http://10.10.1.1:8000/index.html -c 32 -t 8 -R 8000 -d 10 -L -U
Return code: 0
STDOUT:
Running 10s test @ http://10.10.1.1:8000/index.html
  8 threads and 32 connections
  Thread Stats   Avg      Stdev     Max   +/- Stdev
    Latency   1214.77u  465.40us5912.00us   65.28%
    Req/Sec       -nan      -nan   0.00      0.00%
  Latency Distribution (HdrHistogram - Recorded Latency)
 50.000% 1190.00us
 75.000% 1541.00us
 90.000% 1837.00us
 99.000% 2335.00us
 99.900% 2637.00us
 99.990% 3023.00us
 99.999% 5823.00us
100.000% 5915.00us

  Detailed Percentile spectrum:
       Value   Percentile   TotalCount 1/(1-Percentile)

     135.000     0.000000            1         1.00
     615.000     0.100000         8029         1.11
     784.000     0.200000        16003         1.25
     926.000     0.300000        23993         1.43
    1060.000     0.400000        32016         1.67
    1190.000     0.500000        39987         2.00
    1254.000     0.550000        44008         2.22
    1321.000     0.600000        47984         2.50
    1391.000     0.650000        51972         2.86
    1467.000     0.700000        55996         3.33
    1541.000     0.750000        59957         4.00
    1580.000     0.775000        61975         4.44
    1624.000     0.800000        63977         5.00
    1672.000     0.825000        65993         5.71
    1724.000     0.850000        67949         6.67
    1777.000     0.875000        69973         8.00
    1806.000     0.887500        70970         8.89
    1837.000     0.900000        71951        10.00
    1872.000     0.912500        72951        11.43
    1913.000     0.925000        73950        13.33
    1961.000     0.937500        74949        16.00
    1987.000     0.943750        75442        17.78
    2017.000     0.950000        75954        20.00
    2046.000     0.956250        76455        22.86
    2079.000     0.962500        76960        26.67
    2117.000     0.968750        77459        32.00
    2139.000     0.971875        77695        35.56
    2163.000     0.975000        77946        40.00
    2189.000     0.978125        78194        45.71
    2219.000     0.981250        78446        53.33
    2253.000     0.984375        78689        64.00
    2271.000     0.985938        78816        71.11
    2291.000     0.987500        78939        80.00
    2317.000     0.989062        79071        91.43
    2345.000     0.990625        79201       106.67
    2371.000     0.992188        79318       128.00
    2387.000     0.992969        79375       142.22
    2405.000     0.993750        79444       160.00
    2423.000     0.994531        79506       182.86
    2445.000     0.995313        79564       213.33
    2473.000     0.996094        79628       256.00
    2483.000     0.996484        79661       284.44
    2499.000     0.996875        79689       320.00
    2517.000     0.997266        79719       365.71
    2537.000     0.997656        79751       426.67
    2559.000     0.998047        79783       512.00
    2573.000     0.998242        79797       568.89
    2589.000     0.998437        79814       640.00
    2603.000     0.998633        79831       731.43
    2619.000     0.998828        79845       853.33
    2637.000     0.999023        79859      1024.00
    2651.000     0.999121        79868      1137.78
    2661.000     0.999219        79876      1280.00
    2673.000     0.999316        79883      1462.86
    2695.000     0.999414        79891      1706.67
    2723.000     0.999512        79898      2048.00
    2729.000     0.999561        79902      2275.56
    2757.000     0.999609        79906      2560.00
    2795.000     0.999658        79910      2925.71
    2805.000     0.999707        79914      3413.33
    2829.000     0.999756        79918      4096.00
    2869.000     0.999780        79920      4551.11
    2883.000     0.999805        79923      5120.00
    2907.000     0.999829        79924      5851.43
    2937.000     0.999854        79926      6826.67
    2955.000     0.999878        79928      8192.00
    3023.000     0.999890        79929      9102.22
    5267.000     0.999902        79930     10240.00
    5619.000     0.999915        79931     11702.86
    5647.000     0.999927        79932     13653.33
    5655.000     0.999939        79933     16384.00
    5655.000     0.999945        79933     18204.44
    5787.000     0.999951        79934     20480.00
    5787.000     0.999957        79934     23405.71
    5799.000     0.999963        79935     27306.67
    5799.000     0.999969        79935     32768.00
    5799.000     0.999973        79935     36408.89
    5823.000     0.999976        79936     40960.00
    5823.000     0.999979        79936     46811.43
    5823.000     0.999982        79936     54613.33
    5823.000     0.999985        79936     65536.00
    5823.000     0.999986        79936     72817.78
    5915.000     0.999988        79937     81920.00
    5915.000     1.000000        79937          inf
#[Mean    =     1214.767, StdDeviation   =      465.403]
#[Max     =     5912.000, Total count    =        79937]
#[Buckets =           27, SubBuckets     =         2048]
----------------------------------------------------------

  Latency Distribution (HdrHistogram - Uncorrected Latency (measured without taking delayed starts into account))
 50.000%  448.00us
 75.000%  568.00us
 90.000%  682.00us
 99.000%  878.00us
 99.900% 1026.00us
 99.990% 1873.00us
 99.999% 5615.00us
100.000% 5675.00us

  Detailed Percentile spectrum:
       Value   Percentile   TotalCount 1/(1-Percentile)

     116.000     0.000000            1         1.00
     279.000     0.100000         8025         1.11
     332.000     0.200000        16147         1.25
     372.000     0.300000        24109         1.43
     409.000     0.400000        32019         1.67
     448.000     0.500000        40143         2.00
     469.000     0.550000        44114         2.22
     491.000     0.600000        48107         2.50
     515.000     0.650000        52094         2.86
     540.000     0.700000        55994         3.33
     568.000     0.750000        59956         4.00
     584.000     0.775000        62070         4.44
     600.000     0.800000        64014         5.00
     617.000     0.825000        65962         5.71
     636.000     0.850000        68008         6.67
     657.000     0.875000        69952         8.00
     669.000     0.887500        70981         8.89
     682.000     0.900000        71993        10.00
     696.000     0.912500        72944        11.43
     713.000     0.925000        73969        13.33
     731.000     0.937500        74948        16.00
     741.000     0.943750        75456        17.78
     752.000     0.950000        75962        20.00
     763.000     0.956250        76441        22.86
     776.000     0.962500        76950        26.67
     791.000     0.968750        77443        32.00
     800.000     0.971875        77696        35.56
     811.000     0.975000        77953        40.00
     821.000     0.978125        78194        45.71
     833.000     0.981250        78444        53.33
     847.000     0.984375        78693        64.00
     855.000     0.985938        78827        71.11
     862.000     0.987500        78946        80.00
     872.000     0.989062        79075        91.43
     882.000     0.990625        79191       106.67
     896.000     0.992188        79314       128.00
     903.000     0.992969        79379       142.22
     910.000     0.993750        79440       160.00
     919.000     0.994531        79505       182.86
     927.000     0.995313        79563       213.33
     940.000     0.996094        79631       256.00
     946.000     0.996484        79657       284.44
     956.000     0.996875        79692       320.00
     963.000     0.997266        79720       365.71
     973.000     0.997656        79750       426.67
     983.000     0.998047        79781       512.00
     988.000     0.998242        79798       568.89
     993.000     0.998437        79814       640.00
    1000.000     0.998633        79828       731.43
    1012.000     0.998828        79847       853.33
    1027.000     0.999023        79859      1024.00
    1031.000     0.999121        79868      1137.78
    1034.000     0.999219        79875      1280.00
    1044.000     0.999316        79883      1462.86
    1056.000     0.999414        79891      1706.67
    1062.000     0.999512        79898      2048.00
    1068.000     0.999561        79902      2275.56
    1080.000     0.999609        79906      2560.00
    1094.000     0.999658        79910      2925.71
    1104.000     0.999707        79914      3413.33
    1118.000     0.999756        79918      4096.00
    1120.000     0.999780        79920      4551.11
    1158.000     0.999805        79922      5120.00
    1453.000     0.999829        79924      5851.43
    1725.000     0.999854        79926      6826.67
    1781.000     0.999878        79928      8192.00
    1873.000     0.999890        79929      9102.22
    5035.000     0.999902        79930     10240.00
    5339.000     0.999915        79931     11702.86
    5407.000     0.999927        79932     13653.33
    5471.000     0.999939        79933     16384.00
    5471.000     0.999945        79933     18204.44
    5479.000     0.999951        79934     20480.00
    5479.000     0.999957        79934     23405.71
    5583.000     0.999963        79935     27306.67
    5583.000     0.999969        79935     32768.00
    5583.000     0.999973        79935     36408.89
    5615.000     0.999976        79936     40960.00
    5615.000     0.999979        79936     46811.43
    5615.000     0.999982        79936     54613.33
    5615.000     0.999985        79936     65536.00
    5615.000     0.999986        79936     72817.78
    5675.000     0.999988        79937     81920.00
    5675.000     1.000000        79937          inf
#[Mean    =      468.365, StdDeviation   =      163.388]
#[Max     =     5672.000, Total count    =        79937]
#[Buckets =           27, SubBuckets     =         2048]
----------------------------------------------------------
  79948 requests in 10.00s, 6.71MB read
Requests/sec:   7994.44
Transfer/sec:    687.02KB

