Command: /tmp/wrk2/wrk http://10.10.1.1:8000/index.html -c 32 -t 8 -R 20000 -d 10 -L -U
Return code: 0
STDOUT:
Running 10s test @ http://10.10.1.1:8000/index.html
  8 threads and 32 connections
  Thread Stats   Avg      Stdev     Max   +/- Stdev
    Latency   1282.76u  530.15us4500.00us   65.61%
    Req/Sec       -nan      -nan   0.00      0.00%
  Latency Distribution (HdrHistogram - Recorded Latency)
 50.000% 1232.00us
 75.000% 1647.00us
 90.000% 2017.00us
 99.000% 2593.00us
 99.900% 2955.00us
 99.990% 3243.00us
 99.999% 4143.00us
100.000% 4503.00us

  Detailed Percentile spectrum:
       Value   Percentile   TotalCount 1/(1-Percentile)

     106.000     0.000000            1         1.00
     625.000     0.100000        20041         1.11
     797.000     0.200000        39992         1.25
     944.000     0.300000        60062         1.43
    1088.000     0.400000        80016         1.67
    1232.000     0.500000        99964         2.00
    1306.000     0.550000       109953         2.22
    1382.000     0.600000       119904         2.50
    1464.000     0.650000       129917         2.86
    1551.000     0.700000       139920         3.33
    1647.000     0.750000       149874         4.00
    1698.000     0.775000       154893         4.44
    1751.000     0.800000       159860         5.00
    1808.000     0.825000       164876         5.71
    1871.000     0.850000       169887         6.67
    1939.000     0.875000       174833         8.00
    1976.000     0.887500       177334         8.89
    2017.000     0.900000       179842        10.00
    2063.000     0.912500       182416        11.43
    2111.000     0.925000       184826        13.33
    2167.000     0.937500       187384        16.00
    2197.000     0.943750       188607        17.78
    2229.000     0.950000       189843        20.00
    2265.000     0.956250       191069        22.86
    2305.000     0.962500       192366        26.67
    2351.000     0.968750       193601        32.00
    2377.000     0.971875       194237        35.56
    2403.000     0.975000       194834        40.00
    2433.000     0.978125       195453        45.71
    2467.000     0.981250       196087        53.33
    2503.000     0.984375       196693        64.00
    2527.000     0.985938       197007        71.11
    2549.000     0.987500       197318        80.00
    2577.000     0.989062       197636        91.43
    2605.000     0.990625       197940       106.67
    2639.000     0.992188       198249       128.00
    2657.000     0.992969       198416       142.22
    2677.000     0.993750       198562       160.00
    2701.000     0.994531       198727       182.86
    2727.000     0.995313       198874       213.33
    2755.000     0.996094       199028       256.00
    2771.000     0.996484       199108       284.44
    2789.000     0.996875       199189       320.00
    2809.000     0.997266       199263       365.71
    2835.000     0.997656       199343       426.67
    2861.000     0.998047       199418       512.00
    2875.000     0.998242       199458       568.89
    2889.000     0.998437       199498       640.00
    2907.000     0.998633       199536       731.43
    2933.000     0.998828       199573       853.33
    2959.000     0.999023       199612      1024.00
    2975.000     0.999121       199634      1137.78
    2985.000     0.999219       199651      1280.00
    3001.000     0.999316       199672      1462.86
    3021.000     0.999414       199690      1706.67
    3049.000     0.999512       199711      2048.00
    3071.000     0.999561       199721      2275.56
    3079.000     0.999609       199729      2560.00
    3097.000     0.999658       199741      2925.71
    3107.000     0.999707       199749      3413.33
    3129.000     0.999756       199759      4096.00
    3145.000     0.999780       199764      4551.11
    3151.000     0.999805       199769      5120.00
    3171.000     0.999829       199774      5851.43
    3205.000     0.999854       199778      6826.67
    3217.000     0.999878       199783      8192.00
    3241.000     0.999890       199786      9102.22
    3251.000     0.999902       199789     10240.00
    3253.000     0.999915       199790     11702.86
    3283.000     0.999927       199793     13653.33
    3337.000     0.999939       199795     16384.00
    3373.000     0.999945       199797     18204.44
    3427.000     0.999951       199798     20480.00
    3567.000     0.999957       199799     23405.71
    3819.000     0.999963       199800     27306.67
    4017.000     0.999969       199801     32768.00
    4081.000     0.999973       199802     36408.89
    4103.000     0.999976       199803     40960.00
    4103.000     0.999979       199803     46811.43
    4139.000     0.999982       199804     54613.33
    4139.000     0.999985       199804     65536.00
    4143.000     0.999986       199805     72817.78
    4143.000     0.999988       199805     81920.00
    4143.000     0.999989       199805     93622.86
    4303.000     0.999991       199806    109226.67
    4303.000     0.999992       199806    131072.00
    4303.000     0.999993       199806    145635.56
    4303.000     0.999994       199806    163840.00
    4303.000     0.999995       199806    187245.71
    4503.000     0.999995       199807    218453.33
    4503.000     1.000000       199807          inf
#[Mean    =     1282.756, StdDeviation   =      530.146]
#[Max     =     4500.000, Total count    =       199807]
#[Buckets =           27, SubBuckets     =         2048]
----------------------------------------------------------

  Latency Distribution (HdrHistogram - Uncorrected Latency (measured without taking delayed starts into account))
 50.000%  459.00us
 75.000%  609.00us
 90.000%  760.00us
 99.000% 1017.00us
 99.900% 1239.00us
 99.990% 1589.00us
 99.999% 3967.00us
100.000% 4299.00us

  Detailed Percentile spectrum:
       Value   Percentile   TotalCount 1/(1-Percentile)

      71.000     0.000000            1         1.00
     266.000     0.100000        20231         1.11
     320.000     0.200000        40061         1.25
     366.000     0.300000        60414         1.43
     411.000     0.400000        80088         1.67
     459.000     0.500000        99966         2.00
     485.000     0.550000       110188         2.22
     512.000     0.600000       120159         2.50
     541.000     0.650000       130017         2.86
     573.000     0.700000       139982         3.33
     609.000     0.750000       150094         4.00
     628.000     0.775000       154915         4.44
     650.000     0.800000       160062         5.00
     673.000     0.825000       164921         5.71
     698.000     0.850000       169913         6.67
     727.000     0.875000       174981         8.00
     743.000     0.887500       177453         8.89
     760.000     0.900000       179867        10.00
     780.000     0.912500       182444        11.43
     801.000     0.925000       184823        13.33
     826.000     0.937500       187362        16.00
     839.000     0.943750       188583        17.78
     854.000     0.950000       189846        20.00
     870.000     0.956250       191085        22.86
     888.000     0.962500       192323        26.67
     908.000     0.968750       193600        32.00
     919.000     0.971875       194226        35.56
     930.000     0.975000       194843        40.00
     942.000     0.978125       195438        45.71
     958.000     0.981250       196069        53.33
     976.000     0.984375       196713        64.00
     985.000     0.985938       197019        71.11
     997.000     0.987500       197330        80.00
    1009.000     0.989062       197642        91.43
    1022.000     0.990625       197941       106.67
    1038.000     0.992188       198247       128.00
    1047.000     0.992969       198415       142.22
    1059.000     0.993750       198578       160.00
    1070.000     0.994531       198718       182.86
    1083.000     0.995313       198871       213.33
    1098.000     0.996094       199027       256.00
    1109.000     0.996484       199110       284.44
    1121.000     0.996875       199183       320.00
    1135.000     0.997266       199263       365.71
    1150.000     0.997656       199339       426.67
    1170.000     0.998047       199421       512.00
    1181.000     0.998242       199456       568.89
    1192.000     0.998437       199497       640.00
    1206.000     0.998633       199535       731.43
    1221.000     0.998828       199573       853.33
    1242.000     0.999023       199615      1024.00
    1252.000     0.999121       199633      1137.78
    1268.000     0.999219       199652      1280.00
    1279.000     0.999316       199671      1462.86
    1295.000     0.999414       199690      1706.67
    1316.000     0.999512       199710      2048.00
    1347.000     0.999561       199720      2275.56
    1367.000     0.999609       199729      2560.00
    1404.000     0.999658       199739      2925.71
    1416.000     0.999707       199750      3413.33
    1446.000     0.999756       199759      4096.00
    1482.000     0.999780       199764      4551.11
    1493.000     0.999805       199768      5120.00
    1515.000     0.999829       199773      5851.43
    1544.000     0.999854       199778      6826.67
    1584.000     0.999878       199783      8192.00
    1588.000     0.999890       199786      9102.22
    1614.000     0.999902       199788     10240.00
    1628.000     0.999915       199790     11702.86
    1781.000     0.999927       199793     13653.33
    2337.000     0.999939       199795     16384.00
    2937.000     0.999945       199797     18204.44
    2957.000     0.999951       199798     20480.00
    3323.000     0.999957       199799     23405.71
    3595.000     0.999963       199800     27306.67
    3809.000     0.999969       199801     32768.00
    3829.000     0.999973       199802     36408.89
    3941.000     0.999976       199803     40960.00
    3941.000     0.999979       199803     46811.43
    3957.000     0.999982       199804     54613.33
    3957.000     0.999985       199804     65536.00
    3967.000     0.999986       199805     72817.78
    3967.000     0.999988       199805     81920.00
    3967.000     0.999989       199805     93622.86
    4009.000     0.999991       199806    109226.67
    4009.000     0.999992       199806    131072.00
    4009.000     0.999993       199806    145635.56
    4009.000     0.999994       199806    163840.00
    4009.000     0.999995       199806    187245.71
    4299.000     0.999995       199807    218453.33
    4299.000     1.000000       199807          inf
#[Mean    =      489.506, StdDeviation   =      195.576]
#[Max     =     4296.000, Total count    =       199807]
#[Buckets =           27, SubBuckets     =         2048]
----------------------------------------------------------
  199821 requests in 10.00s, 16.77MB read
Requests/sec:  19981.10
Transfer/sec:      1.68MB

