Command: /tmp/wrk2/wrk http://10.0.0.4:8000/index.html -c 32 -t 1 -R 10000 -d 10 -L -U
Return code: 0
STDOUT:
Running 10s test @ http://10.0.0.4:8000/index.html
  1 threads and 32 connections
  Thread Stats   Avg      Stdev     Max   +/- Stdev
    Latency   1505.97u  934.24us20016.00u   87.84%
    Req/Sec       -nan      -nan   0.00      0.00%
  Latency Distribution (HdrHistogram - Recorded Latency)
 50.000% 1379.00us
 75.000% 1899.00us
 90.000% 2319.00us
 99.000% 3991.00us
 99.900%14527.00us
 99.990%18063.00us
 99.999%19087.00us
100.000%20031.00us

  Detailed Percentile spectrum:
       Value   Percentile   TotalCount 1/(1-Percentile)

     200.000     0.000000            1         1.00
     695.000     0.100000         9938         1.11
     885.000     0.200000        19851         1.25
    1052.000     0.300000        29796         1.43
    1213.000     0.400000        39688         1.67
    1379.000     0.500000        49659         2.00
    1468.000     0.550000        54585         2.22
    1567.000     0.600000        59556         2.50
    1670.000     0.650000        64495         2.86
    1782.000     0.700000        69487         3.33
    1899.000     0.750000        74449         4.00
    1959.000     0.775000        76925         4.44
    2021.000     0.800000        79410         5.00
    2085.000     0.825000        81863         5.71
    2155.000     0.850000        84376         6.67
    2233.000     0.875000        86864         8.00
    2273.000     0.887500        88093         8.89
    2319.000     0.900000        89320        10.00
    2365.000     0.912500        90543        11.43
    2423.000     0.925000        91795        13.33
    2489.000     0.937500        93035        16.00
    2529.000     0.943750        93668        17.78
    2569.000     0.950000        94280        20.00
    2619.000     0.956250        94879        22.86
    2679.000     0.962500        95526        26.67
    2749.000     0.968750        96122        32.00
    2799.000     0.971875        96432        35.56
    2865.000     0.975000        96739        40.00
    2949.000     0.978125        97049        45.71
    3073.000     0.981250        97361        53.33
    3267.000     0.984375        97671        64.00
    3417.000     0.985938        97823        71.11
    3603.000     0.987500        97978        80.00
    3831.000     0.989062        98135        91.43
    4135.000     0.990625        98289       106.67
    4563.000     0.992188        98443       128.00
    4855.000     0.992969        98521       142.22
    5191.000     0.993750        98598       160.00
    5587.000     0.994531        98676       182.86
    5991.000     0.995313        98753       213.33
    6531.000     0.996094        98831       256.00
    6923.000     0.996484        98871       284.44
    7271.000     0.996875        98908       320.00
    8039.000     0.997266        98947       365.71
    8935.000     0.997656        98986       426.67
    9903.000     0.998047        99025       512.00
   10887.000     0.998242        99044       568.89
   12127.000     0.998437        99064       640.00
   12623.000     0.998633        99084       731.43
   13535.000     0.998828        99103       853.33
   14743.000     0.999023        99122      1024.00
   14919.000     0.999121        99131      1137.78
   15335.000     0.999219        99141      1280.00
   15631.000     0.999316        99151      1462.86
   15911.000     0.999414        99160      1706.67
   16431.000     0.999512        99170      2048.00
   16655.000     0.999561        99175      2275.56
   16815.000     0.999609        99180      2560.00
   17103.000     0.999658        99185      2925.71
   17231.000     0.999707        99189      3413.33
   17407.000     0.999756        99194      4096.00
   17583.000     0.999780        99197      4551.11
   17647.000     0.999805        99199      5120.00
   17759.000     0.999829        99203      5851.43
   17871.000     0.999854        99205      6826.67
   17887.000     0.999878        99206      8192.00
   18063.000     0.999890        99209      9102.22
   18063.000     0.999902        99209     10240.00
   18175.000     0.999915        99210     11702.86
   18239.000     0.999927        99211     13653.33
   18415.000     0.999939        99214     16384.00
   18415.000     0.999945        99214     18204.44
   18415.000     0.999951        99214     20480.00
   18415.000     0.999957        99214     23405.71
   18575.000     0.999963        99215     27306.67
   18575.000     0.999969        99215     32768.00
   18831.000     0.999973        99216     36408.89
   18831.000     0.999976        99216     40960.00
   18831.000     0.999979        99216     46811.43
   19087.000     0.999982        99217     54613.33
   19087.000     0.999985        99217     65536.00
   19087.000     0.999986        99217     72817.78
   19087.000     0.999988        99217     81920.00
   19087.000     0.999989        99217     93622.86
   20031.000     0.999991        99218    109226.67
   20031.000     1.000000        99218          inf
#[Mean    =     1505.968, StdDeviation   =      934.236]
#[Max     =    20016.000, Total count    =        99218]
#[Buckets =           27, SubBuckets     =         2048]
----------------------------------------------------------

  Latency Distribution (HdrHistogram - Uncorrected Latency (measured without taking delayed starts into account))
 50.000%  612.00us
 75.000%  762.00us
 90.000%  928.00us
 99.000% 2447.00us
 99.900% 6307.00us
 99.990%13103.00us
 99.999%18191.00us
100.000%18303.00us

  Detailed Percentile spectrum:
       Value   Percentile   TotalCount 1/(1-Percentile)

     169.000     0.000000            1         1.00
     356.000     0.100000         9984         1.11
     406.000     0.200000        19932         1.25
     463.000     0.300000        29879         1.43
     539.000     0.400000        39733         1.67
     612.000     0.500000        49692         2.00
     643.000     0.550000        54645         2.22
     671.000     0.600000        59589         2.50
     699.000     0.650000        64620         2.86
     729.000     0.700000        69573         3.33
     762.000     0.750000        74423         4.00
     781.000     0.775000        76960         4.44
     802.000     0.800000        79443         5.00
     825.000     0.825000        81927         5.71
     852.000     0.850000        84381         6.67
     885.000     0.875000        86863         8.00
     905.000     0.887500        88087         8.89
     928.000     0.900000        89333        10.00
     956.000     0.912500        90560        11.43
     990.000     0.925000        91792        13.33
    1039.000     0.937500        93042        16.00
    1070.000     0.943750        93644        17.78
    1112.000     0.950000        94267        20.00
    1162.000     0.956250        94880        22.86
    1230.000     0.962500        95499        26.67
    1335.000     0.968750        96123        32.00
    1395.000     0.971875        96428        35.56
    1473.000     0.975000        96740        40.00
    1570.000     0.978125        97048        45.71
    1713.000     0.981250        97358        53.33
    1913.000     0.984375        97669        64.00
    2036.000     0.985938        97823        71.11
    2173.000     0.987500        97979        80.00
    2345.000     0.989062        98133        91.43
    2547.000     0.990625        98288       106.67
    2831.000     0.992188        98444       128.00
    3001.000     0.992969        98522       142.22
    3253.000     0.993750        98598       160.00
    3571.000     0.994531        98676       182.86
    3907.000     0.995313        98753       213.33
    4331.000     0.996094        98832       256.00
    4475.000     0.996484        98870       284.44
    4735.000     0.996875        98908       320.00
    4979.000     0.997266        98947       365.71
    5291.000     0.997656        98986       426.67
    5491.000     0.998047        99026       512.00
    5587.000     0.998242        99046       568.89
    5819.000     0.998437        99063       640.00
    5971.000     0.998633        99084       731.43
    6123.000     0.998828        99102       853.33
    6331.000     0.999023        99122      1024.00
    6579.000     0.999121        99131      1137.78
    7223.000     0.999219        99141      1280.00
    7719.000     0.999316        99151      1462.86
    7871.000     0.999414        99160      1706.67
    8239.000     0.999512        99170      2048.00
    8791.000     0.999561        99175      2275.56
    9599.000     0.999609        99180      2560.00
    9735.000     0.999658        99185      2925.71
   10567.000     0.999707        99189      3413.33
   10591.000     0.999756        99194      4096.00
   11207.000     0.999780        99197      4551.11
   11255.000     0.999805        99200      5120.00
   11271.000     0.999829        99202      5851.43
   12855.000     0.999854        99204      6826.67
   12935.000     0.999878        99206      8192.00
   13103.000     0.999890        99208      9102.22
   13119.000     0.999902        99209     10240.00
   14551.000     0.999915        99210     11702.86
   15039.000     0.999927        99212     13653.33
   15039.000     0.999939        99212     16384.00
   15855.000     0.999945        99213     18204.44
   16199.000     0.999951        99214     20480.00
   16199.000     0.999957        99214     23405.71
   16239.000     0.999963        99215     27306.67
   16239.000     0.999969        99215     32768.00
   17775.000     0.999973        99216     36408.89
   17775.000     0.999976        99216     40960.00
   17775.000     0.999979        99216     46811.43
   18191.000     0.999982        99217     54613.33
   18191.000     0.999985        99217     65536.00
   18191.000     0.999986        99217     72817.78
   18191.000     0.999988        99217     81920.00
   18191.000     0.999989        99217     93622.86
   18303.000     0.999991        99218    109226.67
   18303.000     1.000000        99218          inf
#[Mean    =      669.747, StdDeviation   =      506.000]
#[Max     =    18288.000, Total count    =        99218]
#[Buckets =           27, SubBuckets     =         2048]
----------------------------------------------------------
  99226 requests in 10.00s, 8.33MB read
Requests/sec:   9922.13
Transfer/sec:    852.68KB

