Command: /tmp/wrk2/wrk http://10.0.0.4:8000/index.html -c 32 -t 1 -R 30000 -d 10 -L -U
Return code: 0
STDOUT:
Running 10s test @ http://10.0.0.4:8000/index.html
  1 threads and 32 connections
  Thread Stats   Avg      Stdev     Max   +/- Stdev
    Latency   1547.28u 1546.43us33952.00u   96.58%
    Req/Sec       -nan      -nan   0.00      0.00%
  Latency Distribution (HdrHistogram - Recorded Latency)
 50.000% 1286.00us
 75.000% 1911.00us
 90.000% 2515.00us
 99.000% 6683.00us
 99.900%21375.00us
 99.990%30367.00us
 99.999%33599.00us
100.000%33983.00us

  Detailed Percentile spectrum:
       Value   Percentile   TotalCount 1/(1-Percentile)

     181.000     0.000000            1         1.00
     579.000     0.100000        29841         1.11
     745.000     0.200000        59681         1.25
     908.000     0.300000        89442         1.43
    1087.000     0.400000       119086         1.67
    1286.000     0.500000       148909         2.00
    1391.000     0.550000       163741         2.22
    1502.000     0.600000       178629         2.50
    1622.000     0.650000       193499         2.86
    1757.000     0.700000       208427         3.33
    1911.000     0.750000       223233         4.00
    1997.000     0.775000       230735         4.44
    2087.000     0.800000       238237         5.00
    2181.000     0.825000       245684         5.71
    2279.000     0.850000       253034         6.67
    2387.000     0.875000       260428         8.00
    2447.000     0.887500       264163         8.89
    2515.000     0.900000       267955        10.00
    2587.000     0.912500       271678        11.43
    2665.000     0.925000       275314        13.33
    2757.000     0.937500       279023        16.00
    2811.000     0.943750       280887        17.78
    2873.000     0.950000       282782        20.00
    2945.000     0.956250       284647        22.86
    3037.000     0.962500       286496        26.67
    3163.000     0.968750       288337        32.00
    3257.000     0.971875       289271        35.56
    3391.000     0.975000       290197        40.00
    3585.000     0.978125       291118        45.71
    3929.000     0.981250       292044        53.33
    4523.000     0.984375       292977        64.00
    4911.000     0.985938       293441        71.11
    5447.000     0.987500       293904        80.00
    6163.000     0.989062       294369        91.43
    7115.000     0.990625       294834       106.67
    8599.000     0.992188       295299       128.00
    9431.000     0.992969       295533       142.22
   10447.000     0.993750       295764       160.00
   11535.000     0.994531       295997       182.86
   12871.000     0.995313       296232       213.33
   14431.000     0.996094       296462       256.00
   15167.000     0.996484       296579       284.44
   15895.000     0.996875       296695       320.00
   16831.000     0.997266       296811       365.71
   17807.000     0.997656       296930       426.67
   18927.000     0.998047       297045       512.00
   19599.000     0.998242       297102       568.89
   20127.000     0.998437       297159       640.00
   20559.000     0.998633       297218       731.43
   20991.000     0.998828       297276       853.33
   21455.000     0.999023       297334      1024.00
   21695.000     0.999121       297365      1137.78
   21999.000     0.999219       297392      1280.00
   22351.000     0.999316       297422      1462.86
   22735.000     0.999414       297450      1706.67
   23103.000     0.999512       297479      2048.00
   23391.000     0.999561       297494      2275.56
   23855.000     0.999609       297508      2560.00
   24735.000     0.999658       297523      2925.71
   25455.000     0.999707       297537      3413.33
   26527.000     0.999756       297552      4096.00
   27295.000     0.999780       297559      4551.11
   27679.000     0.999805       297566      5120.00
   28431.000     0.999829       297574      5851.43
   29199.000     0.999854       297581      6826.67
   29839.000     0.999878       297588      8192.00
   30175.000     0.999890       297592      9102.22
   30543.000     0.999902       297595     10240.00
   30991.000     0.999915       297599     11702.86
   31199.000     0.999927       297603     13653.33
   31759.000     0.999939       297606     16384.00
   31855.000     0.999945       297608     18204.44
   32159.000     0.999951       297610     20480.00
   32479.000     0.999957       297612     23405.71
   32799.000     0.999963       297614     27306.67
   32863.000     0.999969       297615     32768.00
   32991.000     0.999973       297617     36408.89
   32991.000     0.999976       297617     40960.00
   33183.000     0.999979       297619     46811.43
   33183.000     0.999982       297619     54613.33
   33567.000     0.999985       297620     65536.00
   33567.000     0.999986       297620     72817.78
   33599.000     0.999988       297621     81920.00
   33599.000     0.999989       297621     93622.86
   33663.000     0.999991       297622    109226.67
   33663.000     0.999992       297622    131072.00
   33663.000     0.999993       297622    145635.56
   33983.000     0.999994       297624    163840.00
   33983.000     1.000000       297624          inf
#[Mean    =     1547.280, StdDeviation   =     1546.430]
#[Max     =    33952.000, Total count    =       297624]
#[Buckets =           27, SubBuckets     =         2048]
----------------------------------------------------------

  Latency Distribution (HdrHistogram - Uncorrected Latency (measured without taking delayed starts into account))
 50.000%  531.00us
 75.000%  686.00us
 90.000%  945.00us
 99.000% 1700.00us
 99.900% 5063.00us
 99.990%10391.00us
 99.999%14559.00us
100.000%19455.00us

  Detailed Percentile spectrum:
       Value   Percentile   TotalCount 1/(1-Percentile)

     165.000     0.000000            1         1.00
     317.000     0.100000        30155         1.11
     382.000     0.200000        59847         1.25
     435.000     0.300000        89378         1.43
     484.000     0.400000       119526         1.67
     531.000     0.500000       149227         2.00
     555.000     0.550000       163874         2.22
     581.000     0.600000       178731         2.50
     610.000     0.650000       193866         2.86
     644.000     0.700000       208610         3.33
     686.000     0.750000       223430         4.00
     711.000     0.775000       230748         4.44
     741.000     0.800000       238177         5.00
     778.000     0.825000       245686         5.71
     824.000     0.850000       253110         6.67
     881.000     0.875000       260504         8.00
     912.000     0.887500       264203         8.89
     945.000     0.900000       267901        10.00
     978.000     0.912500       271671        11.43
    1012.000     0.925000       275324        13.33
    1052.000     0.937500       279123        16.00
    1074.000     0.943750       280928        17.78
    1099.000     0.950000       282791        20.00
    1128.000     0.956250       284628        22.86
    1165.000     0.962500       286492        26.67
    1213.000     0.968750       288328        32.00
    1247.000     0.971875       289260        35.56
    1286.000     0.975000       290195        40.00
    1335.000     0.978125       291126        45.71
    1394.000     0.981250       292047        53.33
    1477.000     0.984375       292976        64.00
    1525.000     0.985938       293442        71.11
    1581.000     0.987500       293910        80.00
    1648.000     0.989062       294371        91.43
    1748.000     0.990625       294836       106.67
    1896.000     0.992188       295300       128.00
    2005.000     0.992969       295533       142.22
    2105.000     0.993750       295764       160.00
    2251.000     0.994531       295999       182.86
    2449.000     0.995313       296231       213.33
    2731.000     0.996094       296464       256.00
    2891.000     0.996484       296580       284.44
    3099.000     0.996875       296694       320.00
    3289.000     0.997266       296812       365.71
    3461.000     0.997656       296927       426.67
    3727.000     0.998047       297043       512.00
    3977.000     0.998242       297102       568.89
    4187.000     0.998437       297162       640.00
    4399.000     0.998633       297218       731.43
    4727.000     0.998828       297276       853.33
    5115.000     0.999023       297334      1024.00
    5363.000     0.999121       297363      1137.78
    5683.000     0.999219       297392      1280.00
    5855.000     0.999316       297422      1462.86
    6071.000     0.999414       297450      1706.67
    6247.000     0.999512       297479      2048.00
    6407.000     0.999561       297494      2275.56
    6759.000     0.999609       297508      2560.00
    7395.000     0.999658       297523      2925.71
    8591.000     0.999707       297537      3413.33
    8767.000     0.999756       297552      4096.00
    8967.000     0.999780       297559      4551.11
    9583.000     0.999805       297566      5120.00
    9783.000     0.999829       297576      5851.43
   10175.000     0.999854       297581      6826.67
   10287.000     0.999878       297588      8192.00
   10335.000     0.999890       297592      9102.22
   10391.000     0.999902       297595     10240.00
   10487.000     0.999915       297599     11702.86
   10919.000     0.999927       297603     13653.33
   11087.000     0.999939       297606     16384.00
   11495.000     0.999945       297608     18204.44
   11775.000     0.999951       297610     20480.00
   11815.000     0.999957       297612     23405.71
   11871.000     0.999963       297614     27306.67
   11927.000     0.999969       297615     32768.00
   11959.000     0.999973       297616     36408.89
   14247.000     0.999976       297617     40960.00
   14287.000     0.999979       297618     46811.43
   14503.000     0.999982       297619     54613.33
   14519.000     0.999985       297620     65536.00
   14519.000     0.999986       297620     72817.78
   14559.000     0.999988       297621     81920.00
   14559.000     0.999989       297621     93622.86
   19247.000     0.999991       297622    109226.67
   19247.000     0.999992       297622    131072.00
   19247.000     0.999993       297622    145635.56
   19375.000     0.999994       297623    163840.00
   19375.000     0.999995       297623    187245.71
   19375.000     0.999995       297623    218453.33
   19375.000     0.999996       297623    262144.00
   19375.000     0.999997       297623    291271.11
   19455.000     0.999997       297624    327680.00
   19455.000     1.000000       297624          inf
#[Mean    =      600.392, StdDeviation   =      387.506]
#[Max     =    19440.000, Total count    =       297624]
#[Buckets =           27, SubBuckets     =         2048]
----------------------------------------------------------
  297631 requests in 10.00s, 24.98MB read
Requests/sec:  29762.53
Transfer/sec:      2.50MB

