Command: /tmp/wrk2/wrk http://10.0.0.4:8000/index.html -c 32 -t 1 -R 2000 -d 10 -L -U
Return code: 0
STDOUT:
Running 10s test @ http://10.0.0.4:8000/index.html
  1 threads and 32 connections
  Thread Stats   Avg      Stdev     Max   +/- Stdev
    Latency   1552.40u 3661.85us220160.00   98.78%
    Req/Sec       -nan      -nan   0.00      0.00%
  Latency Distribution (HdrHistogram - Recorded Latency)
 50.000% 1343.00us
 75.000% 1763.00us
 90.000% 2143.00us
 99.000% 5923.00us
 99.900%13799.00us
 99.990%189055.00u
 99.999%220287.00u
100.000%220287.00u

  Detailed Percentile spectrum:
       Value   Percentile   TotalCount 1/(1-Percentile)

     294.000     0.000000            2         1.00
     720.000     0.100000         2001         1.11
     877.000     0.200000         3978         1.25
    1022.000     0.300000         5977         1.43
    1177.000     0.400000         7949         1.67
    1343.000     0.500000         9934         2.00
    1424.000     0.550000        10929         2.22
    1508.000     0.600000        11917         2.50
    1589.000     0.650000        12914         2.86
    1674.000     0.700000        13913         3.33
    1763.000     0.750000        14895         4.00
    1813.000     0.775000        15391         4.44
    1865.000     0.800000        15893         5.00
    1921.000     0.825000        16392         5.71
    1982.000     0.850000        16880         6.67
    2053.000     0.875000        17378         8.00
    2097.000     0.887500        17635         8.89
    2143.000     0.900000        17873        10.00
    2195.000     0.912500        18126        11.43
    2255.000     0.925000        18370        13.33
    2331.000     0.937500        18617        16.00
    2385.000     0.943750        18743        17.78
    2437.000     0.950000        18866        20.00
    2509.000     0.956250        18993        22.86
    2595.000     0.962500        19114        26.67
    2767.000     0.968750        19238        32.00
    2883.000     0.971875        19300        35.56
    3085.000     0.975000        19362        40.00
    3413.000     0.978125        19424        45.71
    3801.000     0.981250        19486        53.33
    4371.000     0.984375        19548        64.00
    4735.000     0.985938        19579        71.11
    5123.000     0.987500        19610        80.00
    5523.000     0.989062        19641        91.43
    6095.000     0.990625        19672       106.67
    6687.000     0.992188        19703       128.00
    7107.000     0.992969        19719       142.22
    7339.000     0.993750        19735       160.00
    7691.000     0.994531        19750       182.86
    8079.000     0.995313        19765       213.33
    8679.000     0.996094        19781       256.00
    8871.000     0.996484        19789       284.44
    9231.000     0.996875        19796       320.00
    9575.000     0.997266        19804       365.71
   10263.000     0.997656        19812       426.67
   10823.000     0.998047        19820       512.00
   11159.000     0.998242        19824       568.89
   11511.000     0.998437        19827       640.00
   12471.000     0.998633        19831       731.43
   12783.000     0.998828        19835       853.33
   14263.000     0.999023        19839      1024.00
   15391.000     0.999121        19841      1137.78
   17567.000     0.999219        19843      1280.00
   27119.000     0.999316        19845      1462.86
   51455.000     0.999414        19847      1706.67
   78911.000     0.999512        19849      2048.00
   94655.000     0.999561        19850      2275.56
  110463.000     0.999609        19851      2560.00
  126143.000     0.999658        19852      2925.71
  141951.000     0.999707        19853      3413.33
  157695.000     0.999756        19854      4096.00
  157695.000     0.999780        19854      4551.11
  173311.000     0.999805        19855      5120.00
  173311.000     0.999829        19855      5851.43
  189055.000     0.999854        19856      6826.67
  189055.000     0.999878        19856      8192.00
  189055.000     0.999890        19856      9102.22
  204671.000     0.999902        19857     10240.00
  204671.000     0.999915        19857     11702.86
  204671.000     0.999927        19857     13653.33
  204671.000     0.999939        19857     16384.00
  204671.000     0.999945        19857     18204.44
  220287.000     0.999951        19858     20480.00
  220287.000     1.000000        19858          inf
#[Mean    =     1552.401, StdDeviation   =     3661.848]
#[Max     =   220160.000, Total count    =        19858]
#[Buckets =           27, SubBuckets     =         2048]
----------------------------------------------------------

  Latency Distribution (HdrHistogram - Uncorrected Latency (measured without taking delayed starts into account))
 50.000%  593.00us
 75.000%  734.00us
 90.000%  933.00us
 99.000% 4899.00us
 99.900%10319.00us
 99.990%16703.00us
 99.999%220287.00u
100.000%220287.00u

  Detailed Percentile spectrum:
       Value   Percentile   TotalCount 1/(1-Percentile)

     205.000     0.000000            1         1.00
     374.000     0.100000         2002         1.11
     435.000     0.200000         3980         1.25
     493.000     0.300000         5984         1.43
     544.000     0.400000         7953         1.67
     593.000     0.500000         9961         2.00
     618.000     0.550000        10963         2.22
     642.000     0.600000        11946         2.50
     670.000     0.650000        12934         2.86
     699.000     0.700000        13938         3.33
     734.000     0.750000        14913         4.00
     756.000     0.775000        15415         4.44
     780.000     0.800000        15890         5.00
     806.000     0.825000        16391         5.71
     836.000     0.850000        16885         6.67
     877.000     0.875000        17376         8.00
     902.000     0.887500        17630         8.89
     933.000     0.900000        17875        10.00
     975.000     0.912500        18123        11.43
    1040.000     0.925000        18370        13.33
    1143.000     0.937500        18619        16.00
    1218.000     0.943750        18741        17.78
    1290.000     0.950000        18867        20.00
    1397.000     0.956250        18991        22.86
    1539.000     0.962500        19114        26.67
    1778.000     0.968750        19238        32.00
    1991.000     0.971875        19300        35.56
    2219.000     0.975000        19362        40.00
    2485.000     0.978125        19424        45.71
    2957.000     0.981250        19486        53.33
    3499.000     0.984375        19549        64.00
    3885.000     0.985938        19579        71.11
    4251.000     0.987500        19611        80.00
    4659.000     0.989062        19641        91.43
    5095.000     0.990625        19672       106.67
    5711.000     0.992188        19703       128.00
    5923.000     0.992969        19719       142.22
    6347.000     0.993750        19734       160.00
    6807.000     0.994531        19750       182.86
    7107.000     0.995313        19765       213.33
    7471.000     0.996094        19781       256.00
    7803.000     0.996484        19789       284.44
    7923.000     0.996875        19797       320.00
    8123.000     0.997266        19804       365.71
    8535.000     0.997656        19812       426.67
    8871.000     0.998047        19820       512.00
    9183.000     0.998242        19825       568.89
    9223.000     0.998437        19827       640.00
    9655.000     0.998633        19831       731.43
    9983.000     0.998828        19835       853.33
   10335.000     0.999023        19839      1024.00
   11295.000     0.999121        19841      1137.78
   11551.000     0.999219        19843      1280.00
   11687.000     0.999316        19845      1462.86
   11863.000     0.999414        19847      1706.67
   12175.000     0.999512        19849      2048.00
   12759.000     0.999561        19850      2275.56
   12831.000     0.999609        19851      2560.00
   12839.000     0.999658        19852      2925.71
   14239.000     0.999707        19853      3413.33
   14503.000     0.999756        19854      4096.00
   14503.000     0.999780        19854      4551.11
   15647.000     0.999805        19855      5120.00
   15647.000     0.999829        19855      5851.43
   16703.000     0.999854        19856      6826.67
   16703.000     0.999878        19856      8192.00
   16703.000     0.999890        19856      9102.22
   17279.000     0.999902        19857     10240.00
   17279.000     0.999915        19857     11702.86
   17279.000     0.999927        19857     13653.33
   17279.000     0.999939        19857     16384.00
   17279.000     0.999945        19857     18204.44
  220287.000     0.999951        19858     20480.00
  220287.000     1.000000        19858          inf
#[Mean    =      743.476, StdDeviation   =     1762.710]
#[Max     =   220160.000, Total count    =        19858]
#[Buckets =           27, SubBuckets     =         2048]
----------------------------------------------------------
  19859 requests in 10.00s, 1.67MB read
Requests/sec:   1985.90
Transfer/sec:    170.66KB

