Command: /tmp/wrk2/wrk http://10.0.0.4:8000/index.html -c 32 -t 1 -R 8000 -d 10 -L -U
Return code: 0
STDOUT:
Running 10s test @ http://10.0.0.4:8000/index.html
  1 threads and 32 connections
  Thread Stats   Avg      Stdev     Max   +/- Stdev
    Latency   1581.63u 4809.01us212480.00   99.37%
    Req/Sec       -nan      -nan   0.00      0.00%
  Latency Distribution (HdrHistogram - Recorded Latency)
 50.000% 1296.00us
 75.000% 1781.00us
 90.000% 2227.00us
 99.000% 4743.00us
 99.900%70783.00us
 99.990%197759.00u
 99.999%212479.00u
100.000%212607.00u

  Detailed Percentile spectrum:
       Value   Percentile   TotalCount 1/(1-Percentile)

     221.000     0.000000            1         1.00
     625.000     0.100000         7940         1.11
     800.000     0.200000        15919         1.25
     964.000     0.300000        23825         1.43
    1128.000     0.400000        31769         1.67
    1296.000     0.500000        39734         2.00
    1381.000     0.550000        43684         2.22
    1467.000     0.600000        47640         2.50
    1562.000     0.650000        51604         2.86
    1663.000     0.700000        55570         3.33
    1781.000     0.750000        59549         4.00
    1843.000     0.775000        61527         4.44
    1907.000     0.800000        63547         5.00
    1974.000     0.825000        65493         5.71
    2044.000     0.850000        67476         6.67
    2127.000     0.875000        69500         8.00
    2173.000     0.887500        70456         8.89
    2227.000     0.900000        71463        10.00
    2287.000     0.912500        72464        11.43
    2353.000     0.925000        73456        13.33
    2429.000     0.937500        74446        16.00
    2475.000     0.943750        74921        17.78
    2531.000     0.950000        75414        20.00
    2589.000     0.956250        75915        22.86
    2661.000     0.962500        76417        26.67
    2755.000     0.968750        76908        32.00
    2821.000     0.971875        77151        35.56
    2909.000     0.975000        77400        40.00
    3063.000     0.978125        77648        45.71
    3275.000     0.981250        77895        53.33
    3603.000     0.984375        78143        64.00
    3819.000     0.985938        78267        71.11
    4063.000     0.987500        78391        80.00
    4503.000     0.989062        78515        91.43
    4951.000     0.990625        78639       106.67
    5583.000     0.992188        78764       128.00
    5903.000     0.992969        78826       142.22
    6443.000     0.993750        78887       160.00
    7175.000     0.994531        78950       182.86
    8007.000     0.995313        79011       213.33
    9527.000     0.996094        79073       256.00
   10543.000     0.996484        79104       284.44
   11479.000     0.996875        79135       320.00
   12175.000     0.997266        79166       365.71
   13583.000     0.997656        79198       426.67
   14623.000     0.998047        79228       512.00
   15535.000     0.998242        79244       568.89
   16943.000     0.998437        79259       640.00
   21423.000     0.998633        79275       731.43
   44831.000     0.998828        79290       853.33
   74367.000     0.999023        79306      1024.00
   88959.000     0.999121        79314      1137.78
  100287.000     0.999219        79321      1280.00
  114495.000     0.999316        79329      1462.86
  128959.000     0.999414        79337      1706.67
  142975.000     0.999512        79345      2048.00
  150399.000     0.999561        79349      2275.56
  157695.000     0.999609        79352      2560.00
  164863.000     0.999658        79356      2925.71
  172159.000     0.999707        79360      3413.33
  179583.000     0.999756        79365      4096.00
  183039.000     0.999780        79366      4551.11
  186879.000     0.999805        79368      5120.00
  190591.000     0.999829        79370      5851.43
  194175.000     0.999854        79372      6826.67
  197631.000     0.999878        79374      8192.00
  197759.000     0.999890        79375      9102.22
  201471.000     0.999902        79377     10240.00
  201471.000     0.999915        79377     11702.86
  205183.000     0.999927        79378     13653.33
  205311.000     0.999939        79379     16384.00
  205311.000     0.999945        79379     18204.44
  208895.000     0.999951        79380     20480.00
  208895.000     0.999957        79380     23405.71
  209023.000     0.999963        79381     27306.67
  209023.000     0.999969        79381     32768.00
  209023.000     0.999973        79381     36408.89
  212479.000     0.999976        79382     40960.00
  212479.000     0.999979        79382     46811.43
  212479.000     0.999982        79382     54613.33
  212479.000     0.999985        79382     65536.00
  212479.000     0.999986        79382     72817.78
  212607.000     0.999988        79383     81920.00
  212607.000     1.000000        79383          inf
#[Mean    =     1581.628, StdDeviation   =     4809.007]
#[Max     =   212480.000, Total count    =        79383]
#[Buckets =           27, SubBuckets     =         2048]
----------------------------------------------------------

  Latency Distribution (HdrHistogram - Uncorrected Latency (measured without taking delayed starts into account))
 50.000%  557.00us
 75.000%  676.00us
 90.000%  854.00us
 99.000% 2923.00us
 99.900% 8495.00us
 99.990%15103.00us
 99.999%211711.00u
100.000%211711.00u

  Detailed Percentile spectrum:
       Value   Percentile   TotalCount 1/(1-Percentile)

     178.000     0.000000            1         1.00
     332.000     0.100000         8016         1.11
     376.000     0.200000        15883         1.25
     429.000     0.300000        23926         1.43
     501.000     0.400000        31870         1.67
     557.000     0.500000        39841         2.00
     579.000     0.550000        43674         2.22
     601.000     0.600000        47715         2.50
     623.000     0.650000        51666         2.86
     648.000     0.700000        55611         3.33
     676.000     0.750000        59554         4.00
     693.000     0.775000        61529         4.44
     713.000     0.800000        63528         5.00
     736.000     0.825000        65507         5.71
     764.000     0.850000        67481         6.67
     801.000     0.875000        69469         8.00
     826.000     0.887500        70496         8.89
     854.000     0.900000        71452        10.00
     892.000     0.912500        72464        11.43
     937.000     0.925000        73431        13.33
    1014.000     0.937500        74423        16.00
    1065.000     0.943750        74921        17.78
    1133.000     0.950000        75415        20.00
    1223.000     0.956250        75910        22.86
    1344.000     0.962500        76409        26.67
    1481.000     0.968750        76903        32.00
    1584.000     0.971875        77155        35.56
    1706.000     0.975000        77401        40.00
    1860.000     0.978125        77647        45.71
    2036.000     0.981250        77896        53.33
    2277.000     0.984375        78144        64.00
    2405.000     0.985938        78272        71.11
    2563.000     0.987500        78391        80.00
    2783.000     0.989062        78515        91.43
    3043.000     0.990625        78639       106.67
    3345.000     0.992188        78763       128.00
    3531.000     0.992969        78825       142.22
    3815.000     0.993750        78887       160.00
    4111.000     0.994531        78949       182.86
    4399.000     0.995313        79011       213.33
    4791.000     0.996094        79073       256.00
    4991.000     0.996484        79104       284.44
    5283.000     0.996875        79135       320.00
    5519.000     0.997266        79167       365.71
    5831.000     0.997656        79197       426.67
    6211.000     0.998047        79228       512.00
    6319.000     0.998242        79244       568.89
    6583.000     0.998437        79260       640.00
    6951.000     0.998633        79275       731.43
    7515.000     0.998828        79290       853.33
    8543.000     0.999023        79306      1024.00
    9079.000     0.999121        79314      1137.78
    9471.000     0.999219        79322      1280.00
    9503.000     0.999316        79329      1462.86
    9527.000     0.999414        79338      1706.67
   10127.000     0.999512        79345      2048.00
   10295.000     0.999561        79350      2275.56
   10311.000     0.999609        79353      2560.00
   10319.000     0.999658        79356      2925.71
   10775.000     0.999707        79360      3413.33
   10991.000     0.999756        79364      4096.00
   11023.000     0.999780        79366      4551.11
   12415.000     0.999805        79368      5120.00
   13087.000     0.999829        79370      5851.43
   13263.000     0.999854        79372      6826.67
   15103.000     0.999878        79375      8192.00
   15103.000     0.999890        79375      9102.22
   15111.000     0.999902        79376     10240.00
   19727.000     0.999915        79377     11702.86
   19743.000     0.999927        79378     13653.33
   20895.000     0.999939        79379     16384.00
   20895.000     0.999945        79379     18204.44
   21087.000     0.999951        79380     20480.00
   21087.000     0.999957        79380     23405.71
   21103.000     0.999963        79381     27306.67
   21103.000     0.999969        79381     32768.00
   21103.000     0.999973        79381     36408.89
  211711.000     0.999976        79383     40960.00
  211711.000     1.000000        79383          inf
#[Mean    =      640.304, StdDeviation   =     1209.457]
#[Max     =   211584.000, Total count    =        79383]
#[Buckets =           27, SubBuckets     =         2048]
----------------------------------------------------------
  79386 requests in 10.00s, 6.66MB read
Requests/sec:   7938.21
Transfer/sec:    682.19KB

