Command: /tmp/wrk2/wrk http://10.0.0.4:8000/index.html -c 32 -t 1 -R 65000 -d 10 -L -U
Return code: 0
STDOUT:
Running 10s test @ http://10.0.0.4:8000/index.html
  1 threads and 32 connections
  Thread Stats   Avg      Stdev     Max   +/- Stdev
    Latency   969634.0668850.10u3096576.0   63.85%
    Req/Sec       -nan      -nan   0.00      0.00%
  Latency Distribution (HdrHistogram - Recorded Latency)
 50.000%866815.00u
 75.000%1418239.00
 90.000%1941503.00
 99.000%2633727.00
 99.900%2983935.00
 99.990%3086335.00
 99.999%3098623.00
100.000%3098623.00

  Detailed Percentile spectrum:
       Value   Percentile   TotalCount 1/(1-Percentile)

     197.000     0.000000            1         1.00
  158463.000     0.100000        51220         1.11
  331775.000     0.200000       102424         1.25
  504319.000     0.300000       153609         1.43
  683007.000     0.400000       204911         1.67
  866815.000     0.500000       256040         2.00
  966143.000     0.550000       281599         2.22
 1076223.000     0.600000       307257         2.50
 1183743.000     0.650000       332855         2.86
 1288191.000     0.700000       358471         3.33
 1418239.000     0.750000       384123         4.00
 1485823.000     0.775000       396919         4.44
 1569791.000     0.800000       409641         5.00
 1655807.000     0.825000       422487         5.71
 1740799.000     0.850000       435250         6.67
 1831935.000     0.875000       447998         8.00
 1884159.000     0.887500       454393         8.89
 1941503.000     0.900000       460863        10.00
 2003967.000     0.912500       467204        11.43
 2068479.000     0.925000       473606        13.33
 2150399.000     0.937500       480100        16.00
 2191359.000     0.943750       483213        17.78
 2236415.000     0.950000       486446        20.00
 2285567.000     0.956250       489577        22.86
 2334719.000     0.962500       492797        26.67
 2390015.000     0.968750       496061        32.00
 2418687.000     0.971875       497599        35.56
 2447359.000     0.975000       499212        40.00
 2480127.000     0.978125       500808        45.71
 2512895.000     0.981250       502441        53.33
 2551807.000     0.984375       504048        64.00
 2574335.000     0.985938       504817        71.11
 2594815.000     0.987500       505581        80.00
 2617343.000     0.989062       506397        91.43
 2643967.000     0.990625       507183       106.67
 2668543.000     0.992188       507982       128.00
 2680831.000     0.992969       508374       142.22
 2697215.000     0.993750       508786       160.00
 2711551.000     0.994531       509172       182.86
 2727935.000     0.995313       509600       213.33
 2748415.000     0.996094       509987       256.00
 2766847.000     0.996484       510179       284.44
 2789375.000     0.996875       510381       320.00
 2807807.000     0.997266       510587       365.71
 2836479.000     0.997656       510768       426.67
 2883583.000     0.998047       510969       512.00
 2904063.000     0.998242       511065       568.89
 2926591.000     0.998437       511166       640.00
 2947071.000     0.998633       511267       731.43
 2967551.000     0.998828       511375       853.33
 2985983.000     0.999023       511466      1024.00
 2996223.000     0.999121       511515      1137.78
 3008511.000     0.999219       511570      1280.00
 3020799.000     0.999316       511621      1462.86
 3033087.000     0.999414       511665      1706.67
 3045375.000     0.999512       511720      2048.00
 3051519.000     0.999561       511748      2275.56
 3055615.000     0.999609       511769      2560.00
 3059711.000     0.999658       511792      2925.71
 3063807.000     0.999707       511816      3413.33
 3069951.000     0.999756       511851      4096.00
 3071999.000     0.999780       511854      4551.11
 3076095.000     0.999805       511869      5120.00
 3078143.000     0.999829       511879      5851.43
 3080191.000     0.999854       511890      6826.67
 3082239.000     0.999878       511902      8192.00
 3084287.000     0.999890       511912      9102.22
 3086335.000     0.999902       511925     10240.00
 3086335.000     0.999915       511925     11702.86
 3092479.000     0.999927       511936     13653.33
 3092479.000     0.999939       511936     16384.00
 3092479.000     0.999945       511936     18204.44
 3094527.000     0.999951       511944     20480.00
 3094527.000     0.999957       511944     23405.71
 3096575.000     0.999963       511956     27306.67
 3096575.000     0.999969       511956     32768.00
 3096575.000     0.999973       511956     36408.89
 3096575.000     0.999976       511956     40960.00
 3096575.000     0.999979       511956     46811.43
 3096575.000     0.999982       511956     54613.33
 3098623.000     0.999985       511964     65536.00
 3098623.000     1.000000       511964          inf
#[Mean    =   969634.091, StdDeviation   =   668850.095]
#[Max     =  3096576.000, Total count    =       511964]
#[Buckets =           27, SubBuckets     =         2048]
----------------------------------------------------------

  Latency Distribution (HdrHistogram - Uncorrected Latency (measured without taking delayed starts into account))
 50.000%  582.00us
 75.000%  643.00us
 90.000%  732.00us
 99.000% 1423.00us
 99.900% 4355.00us
 99.990% 8807.00us
 99.999%16655.00us
100.000%203391.00u

  Detailed Percentile spectrum:
       Value   Percentile   TotalCount 1/(1-Percentile)

     167.000     0.000000            1         1.00
     446.000     0.100000        51435         1.11
     502.000     0.200000       103171         1.25
     536.000     0.300000       154117         1.43
     561.000     0.400000       205613         1.67
     582.000     0.500000       258005         2.00
     592.000     0.550000       283789         2.22
     602.000     0.600000       308513         2.50
     613.000     0.650000       333232         2.86
     626.000     0.700000       358447         3.33
     643.000     0.750000       384636         4.00
     653.000     0.775000       397228         4.44
     665.000     0.800000       410145         5.00
     678.000     0.825000       422396         5.71
     694.000     0.850000       435376         6.67
     712.000     0.875000       448347         8.00
     722.000     0.887500       454924         8.89
     732.000     0.900000       461022        10.00
     744.000     0.912500       467606        11.43
     757.000     0.925000       473967        13.33
     772.000     0.937500       479997        16.00
     782.000     0.943750       483448        17.78
     793.000     0.950000       486570        20.00
     807.000     0.956250       489750        22.86
     826.000     0.962500       492860        26.67
     854.000     0.968750       495996        32.00
     875.000     0.971875       497575        35.56
     902.000     0.975000       499187        40.00
     938.000     0.978125       500812        45.71
     988.000     0.981250       502377        53.33
    1065.000     0.984375       503977        64.00
    1130.000     0.985938       504766        71.11
    1236.000     0.987500       505567        80.00
    1352.000     0.989062       506367        91.43
    1469.000     0.990625       507169       106.67
    1609.000     0.992188       507965       128.00
    1685.000     0.992969       508367       142.22
    1762.000     0.993750       508765       160.00
    1869.000     0.994531       509165       182.86
    2002.000     0.995313       509567       213.33
    2179.000     0.996094       509969       256.00
    2289.000     0.996484       510169       284.44
    2457.000     0.996875       510367       320.00
    2655.000     0.997266       510566       365.71
    2919.000     0.997656       510765       426.67
    3255.000     0.998047       510967       512.00
    3431.000     0.998242       511066       568.89
    3613.000     0.998437       511165       640.00
    3821.000     0.998633       511265       731.43
    4067.000     0.998828       511365       853.33
    4419.000     0.999023       511465      1024.00
    4627.000     0.999121       511516      1137.78
    4943.000     0.999219       511567      1280.00
    5159.000     0.999316       511616      1462.86
    5443.000     0.999414       511668      1706.67
    5883.000     0.999512       511715      2048.00
    6163.000     0.999561       511742      2275.56
    6327.000     0.999609       511765      2560.00
    6455.000     0.999658       511790      2925.71
    6575.000     0.999707       511815      3413.33
    6715.000     0.999756       511840      4096.00
    6811.000     0.999780       511852      4551.11
    7399.000     0.999805       511865      5120.00
    7539.000     0.999829       511877      5851.43
    8303.000     0.999854       511890      6826.67
    8759.000     0.999878       511902      8192.00
    8783.000     0.999890       511909      9102.22
    8943.000     0.999902       511915     10240.00
    9271.000     0.999915       511921     11702.86
    9295.000     0.999927       511927     13653.33
    9407.000     0.999939       511933     16384.00
    9495.000     0.999945       511937     18204.44
    9687.000     0.999951       511940     20480.00
    9943.000     0.999957       511943     23405.71
   10127.000     0.999963       511946     27306.67
   10527.000     0.999969       511949     32768.00
   10799.000     0.999973       511950     36408.89
   11975.000     0.999976       511952     40960.00
   15599.000     0.999979       511954     46811.43
   15607.000     0.999982       511955     54613.33
   15703.000     0.999985       511957     65536.00
   15703.000     0.999986       511957     72817.78
   16343.000     0.999988       511958     81920.00
   16655.000     0.999989       511959     93622.86
   16671.000     0.999991       511961    109226.67
   16671.000     0.999992       511961    131072.00
   16671.000     0.999993       511961    145635.56
   16671.000     0.999994       511961    163840.00
   16687.000     0.999995       511962    187245.71
   16687.000     0.999995       511962    218453.33
   16703.000     0.999996       511963    262144.00
   16703.000     0.999997       511963    291271.11
   16703.000     0.999997       511963    327680.00
   16703.000     0.999997       511963    374491.43
   16703.000     0.999998       511963    436906.67
  203391.000     0.999998       511964    524288.00
  203391.000     1.000000       511964          inf
#[Mean    =      605.031, StdDeviation   =      396.974]
#[Max     =   203264.000, Total count    =       511964]
#[Buckets =           27, SubBuckets     =         2048]
----------------------------------------------------------
  511966 requests in 10.00s, 42.97MB read
Requests/sec:  51198.09
Transfer/sec:      4.30MB

