Command: /tmp/wrk2/wrk http://10.0.0.4:8000/index.html -c 32 -t 1 -R 4000 -d 10 -L -U
Return code: 0
STDOUT:
Running 10s test @ http://10.0.0.4:8000/index.html
  1 threads and 32 connections
  Thread Stats   Avg      Stdev     Max   +/- Stdev
    Latency   1425.52u  890.29us23088.00u   86.35%
    Req/Sec       -nan      -nan   0.00      0.00%
  Latency Distribution (HdrHistogram - Recorded Latency)
 50.000% 1296.00us
 75.000% 1770.00us
 90.000% 2211.00us
 99.000% 4923.00us
 99.900% 9815.00us
 99.990%15399.00us
 99.999%23103.00us
100.000%23103.00us

  Detailed Percentile spectrum:
       Value   Percentile   TotalCount 1/(1-Percentile)

     251.000     0.000000            1         1.00
     617.000     0.100000         3988         1.11
     806.000     0.200000         7942         1.25
     973.000     0.300000        11927         1.43
    1139.000     0.400000        15900         1.67
    1296.000     0.500000        19862         2.00
    1378.000     0.550000        21873         2.22
    1462.000     0.600000        23839         2.50
    1554.000     0.650000        25823         2.86
    1655.000     0.700000        27806         3.33
    1770.000     0.750000        29782         4.00
    1835.000     0.775000        30782         4.44
    1900.000     0.800000        31767         5.00
    1968.000     0.825000        32761         5.71
    2039.000     0.850000        33759         6.67
    2119.000     0.875000        34742         8.00
    2165.000     0.887500        35250         8.89
    2211.000     0.900000        35734        10.00
    2265.000     0.912500        36237        11.43
    2323.000     0.925000        36728        13.33
    2399.000     0.937500        37228        16.00
    2443.000     0.943750        37469        17.78
    2503.000     0.950000        37717        20.00
    2581.000     0.956250        37968        22.86
    2679.000     0.962500        38217        26.67
    2831.000     0.968750        38462        32.00
    2945.000     0.971875        38586        35.56
    3119.000     0.975000        38711        40.00
    3327.000     0.978125        38834        45.71
    3607.000     0.981250        38958        53.33
    3957.000     0.984375        39082        64.00
    4119.000     0.985938        39144        71.11
    4363.000     0.987500        39209        80.00
    4671.000     0.989062        39268        91.43
    5055.000     0.990625        39330       106.67
    5427.000     0.992188        39393       128.00
    5659.000     0.992969        39424       142.22
    5967.000     0.993750        39454       160.00
    6255.000     0.994531        39485       182.86
    6511.000     0.995313        39516       213.33
    6787.000     0.996094        39547       256.00
    7043.000     0.996484        39563       284.44
    7299.000     0.996875        39578       320.00
    7567.000     0.997266        39594       365.71
    8011.000     0.997656        39609       426.67
    8375.000     0.998047        39625       512.00
    8591.000     0.998242        39633       568.89
    8815.000     0.998437        39640       640.00
    9199.000     0.998633        39649       731.43
    9439.000     0.998828        39656       853.33
    9967.000     0.999023        39664      1024.00
   10255.000     0.999121        39668      1137.78
   10759.000     0.999219        39671      1280.00
   10831.000     0.999316        39675      1462.86
   10975.000     0.999414        39679      1706.67
   11271.000     0.999512        39683      2048.00
   11887.000     0.999561        39685      2275.56
   12311.000     0.999609        39687      2560.00
   13071.000     0.999658        39689      2925.71
   13527.000     0.999707        39691      3413.33
   14231.000     0.999756        39693      4096.00
   14439.000     0.999780        39694      4551.11
   14951.000     0.999805        39695      5120.00
   15023.000     0.999829        39696      5851.43
   15367.000     0.999854        39697      6826.67
   15399.000     0.999878        39698      8192.00
   15399.000     0.999890        39698      9102.22
   16063.000     0.999902        39699     10240.00
   16063.000     0.999915        39699     11702.86
   18783.000     0.999927        39700     13653.33
   18783.000     0.999939        39700     16384.00
   18783.000     0.999945        39700     18204.44
   22495.000     0.999951        39701     20480.00
   22495.000     0.999957        39701     23405.71
   22495.000     0.999963        39701     27306.67
   22495.000     0.999969        39701     32768.00
   22495.000     0.999973        39701     36408.89
   23103.000     0.999976        39702     40960.00
   23103.000     1.000000        39702          inf
#[Mean    =     1425.523, StdDeviation   =      890.293]
#[Max     =    23088.000, Total count    =        39702]
#[Buckets =           27, SubBuckets     =         2048]
----------------------------------------------------------

  Latency Distribution (HdrHistogram - Uncorrected Latency (measured without taking delayed starts into account))
 50.000%  552.00us
 75.000%  689.00us
 90.000%  874.00us
 99.000% 3925.00us
 99.900% 8591.00us
 99.990%14695.00us
 99.999%22207.00us
100.000%22207.00us

  Detailed Percentile spectrum:
       Value   Percentile   TotalCount 1/(1-Percentile)

     212.000     0.000000            1         1.00
     343.000     0.100000         3997         1.11
     395.000     0.200000         7956         1.25
     448.000     0.300000        11940         1.43
     501.000     0.400000        15887         1.67
     552.000     0.500000        19926         2.00
     576.000     0.550000        21911         2.22
     600.000     0.600000        23855         2.50
     627.000     0.650000        25843         2.86
     657.000     0.700000        27847         3.33
     689.000     0.750000        29827         4.00
     708.000     0.775000        30803         4.44
     728.000     0.800000        31765         5.00
     753.000     0.825000        32775         5.71
     781.000     0.850000        33752         6.67
     818.000     0.875000        34755         8.00
     843.000     0.887500        35240         8.89
     874.000     0.900000        35734        10.00
     915.000     0.912500        36237        11.43
     972.000     0.925000        36730        13.33
    1071.000     0.937500        37222        16.00
    1152.000     0.943750        37469        17.78
    1269.000     0.950000        37719        20.00
    1410.000     0.956250        37967        22.86
    1591.000     0.962500        38216        26.67
    1854.000     0.968750        38462        32.00
    2026.000     0.971875        38587        35.56
    2219.000     0.975000        38710        40.00
    2433.000     0.978125        38834        45.71
    2719.000     0.981250        38959        53.33
    3075.000     0.984375        39082        64.00
    3263.000     0.985938        39144        71.11
    3519.000     0.987500        39207        80.00
    3795.000     0.989062        39268        91.43
    4087.000     0.990625        39331       106.67
    4535.000     0.992188        39392       128.00
    4815.000     0.992969        39423       142.22
    5091.000     0.993750        39454       160.00
    5343.000     0.994531        39485       182.86
    5667.000     0.995313        39516       213.33
    5899.000     0.996094        39547       256.00
    6091.000     0.996484        39563       284.44
    6307.000     0.996875        39580       320.00
    6543.000     0.997266        39595       365.71
    6763.000     0.997656        39609       426.67
    7375.000     0.998047        39625       512.00
    7559.000     0.998242        39633       568.89
    7751.000     0.998437        39640       640.00
    8147.000     0.998633        39649       731.43
    8279.000     0.998828        39656       853.33
    8687.000     0.999023        39664      1024.00
    9071.000     0.999121        39668      1137.78
    9519.000     0.999219        39671      1280.00
    9847.000     0.999316        39675      1462.86
   10239.000     0.999414        39679      1706.67
   10679.000     0.999512        39683      2048.00
   10807.000     0.999561        39685      2275.56
   10927.000     0.999609        39687      2560.00
   10951.000     0.999658        39689      2925.71
   11839.000     0.999707        39691      3413.33
   12831.000     0.999756        39693      4096.00
   13023.000     0.999780        39694      4551.11
   13167.000     0.999805        39695      5120.00
   13327.000     0.999829        39696      5851.43
   13447.000     0.999854        39697      6826.67
   14695.000     0.999878        39698      8192.00
   14695.000     0.999890        39698      9102.22
   15383.000     0.999902        39699     10240.00
   15383.000     0.999915        39699     11702.86
   18175.000     0.999927        39700     13653.33
   18175.000     0.999939        39700     16384.00
   18175.000     0.999945        39700     18204.44
   22175.000     0.999951        39701     20480.00
   22175.000     0.999957        39701     23405.71
   22175.000     0.999963        39701     27306.67
   22175.000     0.999969        39701     32768.00
   22175.000     0.999973        39701     36408.89
   22207.000     0.999976        39702     40960.00
   22207.000     1.000000        39702          inf
#[Mean    =      674.696, StdDeviation   =      709.300]
#[Max     =    22192.000, Total count    =        39702]
#[Buckets =           27, SubBuckets     =         2048]
----------------------------------------------------------
  39704 requests in 10.00s, 3.33MB read
Requests/sec:   3969.87
Transfer/sec:    341.16KB

