Command: /tmp/wrk2/wrk http://10.0.0.4:8000/index.html -c 32 -t 1 -R 40000 -d 10 -L -U
Return code: 0
STDOUT:
Running 10s test @ http://10.0.0.4:8000/index.html
  1 threads and 32 connections
  Thread Stats   Avg      Stdev     Max   +/- Stdev
    Latency   1769.09u 7860.53us212736.00   98.68%
    Req/Sec       -nan      -nan   0.00      0.00%
  Latency Distribution (HdrHistogram - Recorded Latency)
 50.000% 1052.00us
 75.000% 1472.00us
 90.000% 2081.00us
 99.000%12895.00us
 99.900%162687.00u
 99.990%206719.00u
 99.999%211967.00u
100.000%212863.00u

  Detailed Percentile spectrum:
       Value   Percentile   TotalCount 1/(1-Percentile)

     184.000     0.000000            1         1.00
     532.000     0.100000        39909         1.11
     674.000     0.200000        79423         1.25
     797.000     0.300000       119119         1.43
     921.000     0.400000       158917         1.67
    1052.000     0.500000       198554         2.00
    1125.000     0.550000       218444         2.22
    1202.000     0.600000       238232         2.50
    1284.000     0.650000       258030         2.86
    1372.000     0.700000       277809         3.33
    1472.000     0.750000       297760         4.00
    1528.000     0.775000       307586         4.44
    1594.000     0.800000       317578         5.00
    1673.000     0.825000       327470         5.71
    1771.000     0.850000       337393         6.67
    1901.000     0.875000       347321         8.00
    1983.000     0.887500       352285         8.89
    2081.000     0.900000       357268        10.00
    2195.000     0.912500       362182        11.43
    2333.000     0.925000       367106        13.33
    2515.000     0.937500       372098        16.00
    2623.000     0.943750       374561        17.78
    2755.000     0.950000       377061        20.00
    2923.000     0.956250       379516        22.86
    3167.000     0.962500       381988        26.67
    3625.000     0.968750       384470        32.00
    3967.000     0.971875       385711        35.56
    4427.000     0.975000       386950        40.00
    5083.000     0.978125       388192        45.71
    6067.000     0.981250       389431        53.33
    7719.000     0.984375       390672        64.00
    8871.000     0.985938       391294        71.11
   10319.000     0.987500       391911        80.00
   11863.000     0.989062       392532        91.43
   13623.000     0.990625       393150       106.67
   15447.000     0.992188       393772       128.00
   16415.000     0.992969       394080       142.22
   17583.000     0.993750       394392       160.00
   18895.000     0.994531       394700       182.86
   20095.000     0.995313       395011       213.33
   21551.000     0.996094       395321       256.00
   25567.000     0.996484       395475       284.44
   41791.000     0.996875       395630       320.00
   66239.000     0.997266       395786       365.71
   87231.000     0.997656       395942       426.67
  109119.000     0.998047       396095       512.00
  121343.000     0.998242       396173       568.89
  132223.000     0.998437       396251       640.00
  141183.000     0.998633       396329       731.43
  153727.000     0.998828       396406       853.33
  163583.000     0.999023       396483      1024.00
  169855.000     0.999121       396522      1137.78
  173567.000     0.999219       396563      1280.00
  176895.000     0.999316       396599      1462.86
  180607.000     0.999414       396638      1706.67
  184703.000     0.999512       396677      2048.00
  187519.000     0.999561       396696      2275.56
  190719.000     0.999609       396715      2560.00
  193279.000     0.999658       396735      2925.71
  195455.000     0.999707       396754      3413.33
  197887.000     0.999756       396774      4096.00
  199295.000     0.999780       396783      4551.11
  200575.000     0.999805       396793      5120.00
  202239.000     0.999829       396803      5851.43
  203775.000     0.999854       396812      6826.67
  205567.000     0.999878       396822      8192.00
  206335.000     0.999890       396828      9102.22
  207103.000     0.999902       396832     10240.00
  207999.000     0.999915       396838     11702.86
  208511.000     0.999927       396841     13653.33
  209151.000     0.999939       396847     16384.00
  209407.000     0.999945       396849     18204.44
  209663.000     0.999951       396851     20480.00
  210175.000     0.999957       396854     23405.71
  210303.000     0.999963       396856     27306.67
  210559.000     0.999969       396858     32768.00
  210687.000     0.999973       396860     36408.89
  210815.000     0.999976       396862     40960.00
  210815.000     0.999979       396862     46811.43
  211327.000     0.999982       396863     54613.33
  211455.000     0.999985       396864     65536.00
  211839.000     0.999986       396865     72817.78
  211967.000     0.999988       396866     81920.00
  211967.000     0.999989       396866     93622.86
  212095.000     0.999991       396867    109226.67
  212095.000     0.999992       396867    131072.00
  212479.000     0.999993       396869    145635.56
  212479.000     0.999994       396869    163840.00
  212479.000     0.999995       396869    187245.71
  212479.000     0.999995       396869    218453.33
  212479.000     0.999996       396869    262144.00
  212479.000     0.999997       396869    291271.11
  212479.000     0.999997       396869    327680.00
  212479.000     0.999997       396869    374491.43
  212863.000     0.999998       396870    436906.67
  212863.000     1.000000       396870          inf
#[Mean    =     1769.091, StdDeviation   =     7860.533]
#[Max     =   212736.000, Total count    =       396870]
#[Buckets =           27, SubBuckets     =         2048]
----------------------------------------------------------

  Latency Distribution (HdrHistogram - Uncorrected Latency (measured without taking delayed starts into account))
 50.000%  494.00us
 75.000%  600.00us
 90.000%  713.00us
 99.000% 1445.00us
 99.900% 4423.00us
 99.990% 9423.00us
 99.999%17839.00us
100.000%208383.00u

  Detailed Percentile spectrum:
       Value   Percentile   TotalCount 1/(1-Percentile)

     165.000     0.000000            3         1.00
     308.000     0.100000        40139         1.11
     365.000     0.200000        79640         1.25
     413.000     0.300000       119808         1.43
     455.000     0.400000       159386         1.67
     494.000     0.500000       198802         2.00
     514.000     0.550000       218703         2.22
     534.000     0.600000       238433         2.50
     555.000     0.650000       258511         2.86
     577.000     0.700000       278549         3.33
     600.000     0.750000       297958         4.00
     613.000     0.775000       307869         4.44
     628.000     0.800000       318105         5.00
     643.000     0.825000       327469         5.71
     662.000     0.850000       337412         6.67
     684.000     0.875000       347263         8.00
     698.000     0.887500       352459         8.89
     713.000     0.900000       357423        10.00
     731.000     0.912500       362386        11.43
     752.000     0.925000       367276        13.33
     779.000     0.937500       372222        16.00
     795.000     0.943750       374599        17.78
     815.000     0.950000       377065        20.00
     840.000     0.956250       379519        22.86
     873.000     0.962500       381989        26.67
     918.000     0.968750       384484        32.00
     947.000     0.971875       385710        35.56
     982.000     0.975000       386968        40.00
    1026.000     0.978125       388206        45.71
    1082.000     0.981250       389445        53.33
    1161.000     0.984375       390682        64.00
    1219.000     0.985938       391291        71.11
    1288.000     0.987500       391910        80.00
    1384.000     0.989062       392532        91.43
    1495.000     0.990625       393151       106.67
    1641.000     0.992188       393774       128.00
    1726.000     0.992969       394081       142.22
    1839.000     0.993750       394391       160.00
    1972.000     0.994531       394700       182.86
    2119.000     0.995313       395010       213.33
    2313.000     0.996094       395321       256.00
    2427.000     0.996484       395476       284.44
    2591.000     0.996875       395631       320.00
    2819.000     0.997266       395786       365.71
    3061.000     0.997656       395941       426.67
    3309.000     0.998047       396097       512.00
    3483.000     0.998242       396173       568.89
    3665.000     0.998437       396250       640.00
    3887.000     0.998633       396329       731.43
    4099.000     0.998828       396405       853.33
    4475.000     0.999023       396483      1024.00
    4711.000     0.999121       396522      1137.78
    4947.000     0.999219       396560      1280.00
    5135.000     0.999316       396599      1462.86
    5363.000     0.999414       396638      1706.67
    5587.000     0.999512       396677      2048.00
    5671.000     0.999561       396696      2275.56
    5767.000     0.999609       396715      2560.00
    5931.000     0.999658       396735      2925.71
    6239.000     0.999707       396754      3413.33
    7087.000     0.999756       396774      4096.00
    7343.000     0.999780       396783      4551.11
    7643.000     0.999805       396793      5120.00
    7815.000     0.999829       396803      5851.43
    8631.000     0.999854       396813      6826.67
    9207.000     0.999878       396822      8192.00
    9383.000     0.999890       396827      9102.22
    9479.000     0.999902       396832     10240.00
    9831.000     0.999915       396837     11702.86
   10615.000     0.999927       396841     13653.33
   11815.000     0.999939       396846     16384.00
   11919.000     0.999945       396849     18204.44
   11951.000     0.999951       396852     20480.00
   12583.000     0.999957       396854     23405.71
   13039.000     0.999963       396856     27306.67
   13151.000     0.999969       396859     32768.00
   13215.000     0.999973       396860     36408.89
   13719.000     0.999976       396861     40960.00
   13743.000     0.999979       396862     46811.43
   13751.000     0.999982       396863     54613.33
   13847.000     0.999985       396864     65536.00
   14967.000     0.999986       396865     72817.78
   17839.000     0.999988       396866     81920.00
   17839.000     0.999989       396866     93622.86
   17855.000     0.999991       396867    109226.67
   17855.000     0.999992       396867    131072.00
   28575.000     0.999993       396868    145635.56
   28575.000     0.999994       396868    163840.00
   28575.000     0.999995       396868    187245.71
  208383.000     0.999995       396870    218453.33
  208383.000     1.000000       396870          inf
#[Mean    =      527.999, StdDeviation   =      562.384]
#[Max     =   208256.000, Total count    =       396870]
#[Buckets =           27, SubBuckets     =         2048]
----------------------------------------------------------
  396876 requests in 10.00s, 33.31MB read
Requests/sec:  39687.55
Transfer/sec:      3.33MB

