Command: /tmp/wrk2/wrk http://10.0.0.4:8000/index.html -c 32 -t 1 -R 6000 -d 10 -L -U
Return code: 0
STDOUT:
Running 10s test @ http://10.0.0.4:8000/index.html
  1 threads and 32 connections
  Thread Stats   Avg      Stdev     Max   +/- Stdev
    Latency   1427.38u  639.04us15680.00u   69.28%
    Req/Sec       -nan      -nan   0.00      0.00%
  Latency Distribution (HdrHistogram - Recorded Latency)
 50.000% 1353.00us
 75.000% 1850.00us
 90.000% 2225.00us
 99.000% 3009.00us
 99.900% 5807.00us
 99.990% 8011.00us
 99.999%10783.00us
100.000%15687.00us

  Detailed Percentile spectrum:
       Value   Percentile   TotalCount 1/(1-Percentile)

     225.000     0.000000            1         1.00
     678.000     0.100000         5959         1.11
     871.000     0.200000        11952         1.25
    1028.000     0.300000        17867         1.43
    1185.000     0.400000        23819         1.67
    1353.000     0.500000        29787         2.00
    1440.000     0.550000        32753         2.22
    1534.000     0.600000        35758         2.50
    1632.000     0.650000        38713         2.86
    1739.000     0.700000        41703         3.33
    1850.000     0.750000        44678         4.00
    1907.000     0.775000        46150         4.44
    1963.000     0.800000        47637         5.00
    2020.000     0.825000        49139         5.71
    2081.000     0.850000        50657         6.67
    2145.000     0.875000        52125         8.00
    2185.000     0.887500        52862         8.89
    2225.000     0.900000        53592        10.00
    2269.000     0.912500        54360        11.43
    2317.000     0.925000        55090        13.33
    2371.000     0.937500        55832        16.00
    2405.000     0.943750        56199        17.78
    2439.000     0.950000        56581        20.00
    2479.000     0.956250        56954        22.86
    2523.000     0.962500        57316        26.67
    2575.000     0.968750        57684        32.00
    2607.000     0.971875        57877        35.56
    2641.000     0.975000        58066        40.00
    2679.000     0.978125        58246        45.71
    2723.000     0.981250        58431        53.33
    2789.000     0.984375        58615        64.00
    2837.000     0.985938        58712        71.11
    2887.000     0.987500        58801        80.00
    2965.000     0.989062        58893        91.43
    3041.000     0.990625        58987       106.67
    3169.000     0.992188        59082       128.00
    3233.000     0.992969        59127       142.22
    3335.000     0.993750        59172       160.00
    3485.000     0.994531        59219       182.86
    3681.000     0.995313        59265       213.33
    3893.000     0.996094        59312       256.00
    4035.000     0.996484        59335       284.44
    4215.000     0.996875        59358       320.00
    4383.000     0.997266        59383       365.71
    4575.000     0.997656        59405       426.67
    4803.000     0.998047        59428       512.00
    4955.000     0.998242        59440       568.89
    5099.000     0.998437        59452       640.00
    5387.000     0.998633        59463       731.43
    5671.000     0.998828        59475       853.33
    5827.000     0.999023        59487      1024.00
    5915.000     0.999121        59492      1137.78
    6039.000     0.999219        59498      1280.00
    6367.000     0.999316        59504      1462.86
    6619.000     0.999414        59510      1706.67
    6899.000     0.999512        59515      2048.00
    6979.000     0.999561        59518      2275.56
    7035.000     0.999609        59521      2560.00
    7139.000     0.999658        59524      2925.71
    7355.000     0.999707        59528      3413.33
    7411.000     0.999756        59530      4096.00
    7451.000     0.999780        59531      4551.11
    7519.000     0.999805        59533      5120.00
    7631.000     0.999829        59534      5851.43
    7855.000     0.999854        59536      6826.67
    7963.000     0.999878        59537      8192.00
    8011.000     0.999890        59538      9102.22
    8035.000     0.999902        59539     10240.00
    8035.000     0.999915        59539     11702.86
    8123.000     0.999927        59540     13653.33
    8143.000     0.999939        59541     16384.00
    8143.000     0.999945        59541     18204.44
    8343.000     0.999951        59542     20480.00
    8343.000     0.999957        59542     23405.71
    8343.000     0.999963        59542     27306.67
   10783.000     0.999969        59543     32768.00
   10783.000     0.999973        59543     36408.89
   10783.000     0.999976        59543     40960.00
   10783.000     0.999979        59543     46811.43
   10783.000     0.999982        59543     54613.33
   15687.000     0.999985        59544     65536.00
   15687.000     1.000000        59544          inf
#[Mean    =     1427.380, StdDeviation   =      639.038]
#[Max     =    15680.000, Total count    =        59544]
#[Buckets =           27, SubBuckets     =         2048]
----------------------------------------------------------

  Latency Distribution (HdrHistogram - Uncorrected Latency (measured without taking delayed starts into account))
 50.000%  607.00us
 75.000%  749.00us
 90.000%  897.00us
 99.000% 1946.00us
 99.900% 4911.00us
 99.990% 6859.00us
 99.999% 7427.00us
100.000%15575.00us

  Detailed Percentile spectrum:
       Value   Percentile   TotalCount 1/(1-Percentile)

     196.000     0.000000            1         1.00
     343.000     0.100000         6067         1.11
     393.000     0.200000        11973         1.25
     465.000     0.300000        17894         1.43
     547.000     0.400000        23876         1.67
     607.000     0.500000        29882         2.00
     634.000     0.550000        32848         2.22
     660.000     0.600000        35786         2.50
     687.000     0.650000        38782         2.86
     716.000     0.700000        41729         3.33
     749.000     0.750000        44718         4.00
     766.000     0.775000        46148         4.44
     786.000     0.800000        47679         5.00
     806.000     0.825000        49127         5.71
     832.000     0.850000        50643         6.67
     862.000     0.875000        52132         8.00
     878.000     0.887500        52851         8.89
     897.000     0.900000        53591        10.00
     920.000     0.912500        54354        11.43
     945.000     0.925000        55086        13.33
     979.000     0.937500        55823        16.00
    1004.000     0.943750        56206        17.78
    1033.000     0.950000        56567        20.00
    1069.000     0.956250        56942        22.86
    1121.000     0.962500        57312        26.67
    1198.000     0.968750        57685        32.00
    1248.000     0.971875        57871        35.56
    1308.000     0.975000        58057        40.00
    1380.000     0.978125        58243        45.71
    1461.000     0.981250        58428        53.33
    1581.000     0.984375        58614        64.00
    1659.000     0.985938        58708        71.11
    1765.000     0.987500        58800        80.00
    1872.000     0.989062        58894        91.43
    1993.000     0.990625        58986       106.67
    2189.000     0.992188        59079       128.00
    2293.000     0.992969        59126       142.22
    2413.000     0.993750        59172       160.00
    2575.000     0.994531        59220       182.86
    2813.000     0.995313        59265       213.33
    3065.000     0.996094        59312       256.00
    3155.000     0.996484        59335       284.44
    3311.000     0.996875        59358       320.00
    3445.000     0.997266        59382       365.71
    3655.000     0.997656        59405       426.67
    3825.000     0.998047        59428       512.00
    4009.000     0.998242        59440       568.89
    4239.000     0.998437        59451       640.00
    4523.000     0.998633        59463       731.43
    4787.000     0.998828        59475       853.33
    4955.000     0.999023        59486      1024.00
    5075.000     0.999121        59493      1137.78
    5199.000     0.999219        59498      1280.00
    5411.000     0.999316        59504      1462.86
    5483.000     0.999414        59510      1706.67
    5615.000     0.999512        59515      2048.00
    5755.000     0.999561        59518      2275.56
    5879.000     0.999609        59521      2560.00
    6139.000     0.999658        59524      2925.71
    6283.000     0.999707        59527      3413.33
    6407.000     0.999756        59530      4096.00
    6463.000     0.999780        59531      4551.11
    6523.000     0.999805        59533      5120.00
    6567.000     0.999829        59534      5851.43
    6723.000     0.999854        59536      6826.67
    6827.000     0.999878        59537      8192.00
    6859.000     0.999890        59538      9102.22
    6879.000     0.999902        59539     10240.00
    6879.000     0.999915        59539     11702.86
    7263.000     0.999927        59540     13653.33
    7383.000     0.999939        59541     16384.00
    7383.000     0.999945        59541     18204.44
    7387.000     0.999951        59542     20480.00
    7387.000     0.999957        59542     23405.71
    7387.000     0.999963        59542     27306.67
    7427.000     0.999969        59543     32768.00
    7427.000     0.999973        59543     36408.89
    7427.000     0.999976        59543     40960.00
    7427.000     0.999979        59543     46811.43
    7427.000     0.999982        59543     54613.33
   15575.000     0.999985        59544     65536.00
   15575.000     1.000000        59544          inf
#[Mean    =      639.614, StdDeviation   =      364.412]
#[Max     =    15568.000, Total count    =        59544]
#[Buckets =           27, SubBuckets     =         2048]
----------------------------------------------------------
  59546 requests in 10.00s, 5.00MB read
Requests/sec:   5953.74
Transfer/sec:    511.65KB

