Command: /tmp/wrk2/wrk http://10.0.0.4:8000/index.html -c 32 -t 1 -R 3000 -d 10 -L -U
Return code: 0
STDOUT:
Running 10s test @ http://10.0.0.4:8000/index.html
  1 threads and 32 connections
  Thread Stats   Avg      Stdev     Max   +/- Stdev
    Latency   1918.37u 1260.49us19376.00u   93.46%
    Req/Sec       -nan      -nan   0.00      0.00%
  Latency Distribution (HdrHistogram - Recorded Latency)
 50.000% 1633.00us
 75.000% 1974.00us
 90.000% 2513.00us
 99.000% 8151.00us
 99.900%11623.00us
 99.990%16959.00us
 99.999%19391.00us
100.000%19391.00us

  Detailed Percentile spectrum:
       Value   Percentile   TotalCount 1/(1-Percentile)

     531.000     0.000000            1         1.00
    1150.000     0.100000         2702         1.11
    1301.000     0.200000         5402         1.25
    1419.000     0.300000         8106         1.43
    1526.000     0.400000        10806         1.67
    1633.000     0.500000        13513         2.00
    1689.000     0.550000        14864         2.22
    1750.000     0.600000        16213         2.50
    1813.000     0.650000        17556         2.86
    1888.000     0.700000        18920         3.33
    1974.000     0.750000        20268         4.00
    2024.000     0.775000        20934         4.44
    2083.000     0.800000        21612         5.00
    2149.000     0.825000        22284         5.71
    2229.000     0.850000        22965         6.67
    2351.000     0.875000        23639         8.00
    2421.000     0.887500        23970         8.89
    2513.000     0.900000        24310        10.00
    2651.000     0.912500        24649        11.43
    2837.000     0.925000        24986        13.33
    3275.000     0.937500        25320        16.00
    3617.000     0.943750        25490        17.78
    4029.000     0.950000        25659        20.00
    4487.000     0.956250        25827        22.86
    4931.000     0.962500        25996        26.67
    5551.000     0.968750        26166        32.00
    5859.000     0.971875        26249        35.56
    6211.000     0.975000        26334        40.00
    6495.000     0.978125        26420        45.71
    6975.000     0.981250        26502        53.33
    7387.000     0.984375        26587        64.00
    7619.000     0.985938        26629        71.11
    7815.000     0.987500        26671        80.00
    8011.000     0.989062        26713        91.43
    8287.000     0.990625        26756       106.67
    8671.000     0.992188        26797       128.00
    8847.000     0.992969        26819       142.22
    9135.000     0.993750        26840       160.00
    9303.000     0.994531        26861       182.86
    9495.000     0.995313        26882       213.33
    9823.000     0.996094        26903       256.00
   10007.000     0.996484        26915       284.44
   10119.000     0.996875        26924       320.00
   10223.000     0.997266        26937       365.71
   10319.000     0.997656        26945       426.67
   10583.000     0.998047        26956       512.00
   10679.000     0.998242        26961       568.89
   10871.000     0.998437        26966       640.00
   11095.000     0.998633        26973       731.43
   11295.000     0.998828        26977       853.33
   11679.000     0.999023        26982      1024.00
   11927.000     0.999121        26985      1137.78
   12039.000     0.999219        26987      1280.00
   12151.000     0.999316        26990      1462.86
   12327.000     0.999414        26993      1706.67
   12575.000     0.999512        26995      2048.00
   12623.000     0.999561        26997      2275.56
   12655.000     0.999609        26998      2560.00
   12671.000     0.999658        26999      2925.71
   12815.000     0.999707        27001      3413.33
   13751.000     0.999756        27002      4096.00
   14383.000     0.999780        27003      4551.11
   14383.000     0.999805        27003      5120.00
   15127.000     0.999829        27004      5851.43
   16959.000     0.999854        27005      6826.67
   16959.000     0.999878        27005      8192.00
   17391.000     0.999890        27006      9102.22
   17391.000     0.999902        27006     10240.00
   17391.000     0.999915        27006     11702.86
   18991.000     0.999927        27007     13653.33
   18991.000     0.999939        27007     16384.00
   18991.000     0.999945        27007     18204.44
   18991.000     0.999951        27007     20480.00
   18991.000     0.999957        27007     23405.71
   19391.000     0.999963        27008     27306.67
   19391.000     1.000000        27008          inf
#[Mean    =     1918.373, StdDeviation   =     1260.490]
#[Max     =    19376.000, Total count    =        27008]
#[Buckets =           27, SubBuckets     =         2048]
----------------------------------------------------------

  Latency Distribution (HdrHistogram - Uncorrected Latency (measured without taking delayed starts into account))
 50.000%  921.00us
 75.000% 1102.00us
 90.000% 1481.00us
 99.000% 7439.00us
 99.900%10623.00us
 99.990%16007.00us
 99.999%18847.00us
100.000%18847.00us

  Detailed Percentile spectrum:
       Value   Percentile   TotalCount 1/(1-Percentile)

     224.000     0.000000            1         1.00
     521.000     0.100000         2708         1.11
     670.000     0.200000         5403         1.25
     775.000     0.300000         8125         1.43
     852.000     0.400000        10836         1.67
     921.000     0.500000        13507         2.00
     952.000     0.550000        14860         2.22
     985.000     0.600000        16218         2.50
    1019.000     0.650000        17590         2.86
    1057.000     0.700000        18916         3.33
    1102.000     0.750000        20267         4.00
    1127.000     0.775000        20948         4.44
    1156.000     0.800000        21622         5.00
    1190.000     0.825000        22285         5.71
    1238.000     0.850000        22962         6.67
    1317.000     0.875000        23635         8.00
    1381.000     0.887500        23973         8.89
    1481.000     0.900000        24309        10.00
    1706.000     0.912500        24645        11.43
    2004.000     0.925000        24983        13.33
    2479.000     0.937500        25320        16.00
    2813.000     0.943750        25490        17.78
    3225.000     0.950000        25658        20.00
    3699.000     0.956250        25827        22.86
    4107.000     0.962500        25998        26.67
    4743.000     0.968750        26164        32.00
    5079.000     0.971875        26250        35.56
    5391.000     0.975000        26334        40.00
    5739.000     0.978125        26419        45.71
    6103.000     0.981250        26502        53.33
    6635.000     0.984375        26586        64.00
    6835.000     0.985938        26630        71.11
    7023.000     0.987500        26671        80.00
    7335.000     0.989062        26713        91.43
    7519.000     0.990625        26755       106.67
    7871.000     0.992188        26797       128.00
    8047.000     0.992969        26819       142.22
    8279.000     0.993750        26840       160.00
    8519.000     0.994531        26861       182.86
    8855.000     0.995313        26883       213.33
    9143.000     0.996094        26903       256.00
    9215.000     0.996484        26915       284.44
    9359.000     0.996875        26924       320.00
    9567.000     0.997266        26935       365.71
    9687.000     0.997656        26945       426.67
    9895.000     0.998047        26956       512.00
    9975.000     0.998242        26961       568.89
   10127.000     0.998437        26967       640.00
   10159.000     0.998633        26972       731.43
   10391.000     0.998828        26977       853.33
   10823.000     0.999023        26982      1024.00
   10935.000     0.999121        26985      1137.78
   10943.000     0.999219        26987      1280.00
   11375.000     0.999316        26990      1462.86
   11519.000     0.999414        26993      1706.67
   11679.000     0.999512        26995      2048.00
   12215.000     0.999561        26997      2275.56
   12279.000     0.999609        26998      2560.00
   12303.000     0.999658        26999      2925.71
   12415.000     0.999707        27001      3413.33
   12855.000     0.999756        27002      4096.00
   13527.000     0.999780        27003      4551.11
   13527.000     0.999805        27003      5120.00
   14663.000     0.999829        27004      5851.43
   16007.000     0.999854        27005      6826.67
   16007.000     0.999878        27005      8192.00
   16031.000     0.999890        27006      9102.22
   16031.000     0.999902        27006     10240.00
   16031.000     0.999915        27006     11702.86
   18767.000     0.999927        27007     13653.33
   18767.000     0.999939        27007     16384.00
   18767.000     0.999945        27007     18204.44
   18767.000     0.999951        27007     20480.00
   18767.000     0.999957        27007     23405.71
   18847.000     0.999963        27008     27306.67
   18847.000     1.000000        27008          inf
#[Mean    =     1174.966, StdDeviation   =     1219.564]
#[Max     =    18832.000, Total count    =        27008]
#[Buckets =           27, SubBuckets     =         2048]
----------------------------------------------------------
  27011 requests in 10.00s, 2.27MB read
Requests/sec:   2699.92
Transfer/sec:    232.02KB

