Command: /tmp/wrk2/wrk http://10.0.0.4:8000/index.html -c 32 -t 1 -R 7000 -d 10 -L -U
Return code: 0
STDOUT:
Running 10s test @ http://10.0.0.4:8000/index.html
  1 threads and 32 connections
  Thread Stats   Avg      Stdev     Max   +/- Stdev
    Latency   1479.31u  875.52us22208.00u   85.35%
    Req/Sec       -nan      -nan   0.00      0.00%
  Latency Distribution (HdrHistogram - Recorded Latency)
 50.000% 1366.00us
 75.000% 1868.00us
 90.000% 2267.00us
 99.000% 4243.00us
 99.900%11415.00us
 99.990%15639.00us
 99.999%20815.00us
100.000%22223.00us

  Detailed Percentile spectrum:
       Value   Percentile   TotalCount 1/(1-Percentile)

     236.000     0.000000            1         1.00
     675.000     0.100000         6958         1.11
     864.000     0.200000        13920         1.25
    1030.000     0.300000        20878         1.43
    1195.000     0.400000        27790         1.67
    1366.000     0.500000        34756         2.00
    1454.000     0.550000        38228         2.22
    1551.000     0.600000        41685         2.50
    1653.000     0.650000        45159         2.86
    1758.000     0.700000        48661         3.33
    1868.000     0.750000        52098         4.00
    1925.000     0.775000        53859         4.44
    1984.000     0.800000        55586         5.00
    2046.000     0.825000        57333         5.71
    2111.000     0.850000        59065         6.67
    2183.000     0.875000        60833         8.00
    2223.000     0.887500        61676         8.89
    2267.000     0.900000        62549        10.00
    2313.000     0.912500        63405        11.43
    2373.000     0.925000        64269        13.33
    2435.000     0.937500        65145        16.00
    2469.000     0.943750        65575        17.78
    2511.000     0.950000        65998        20.00
    2559.000     0.956250        66427        22.86
    2619.000     0.962500        66868        26.67
    2693.000     0.968750        67297        32.00
    2741.000     0.971875        67510        35.56
    2799.000     0.975000        67728        40.00
    2885.000     0.978125        67942        45.71
    3027.000     0.981250        68158        53.33
    3271.000     0.984375        68378        64.00
    3491.000     0.985938        68484        71.11
    3747.000     0.987500        68592        80.00
    4029.000     0.989062        68701        91.43
    4443.000     0.990625        68810       106.67
    4887.000     0.992188        68918       128.00
    5155.000     0.992969        68972       142.22
    5463.000     0.993750        69026       160.00
    5835.000     0.994531        69081       182.86
    6343.000     0.995313        69135       213.33
    6923.000     0.996094        69189       256.00
    7379.000     0.996484        69216       284.44
    7675.000     0.996875        69243       320.00
    8163.000     0.997266        69271       365.71
    8687.000     0.997656        69298       426.67
    9335.000     0.998047        69325       512.00
    9679.000     0.998242        69338       568.89
   10055.000     0.998437        69352       640.00
   10559.000     0.998633        69366       731.43
   10951.000     0.998828        69379       853.33
   11495.000     0.999023        69393      1024.00
   11847.000     0.999121        69399      1137.78
   12047.000     0.999219        69406      1280.00
   12207.000     0.999316        69413      1462.86
   12551.000     0.999414        69420      1706.67
   12839.000     0.999512        69427      2048.00
   13071.000     0.999561        69430      2275.56
   13191.000     0.999609        69433      2560.00
   13255.000     0.999658        69437      2925.71
   13471.000     0.999707        69440      3413.33
   14087.000     0.999756        69444      4096.00
   14143.000     0.999780        69445      4551.11
   14271.000     0.999805        69447      5120.00
   14711.000     0.999829        69449      5851.43
   15031.000     0.999854        69450      6826.67
   15447.000     0.999878        69452      8192.00
   15639.000     0.999890        69453      9102.22
   16111.000     0.999902        69454     10240.00
   16463.000     0.999915        69455     11702.86
   16463.000     0.999927        69455     13653.33
   16495.000     0.999939        69456     16384.00
   16703.000     0.999945        69457     18204.44
   16703.000     0.999951        69457     20480.00
   17087.000     0.999957        69458     23405.71
   17087.000     0.999963        69458     27306.67
   17087.000     0.999969        69458     32768.00
   20815.000     0.999973        69459     36408.89
   20815.000     0.999976        69459     40960.00
   20815.000     0.999979        69459     46811.43
   20815.000     0.999982        69459     54613.33
   20815.000     0.999985        69459     65536.00
   22223.000     0.999986        69460     72817.78
   22223.000     1.000000        69460          inf
#[Mean    =     1479.310, StdDeviation   =      875.521]
#[Max     =    22208.000, Total count    =        69460]
#[Buckets =           27, SubBuckets     =         2048]
----------------------------------------------------------

  Latency Distribution (HdrHistogram - Uncorrected Latency (measured without taking delayed starts into account))
 50.000%  604.00us
 75.000%  757.00us
 90.000%  913.00us
 99.000% 2961.00us
 99.900% 8327.00us
 99.990%10679.00us
 99.999%15119.00us
100.000%21455.00us

  Detailed Percentile spectrum:
       Value   Percentile   TotalCount 1/(1-Percentile)

     197.000     0.000000            1         1.00
     347.000     0.100000         7049         1.11
     396.000     0.200000        13962         1.25
     457.000     0.300000        20865         1.43
     538.000     0.400000        27859         1.67
     604.000     0.500000        34780         2.00
     634.000     0.550000        38247         2.22
     664.000     0.600000        41785         2.50
     693.000     0.650000        45187         2.86
     724.000     0.700000        48633         3.33
     757.000     0.750000        52133         4.00
     776.000     0.775000        53905         4.44
     795.000     0.800000        55606         5.00
     817.000     0.825000        57330         5.71
     842.000     0.850000        59076         6.67
     873.000     0.875000        60797         8.00
     891.000     0.887500        61673         8.89
     913.000     0.900000        62545        10.00
     938.000     0.912500        63399        11.43
     969.000     0.925000        64266        13.33
    1009.000     0.937500        65126        16.00
    1036.000     0.943750        65556        17.78
    1070.000     0.950000        65991        20.00
    1116.000     0.956250        66426        22.86
    1183.000     0.962500        66857        26.67
    1299.000     0.968750        67292        32.00
    1387.000     0.971875        67507        35.56
    1501.000     0.975000        67724        40.00
    1665.000     0.978125        67943        45.71
    1849.000     0.981250        68158        53.33
    2121.000     0.984375        68375        64.00
    2279.000     0.985938        68484        71.11
    2521.000     0.987500        68596        80.00
    2785.000     0.989062        68701        91.43
    3081.000     0.990625        68809       106.67
    3519.000     0.992188        68918       128.00
    3753.000     0.992969        68972       142.22
    3925.000     0.993750        69026       160.00
    4279.000     0.994531        69082       182.86
    4535.000     0.995313        69136       213.33
    4907.000     0.996094        69189       256.00
    5215.000     0.996484        69216       284.44
    5459.000     0.996875        69245       320.00
    5615.000     0.997266        69271       365.71
    5739.000     0.997656        69298       426.67
    5931.000     0.998047        69325       512.00
    6151.000     0.998242        69338       568.89
    6479.000     0.998437        69352       640.00
    6863.000     0.998633        69366       731.43
    7947.000     0.998828        69380       853.33
    8431.000     0.999023        69393      1024.00
    8727.000     0.999121        69399      1137.78
    9055.000     0.999219        69406      1280.00
    9127.000     0.999316        69413      1462.86
    9207.000     0.999414        69422      1706.67
    9271.000     0.999512        69427      2048.00
    9423.000     0.999561        69430      2275.56
    9639.000     0.999609        69433      2560.00
    9943.000     0.999658        69438      2925.71
    9959.000     0.999707        69440      3413.33
    9991.000     0.999756        69444      4096.00
    9999.000     0.999780        69445      4551.11
   10375.000     0.999805        69447      5120.00
   10503.000     0.999829        69449      5851.43
   10527.000     0.999854        69450      6826.67
   10559.000     0.999878        69452      8192.00
   10679.000     0.999890        69453      9102.22
   11567.000     0.999902        69454     10240.00
   11607.000     0.999915        69455     11702.86
   11607.000     0.999927        69455     13653.33
   12751.000     0.999939        69456     16384.00
   14391.000     0.999945        69458     18204.44
   14391.000     0.999951        69458     20480.00
   14391.000     0.999957        69458     23405.71
   14391.000     0.999963        69458     27306.67
   14391.000     0.999969        69458     32768.00
   15119.000     0.999973        69459     36408.89
   15119.000     0.999976        69459     40960.00
   15119.000     0.999979        69459     46811.43
   15119.000     0.999982        69459     54613.33
   15119.000     0.999985        69459     65536.00
   21455.000     0.999986        69460     72817.78
   21455.000     1.000000        69460          inf
#[Mean    =      670.985, StdDeviation   =      559.487]
#[Max     =    21440.000, Total count    =        69460]
#[Buckets =           27, SubBuckets     =         2048]
----------------------------------------------------------
  69462 requests in 10.00s, 5.83MB read
Requests/sec:   6945.16
Transfer/sec:    596.85KB

