Command: /tmp/wrk2/wrk http://10.0.0.4:8000/index.html -c 32 -t 1 -R 1000 -d 10 -L -U
Return code: 0
STDOUT:
Running 10s test @ http://10.0.0.4:8000/index.html
  1 threads and 32 connections
  Thread Stats   Avg      Stdev     Max   +/- Stdev
    Latency   1461.33u  767.70us22592.00u   82.53%
    Req/Sec       -nan      -nan   0.00      0.00%
  Latency Distribution (HdrHistogram - Recorded Latency)
 50.000% 1366.00us
 75.000% 1797.00us
 90.000% 2207.00us
 99.000% 3547.00us
 99.900% 8719.00us
 99.990%18143.00us
 99.999%22607.00us
100.000%22607.00us

  Detailed Percentile spectrum:
       Value   Percentile   TotalCount 1/(1-Percentile)

     298.000     0.000000            1         1.00
     729.000     0.100000          996         1.11
     923.000     0.200000         1993         1.25
    1064.000     0.300000         2982         1.43
    1213.000     0.400000         3976         1.67
    1366.000     0.500000         4972         2.00
    1448.000     0.550000         5469         2.22
    1527.000     0.600000         5963         2.50
    1612.000     0.650000         6461         2.86
    1696.000     0.700000         6958         3.33
    1797.000     0.750000         7457         4.00
    1855.000     0.775000         7705         4.44
    1916.000     0.800000         7953         5.00
    1980.000     0.825000         8204         5.71
    2039.000     0.850000         8449         6.67
    2111.000     0.875000         8698         8.00
    2159.000     0.887500         8826         8.89
    2207.000     0.900000         8949        10.00
    2255.000     0.912500         9070        11.43
    2313.000     0.925000         9195        13.33
    2377.000     0.937500         9317        16.00
    2417.000     0.943750         9383        17.78
    2461.000     0.950000         9442        20.00
    2513.000     0.956250         9504        22.86
    2565.000     0.962500         9566        26.67
    2647.000     0.968750         9628        32.00
    2683.000     0.971875         9659        35.56
    2739.000     0.975000         9690        40.00
    2805.000     0.978125         9722        45.71
    2893.000     0.981250         9752        53.33
    3041.000     0.984375         9783        64.00
    3155.000     0.985938         9799        71.11
    3331.000     0.987500         9814        80.00
    3459.000     0.989062         9830        91.43
    3649.000     0.990625         9845       106.67
    3991.000     0.992188         9861       128.00
    4279.000     0.992969         9869       142.22
    4619.000     0.993750         9876       160.00
    5007.000     0.994531         9884       182.86
    5563.000     0.995313         9892       213.33
    5839.000     0.996094         9900       256.00
    6175.000     0.996484         9904       284.44
    6439.000     0.996875         9907       320.00
    6783.000     0.997266         9911       365.71
    7015.000     0.997656         9915       426.67
    7343.000     0.998047         9919       512.00
    7555.000     0.998242         9921       568.89
    7971.000     0.998437         9923       640.00
    8095.000     0.998633         9925       731.43
    8575.000     0.998828         9927       853.33
    8951.000     0.999023         9929      1024.00
    9127.000     0.999121         9930      1137.78
    9143.000     0.999219         9931      1280.00
    9447.000     0.999316         9932      1462.86
    9463.000     0.999414         9933      1706.67
    9887.000     0.999512         9934      2048.00
    9887.000     0.999561         9934      2275.56
   10071.000     0.999609         9935      2560.00
   10071.000     0.999658         9935      2925.71
   13479.000     0.999707         9936      3413.33
   13479.000     0.999756         9936      4096.00
   13479.000     0.999780         9936      4551.11
   18143.000     0.999805         9937      5120.00
   18143.000     0.999829         9937      5851.43
   18143.000     0.999854         9937      6826.67
   18143.000     0.999878         9937      8192.00
   18143.000     0.999890         9937      9102.22
   22607.000     0.999902         9938     10240.00
   22607.000     1.000000         9938          inf
#[Mean    =     1461.329, StdDeviation   =      767.698]
#[Max     =    22592.000, Total count    =         9938]
#[Buckets =           27, SubBuckets     =         2048]
----------------------------------------------------------

  Latency Distribution (HdrHistogram - Uncorrected Latency (measured without taking delayed starts into account))
 50.000%  624.00us
 75.000%  756.00us
 90.000%  915.00us
 99.000% 2709.00us
 99.900% 7847.00us
 99.990%16543.00us
 99.999%22479.00us
100.000%22479.00us

  Detailed Percentile spectrum:
       Value   Percentile   TotalCount 1/(1-Percentile)

     263.000     0.000000            1         1.00
     427.000     0.100000         1001         1.11
     488.000     0.200000         1999         1.25
     537.000     0.300000         2991         1.43
     581.000     0.400000         3990         1.67
     624.000     0.500000         4990         2.00
     647.000     0.550000         5476         2.22
     670.000     0.600000         5965         2.50
     696.000     0.650000         6470         2.86
     725.000     0.700000         6965         3.33
     756.000     0.750000         7464         4.00
     773.000     0.775000         7709         4.44
     794.000     0.800000         7955         5.00
     818.000     0.825000         8211         5.71
     844.000     0.850000         8450         6.67
     875.000     0.875000         8696         8.00
     893.000     0.887500         8823         8.89
     915.000     0.900000         8953        10.00
     943.000     0.912500         9073        11.43
     984.000     0.925000         9196        13.33
    1051.000     0.937500         9318        16.00
    1104.000     0.943750         9379        17.78
    1150.000     0.950000         9442        20.00
    1230.000     0.956250         9504        22.86
    1324.000     0.962500         9566        26.67
    1458.000     0.968750         9628        32.00
    1563.000     0.971875         9660        35.56
    1637.000     0.975000         9690        40.00
    1761.000     0.978125         9722        45.71
    1881.000     0.981250         9752        53.33
    2161.000     0.984375         9783        64.00
    2267.000     0.985938         9799        71.11
    2423.000     0.987500         9814        80.00
    2601.000     0.989062         9831        91.43
    2801.000     0.990625         9845       106.67
    3271.000     0.992188         9861       128.00
    3535.000     0.992969         9869       142.22
    3845.000     0.993750         9876       160.00
    4131.000     0.994531         9884       182.86
    4423.000     0.995313         9892       213.33
    5087.000     0.996094         9900       256.00
    5355.000     0.996484         9904       284.44
    5391.000     0.996875         9907       320.00
    5843.000     0.997266         9911       365.71
    6299.000     0.997656         9915       426.67
    6511.000     0.998047         9919       512.00
    6575.000     0.998242         9921       568.89
    7491.000     0.998437         9923       640.00
    7623.000     0.998633         9925       731.43
    7847.000     0.998828         9928       853.33
    8023.000     0.999023         9929      1024.00
    8087.000     0.999121         9930      1137.78
    8495.000     0.999219         9931      1280.00
    8623.000     0.999316         9932      1462.86
    8743.000     0.999414         9933      1706.67
    8775.000     0.999512         9934      2048.00
    8775.000     0.999561         9934      2275.56
    9655.000     0.999609         9935      2560.00
    9655.000     0.999658         9935      2925.71
   12287.000     0.999707         9936      3413.33
   12287.000     0.999756         9936      4096.00
   12287.000     0.999780         9936      4551.11
   16543.000     0.999805         9937      5120.00
   16543.000     0.999829         9937      5851.43
   16543.000     0.999854         9937      6826.67
   16543.000     0.999878         9937      8192.00
   16543.000     0.999890         9937      9102.22
   22479.000     0.999902         9938     10240.00
   22479.000     1.000000         9938          inf
#[Mean    =      711.877, StdDeviation   =      589.923]
#[Max     =    22464.000, Total count    =         9938]
#[Buckets =           27, SubBuckets     =         2048]
----------------------------------------------------------
  9939 requests in 10.00s, 854.13KB read
Requests/sec:    993.74
Transfer/sec:     85.40KB

