Command: /tmp/wrk2/wrk http://10.0.0.4:8000/index.html -c 32 -t 1 -R 20000 -d 10 -L -U
Return code: 0
STDOUT:
Running 10s test @ http://10.0.0.4:8000/index.html
  1 threads and 32 connections
  Thread Stats   Avg      Stdev     Max   +/- Stdev
    Latency   1572.37u 1156.70us34944.00u   91.95%
    Req/Sec       -nan      -nan   0.00      0.00%
  Latency Distribution (HdrHistogram - Recorded Latency)
 50.000% 1443.00us
 75.000% 1963.00us
 90.000% 2457.00us
 99.000% 4547.00us
 99.900%17519.00us
 99.990%27119.00us
 99.999%33919.00us
100.000%34975.00us

  Detailed Percentile spectrum:
       Value   Percentile   TotalCount 1/(1-Percentile)

     183.000     0.000000            1         1.00
     631.000     0.100000        18038         1.11
     869.000     0.200000        36041         1.25
    1081.000     0.300000        54047         1.43
    1268.000     0.400000        72032         1.67
    1443.000     0.500000        89993         2.00
    1533.000     0.550000        99064         2.22
    1626.000     0.600000       108043         2.50
    1728.000     0.650000       116973         2.86
    1838.000     0.700000       125979         3.33
    1963.000     0.750000       135016         4.00
    2032.000     0.775000       139521         4.44
    2105.000     0.800000       143962         5.00
    2181.000     0.825000       148530         5.71
    2263.000     0.850000       153012         6.67
    2353.000     0.875000       157465         8.00
    2403.000     0.887500       159732         8.89
    2457.000     0.900000       161994        10.00
    2517.000     0.912500       164220        11.43
    2585.000     0.925000       166479        13.33
    2667.000     0.937500       168731        16.00
    2715.000     0.943750       169838        17.78
    2769.000     0.950000       170979        20.00
    2827.000     0.956250       172066        22.86
    2901.000     0.962500       173210        26.67
    2993.000     0.968750       174341        32.00
    3045.000     0.971875       174877        35.56
    3109.000     0.975000       175439        40.00
    3193.000     0.978125       176010        45.71
    3311.000     0.981250       176565        53.33
    3519.000     0.984375       177127        64.00
    3705.000     0.985938       177408        71.11
    3989.000     0.987500       177692        80.00
    4323.000     0.989062       177969        91.43
    4723.000     0.990625       178253       106.67
    5303.000     0.992188       178532       128.00
    5687.000     0.992969       178672       142.22
    6063.000     0.993750       178813       160.00
    6523.000     0.994531       178953       182.86
    7315.000     0.995313       179095       213.33
    8367.000     0.996094       179235       256.00
    9311.000     0.996484       179305       284.44
   10423.000     0.996875       179376       320.00
   11519.000     0.997266       179446       365.71
   12823.000     0.997656       179516       426.67
   13815.000     0.998047       179586       512.00
   14511.000     0.998242       179621       568.89
   15319.000     0.998437       179658       640.00
   16047.000     0.998633       179691       731.43
   16751.000     0.998828       179727       853.33
   17599.000     0.999023       179762      1024.00
   17807.000     0.999121       179779      1137.78
   18127.000     0.999219       179799      1280.00
   18431.000     0.999316       179814      1462.86
   18735.000     0.999414       179832      1706.67
   19119.000     0.999512       179850      2048.00
   19423.000     0.999561       179858      2275.56
   19599.000     0.999609       179868      2560.00
   19695.000     0.999658       179877      2925.71
   19967.000     0.999707       179886      3413.33
   20607.000     0.999756       179894      4096.00
   20943.000     0.999780       179898      4551.11
   21503.000     0.999805       179902      5120.00
   22239.000     0.999829       179907      5851.43
   23407.000     0.999854       179911      6826.67
   25151.000     0.999878       179916      8192.00
   25759.000     0.999890       179918      9102.22
   28495.000     0.999902       179920     10240.00
   29439.000     0.999915       179922     11702.86
   29743.000     0.999927       179924     13653.33
   30863.000     0.999939       179927     16384.00
   31231.000     0.999945       179928     18204.44
   31375.000     0.999951       179929     20480.00
   32095.000     0.999957       179930     23405.71
   32111.000     0.999963       179931     27306.67
   32703.000     0.999969       179932     32768.00
   33055.000     0.999973       179933     36408.89
   33055.000     0.999976       179933     40960.00
   33375.000     0.999979       179934     46811.43
   33375.000     0.999982       179934     54613.33
   33919.000     0.999985       179935     65536.00
   33919.000     0.999986       179935     72817.78
   33919.000     0.999988       179935     81920.00
   34175.000     0.999989       179936     93622.86
   34175.000     0.999991       179936    109226.67
   34175.000     0.999992       179936    131072.00
   34175.000     0.999993       179936    145635.56
   34175.000     0.999994       179936    163840.00
   34975.000     0.999995       179937    187245.71
   34975.000     1.000000       179937          inf
#[Mean    =     1572.372, StdDeviation   =     1156.698]
#[Max     =    34944.000, Total count    =       179937]
#[Buckets =           27, SubBuckets     =         2048]
----------------------------------------------------------

  Latency Distribution (HdrHistogram - Uncorrected Latency (measured without taking delayed starts into account))
 50.000%  627.00us
 75.000%  906.00us
 90.000% 1102.00us
 99.000% 1988.00us
 99.900% 5735.00us
 99.990%10687.00us
 99.999%22335.00us
100.000%29935.00us

  Detailed Percentile spectrum:
       Value   Percentile   TotalCount 1/(1-Percentile)

     170.000     0.000000            1         1.00
     338.000     0.100000        18112         1.11
     413.000     0.200000        36182         1.25
     480.000     0.300000        54054         1.43
     550.000     0.400000        72119         1.67
     627.000     0.500000        90063         2.00
     676.000     0.550000        99147         2.22
     733.000     0.600000       108017         2.50
     794.000     0.650000       116961         2.86
     852.000     0.700000       126068         3.33
     906.000     0.750000       135086         4.00
     932.000     0.775000       139515         4.44
     960.000     0.800000       144038         5.00
     988.000     0.825000       148484         5.71
    1021.000     0.850000       153022         6.67
    1058.000     0.875000       157450         8.00
    1080.000     0.887500       159796         8.89
    1102.000     0.900000       161959        10.00
    1129.000     0.912500       164242        11.43
    1159.000     0.925000       166449        13.33
    1197.000     0.937500       168733        16.00
    1219.000     0.943750       169844        17.78
    1246.000     0.950000       170966        20.00
    1276.000     0.956250       172085        22.86
    1316.000     0.962500       173193        26.67
    1367.000     0.968750       174327        32.00
    1400.000     0.971875       174890        35.56
    1441.000     0.975000       175443        40.00
    1495.000     0.978125       176005        45.71
    1563.000     0.981250       176567        53.33
    1645.000     0.984375       177128        64.00
    1707.000     0.985938       177410        71.11
    1788.000     0.987500       177690        80.00
    1895.000     0.989062       177971        91.43
    2073.000     0.990625       178252       106.67
    2257.000     0.992188       178533       128.00
    2373.000     0.992969       178674       142.22
    2545.000     0.993750       178816       160.00
    2715.000     0.994531       178954       182.86
    2923.000     0.995313       179094       213.33
    3209.000     0.996094       179235       256.00
    3383.000     0.996484       179305       284.44
    3567.000     0.996875       179377       320.00
    3819.000     0.997266       179446       365.71
    4159.000     0.997656       179516       426.67
    4531.000     0.998047       179586       512.00
    4767.000     0.998242       179621       568.89
    4983.000     0.998437       179656       640.00
    5227.000     0.998633       179691       731.43
    5567.000     0.998828       179727       853.33
    5763.000     0.999023       179763      1024.00
    5859.000     0.999121       179779      1137.78
    6007.000     0.999219       179797      1280.00
    6087.000     0.999316       179814      1462.86
    6195.000     0.999414       179832      1706.67
    6571.000     0.999512       179850      2048.00
    6879.000     0.999561       179858      2275.56
    7087.000     0.999609       179867      2560.00
    7527.000     0.999658       179876      2925.71
    8447.000     0.999707       179885      3413.33
    8543.000     0.999756       179894      4096.00
    8607.000     0.999780       179898      4551.11
    8679.000     0.999805       179902      5120.00
    9519.000     0.999829       179907      5851.43
    9831.000     0.999854       179911      6826.67
    9983.000     0.999878       179916      8192.00
    9999.000     0.999890       179918      9102.22
   11119.000     0.999902       179920     10240.00
   12063.000     0.999915       179922     11702.86
   12335.000     0.999927       179924     13653.33
   12743.000     0.999939       179927     16384.00
   13823.000     0.999945       179928     18204.44
   13847.000     0.999951       179929     20480.00
   13959.000     0.999957       179930     23405.71
   15527.000     0.999963       179931     27306.67
   15679.000     0.999969       179932     32768.00
   15735.000     0.999973       179933     36408.89
   15735.000     0.999976       179933     40960.00
   16447.000     0.999979       179934     46811.43
   16447.000     0.999982       179934     54613.33
   22335.000     0.999985       179935     65536.00
   22335.000     0.999986       179935     72817.78
   22335.000     0.999988       179935     81920.00
   22383.000     0.999989       179936     93622.86
   22383.000     0.999991       179936    109226.67
   22383.000     0.999992       179936    131072.00
   22383.000     0.999993       179936    145635.56
   22383.000     0.999994       179936    163840.00
   29935.000     0.999995       179937    187245.71
   29935.000     1.000000       179937          inf
#[Mean    =      712.205, StdDeviation   =      454.140]
#[Max     =    29920.000, Total count    =       179937]
#[Buckets =           27, SubBuckets     =         2048]
----------------------------------------------------------
  179943 requests in 10.00s, 15.10MB read
Requests/sec:  17994.19
Transfer/sec:      1.51MB

