Command: /tmp/wrk2/wrk http://10.0.0.4:8000/index.html -c 32 -t 1 -R 80000 -d 10 -L -U
Return code: 0
STDOUT:
Running 10s test @ http://10.0.0.4:8000/index.html
  1 threads and 32 connections
  Thread Stats   Avg      Stdev     Max   +/- Stdev
    Latency   1764127.1068075.634505600.0   59.92%
    Req/Sec       -nan      -nan   0.00      0.00%
  Latency Distribution (HdrHistogram - Recorded Latency)
 50.000%1729535.00
 75.000%2625535.00
 90.000%3244031.00
 99.000%3940351.00
 99.900%4333567.00
 99.990%4493311.00
 99.999%4505599.00
100.000%4509695.00

  Detailed Percentile spectrum:
       Value   Percentile   TotalCount 1/(1-Percentile)

     211.000     0.000000            1         1.00
  321791.000     0.100000        50703         1.11
  675839.000     0.200000       101341         1.25
 1027583.000     0.300000       152079         1.43
 1380351.000     0.400000       202831         1.67
 1729535.000     0.500000       253461         2.00
 1908735.000     0.550000       278806         2.22
 2087935.000     0.600000       304060         2.50
 2267135.000     0.650000       329458         2.86
 2443263.000     0.700000       354954         3.33
 2625535.000     0.750000       380150         4.00
 2717695.000     0.775000       392739         4.44
 2813951.000     0.800000       405533         5.00
 2912255.000     0.825000       418241         5.71
 3014655.000     0.850000       430844         6.67
 3127295.000     0.875000       443498         8.00
 3184639.000     0.887500       449765         8.89
 3244031.000     0.900000       456234        10.00
 3305471.000     0.912500       462506        11.43
 3368959.000     0.925000       468763        13.33
 3434495.000     0.937500       475031        16.00
 3473407.000     0.943750       478330        17.78
 3512319.000     0.950000       481451        20.00
 3553279.000     0.956250       484650        22.86
 3604479.000     0.962500       487819        26.67
 3661823.000     0.968750       490944        32.00
 3688447.000     0.971875       492448        35.56
 3721215.000     0.975000       494094        40.00
 3758079.000     0.978125       495684        45.71
 3792895.000     0.981250       497207        53.33
 3835903.000     0.984375       498825        64.00
 3860479.000     0.985938       499617        71.11
 3889151.000     0.987500       500400        80.00
 3919871.000     0.989062       501173        91.43
 3952639.000     0.990625       501996       106.67
 3979263.000     0.992188       502745       128.00
 3999743.000     0.992969       503169       142.22
 4016127.000     0.993750       503570       160.00
 4030463.000     0.994531       503951       182.86
 4052991.000     0.995313       504345       213.33
 4081663.000     0.996094       504722       256.00
 4098047.000     0.996484       504928       284.44
 4116479.000     0.996875       505110       320.00
 4149247.000     0.997266       505351       365.71
 4173823.000     0.997656       505506       426.67
 4202495.000     0.998047       505723       512.00
 4214783.000     0.998242       505806       568.89
 4235263.000     0.998437       505909       640.00
 4276223.000     0.998633       506013       731.43
 4308991.000     0.998828       506110       853.33
 4337663.000     0.999023       506205      1024.00
 4358143.000     0.999121       506253      1137.78
 4374527.000     0.999219       506311      1280.00
 4386815.000     0.999316       506349      1462.86
 4403199.000     0.999414       506403      1706.67
 4423679.000     0.999512       506450      2048.00
 4440063.000     0.999561       506473      2275.56
 4448255.000     0.999609       506501      2560.00
 4456447.000     0.999658       506524      2925.71
 4464639.000     0.999707       506561      3413.33
 4468735.000     0.999756       506578      4096.00
 4472831.000     0.999780       506589      4551.11
 4476927.000     0.999805       506599      5120.00
 4481023.000     0.999829       506611      5851.43
 4485119.000     0.999854       506626      6826.67
 4489215.000     0.999878       506637      8192.00
 4493311.000     0.999890       506648      9102.22
 4493311.000     0.999902       506648     10240.00
 4497407.000     0.999915       506661     11702.86
 4497407.000     0.999927       506661     13653.33
 4501503.000     0.999939       506675     16384.00
 4501503.000     0.999945       506675     18204.44
 4501503.000     0.999951       506675     20480.00
 4501503.000     0.999957       506675     23405.71
 4501503.000     0.999963       506675     27306.67
 4505599.000     0.999969       506690     32768.00
 4505599.000     0.999973       506690     36408.89
 4505599.000     0.999976       506690     40960.00
 4505599.000     0.999979       506690     46811.43
 4505599.000     0.999982       506690     54613.33
 4505599.000     0.999985       506690     65536.00
 4505599.000     0.999986       506690     72817.78
 4505599.000     0.999988       506690     81920.00
 4505599.000     0.999989       506690     93622.86
 4505599.000     0.999991       506690    109226.67
 4505599.000     0.999992       506690    131072.00
 4505599.000     0.999993       506690    145635.56
 4505599.000     0.999994       506690    163840.00
 4509695.000     0.999995       506693    187245.71
 4509695.000     1.000000       506693          inf
#[Mean    =  1764127.569, StdDeviation   =  1068075.627]
#[Max     =  4505600.000, Total count    =       506693]
#[Buckets =           27, SubBuckets     =         2048]
----------------------------------------------------------

  Latency Distribution (HdrHistogram - Uncorrected Latency (measured without taking delayed starts into account))
 50.000%  594.00us
 75.000%  654.00us
 90.000%  743.00us
 99.000% 1333.00us
 99.900% 3671.00us
 99.990% 6487.00us
 99.999%10719.00us
100.000%28063.00us

  Detailed Percentile spectrum:
       Value   Percentile   TotalCount 1/(1-Percentile)

     175.000     0.000000            2         1.00
     453.000     0.100000        51133         1.11
     512.000     0.200000       101678         1.25
     548.000     0.300000       152842         1.43
     573.000     0.400000       203941         1.67
     594.000     0.500000       255860         2.00
     603.000     0.550000       278906         2.22
     614.000     0.600000       306163         2.50
     625.000     0.650000       330733         2.86
     638.000     0.700000       355916         3.33
     654.000     0.750000       380844         4.00
     664.000     0.775000       393450         4.44
     675.000     0.800000       405399         5.00
     689.000     0.825000       418488         5.71
     705.000     0.850000       431309         6.67
     722.000     0.875000       443552         8.00
     732.000     0.887500       449958         8.89
     743.000     0.900000       456529        10.00
     754.000     0.912500       462369        11.43
     768.000     0.925000       469019        13.33
     783.000     0.937500       475054        16.00
     793.000     0.943750       478437        17.78
     804.000     0.950000       481549        20.00
     818.000     0.956250       484684        22.86
     836.000     0.962500       487823        26.67
     861.000     0.968750       490913        32.00
     879.000     0.971875       492484        35.56
     903.000     0.975000       494051        40.00
     934.000     0.978125       495640        45.71
     975.000     0.981250       497217        53.33
    1034.000     0.984375       498784        64.00
    1082.000     0.985938       499571        71.11
    1155.000     0.987500       500361        80.00
    1262.000     0.989062       501153        91.43
    1384.000     0.990625       501944       106.67
    1509.000     0.992188       502738       128.00
    1579.000     0.992969       503133       142.22
    1655.000     0.993750       503527       160.00
    1739.000     0.994531       503925       182.86
    1828.000     0.995313       504320       213.33
    1956.000     0.996094       504715       256.00
    2042.000     0.996484       504912       284.44
    2139.000     0.996875       505111       320.00
    2287.000     0.997266       505308       365.71
    2447.000     0.997656       505506       426.67
    2749.000     0.998047       505705       512.00
    2927.000     0.998242       505804       568.89
    3167.000     0.998437       505902       640.00
    3325.000     0.998633       506002       731.43
    3509.000     0.998828       506102       853.33
    3693.000     0.999023       506200      1024.00
    3843.000     0.999121       506248      1137.78
    4043.000     0.999219       506298      1280.00
    4263.000     0.999316       506347      1462.86
    4719.000     0.999414       506397      1706.67
    5087.000     0.999512       506447      2048.00
    5247.000     0.999561       506472      2275.56
    5347.000     0.999609       506496      2560.00
    5467.000     0.999658       506520      2925.71
    5779.000     0.999707       506545      3413.33
    5995.000     0.999756       506570      4096.00
    6083.000     0.999780       506582      4551.11
    6139.000     0.999805       506596      5120.00
    6223.000     0.999829       506607      5851.43
    6303.000     0.999854       506619      6826.67
    6383.000     0.999878       506632      8192.00
    6447.000     0.999890       506638      9102.22
    6491.000     0.999902       506644     10240.00
    6547.000     0.999915       506650     11702.86
    6679.000     0.999927       506656     13653.33
    6935.000     0.999939       506663     16384.00
    7259.000     0.999945       506666     18204.44
    7411.000     0.999951       506669     20480.00
    7851.000     0.999957       506672     23405.71
    8187.000     0.999963       506675     27306.67
    8503.000     0.999969       506678     32768.00
    9167.000     0.999973       506680     36408.89
    9223.000     0.999976       506682     40960.00
    9239.000     0.999979       506683     46811.43
    9271.000     0.999982       506684     54613.33
    9303.000     0.999985       506686     65536.00
    9335.000     0.999986       506687     72817.78
    9335.000     0.999988       506687     81920.00
   10719.000     0.999989       506688     93622.86
   12415.000     0.999991       506689    109226.67
   16103.000     0.999992       506690    131072.00
   16103.000     0.999993       506690    145635.56
   16103.000     0.999994       506690    163840.00
   17455.000     0.999995       506691    187245.71
   17455.000     0.999995       506691    218453.33
   17583.000     0.999996       506692    262144.00
   17583.000     0.999997       506692    291271.11
   17583.000     0.999997       506692    327680.00
   17583.000     0.999997       506692    374491.43
   17583.000     0.999998       506692    436906.67
   28063.000     0.999998       506693    524288.00
   28063.000     1.000000       506693          inf
#[Mean    =      611.255, StdDeviation   =      239.935]
#[Max     =    28048.000, Total count    =       506693]
#[Buckets =           27, SubBuckets     =         2048]
----------------------------------------------------------
  506696 requests in 10.00s, 42.52MB read
Requests/sec:  50671.30
Transfer/sec:      4.25MB

