Command: /tmp/wrk2/wrk http://10.0.0.4:8000/index.html -c 32 -t 1 -R 5000 -d 10 -L -U
Return code: 0
STDOUT:
Running 10s test @ http://10.0.0.4:8000/index.html
  1 threads and 32 connections
  Thread Stats   Avg      Stdev     Max   +/- Stdev
    Latency   1392.21u  735.02us28480.00u   79.30%
    Req/Sec       -nan      -nan   0.00      0.00%
  Latency Distribution (HdrHistogram - Recorded Latency)
 50.000% 1305.00us
 75.000% 1776.00us
 90.000% 2141.00us
 99.000% 3419.00us
 99.900% 8039.00us
 99.990%13439.00us
 99.999%28495.00us
100.000%28495.00us

  Detailed Percentile spectrum:
       Value   Percentile   TotalCount 1/(1-Percentile)

     228.000     0.000000            1         1.00
     648.000     0.100000         4968         1.11
     826.000     0.200000         9942         1.25
     989.000     0.300000        14910         1.43
    1143.000     0.400000        19878         1.67
    1305.000     0.500000        24821         2.00
    1392.000     0.550000        27291         2.22
    1483.000     0.600000        29791         2.50
    1579.000     0.650000        32267         2.86
    1674.000     0.700000        34744         3.33
    1776.000     0.750000        37242         4.00
    1827.000     0.775000        38460         4.44
    1882.000     0.800000        39699         5.00
    1937.000     0.825000        40950         5.71
    1996.000     0.850000        42186         6.67
    2063.000     0.875000        43441         8.00
    2097.000     0.887500        44044         8.89
    2141.000     0.900000        44678        10.00
    2183.000     0.912500        45301        11.43
    2231.000     0.925000        45915        13.33
    2289.000     0.937500        46520        16.00
    2323.000     0.943750        46834        17.78
    2361.000     0.950000        47146        20.00
    2407.000     0.956250        47455        22.86
    2463.000     0.962500        47769        26.67
    2523.000     0.968750        48074        32.00
    2565.000     0.971875        48223        35.56
    2617.000     0.975000        48388        40.00
    2665.000     0.978125        48536        45.71
    2753.000     0.981250        48691        53.33
    2897.000     0.984375        48844        64.00
    2993.000     0.985938        48921        71.11
    3125.000     0.987500        48998        80.00
    3283.000     0.989062        49076        91.43
    3511.000     0.990625        49153       106.67
    3849.000     0.992188        49231       128.00
    4033.000     0.992969        49271       142.22
    4259.000     0.993750        49309       160.00
    4603.000     0.994531        49347       182.86
    4963.000     0.995313        49386       213.33
    5363.000     0.996094        49425       256.00
    5591.000     0.996484        49444       284.44
    5771.000     0.996875        49464       320.00
    6023.000     0.997266        49483       365.71
    6415.000     0.997656        49502       426.67
    6875.000     0.998047        49522       512.00
    6951.000     0.998242        49531       568.89
    7095.000     0.998437        49541       640.00
    7347.000     0.998633        49551       731.43
    7731.000     0.998828        49560       853.33
    8063.000     0.999023        49570      1024.00
    8263.000     0.999121        49575      1137.78
    8383.000     0.999219        49580      1280.00
    8551.000     0.999316        49585      1462.86
    8999.000     0.999414        49589      1706.67
    9759.000     0.999512        49594      2048.00
    9919.000     0.999561        49597      2275.56
    9975.000     0.999609        49600      2560.00
   10351.000     0.999658        49602      2925.71
   10759.000     0.999707        49604      3413.33
   10935.000     0.999756        49606      4096.00
   11055.000     0.999780        49608      4551.11
   11479.000     0.999805        49609      5120.00
   11559.000     0.999829        49610      5851.43
   11735.000     0.999854        49611      6826.67
   12239.000     0.999878        49612      8192.00
   13439.000     0.999890        49613      9102.22
   16543.000     0.999902        49614     10240.00
   16543.000     0.999915        49614     11702.86
   17503.000     0.999927        49615     13653.33
   17503.000     0.999939        49615     16384.00
   22575.000     0.999945        49616     18204.44
   22575.000     0.999951        49616     20480.00
   22575.000     0.999957        49616     23405.71
   23487.000     0.999963        49617     27306.67
   23487.000     0.999969        49617     32768.00
   23487.000     0.999973        49617     36408.89
   23487.000     0.999976        49617     40960.00
   23487.000     0.999979        49617     46811.43
   28495.000     0.999982        49618     54613.33
   28495.000     1.000000        49618          inf
#[Mean    =     1392.212, StdDeviation   =      735.016]
#[Max     =    28480.000, Total count    =        49618]
#[Buckets =           27, SubBuckets     =         2048]
----------------------------------------------------------

  Latency Distribution (HdrHistogram - Uncorrected Latency (measured without taking delayed starts into account))
 50.000%  560.00us
 75.000%  698.00us
 90.000%  857.00us
 99.000% 2499.00us
 99.900% 7187.00us
 99.990% 9167.00us
 99.999%26447.00us
100.000%26447.00us

  Detailed Percentile spectrum:
       Value   Percentile   TotalCount 1/(1-Percentile)

     208.000     0.000000            1         1.00
     342.000     0.100000         4992         1.11
     391.000     0.200000         9977         1.25
     444.000     0.300000        14892         1.43
     506.000     0.400000        19911         1.67
     560.000     0.500000        24814         2.00
     586.000     0.550000        27344         2.22
     612.000     0.600000        29819         2.50
     638.000     0.650000        32259         2.86
     667.000     0.700000        34827         3.33
     698.000     0.750000        37279         4.00
     715.000     0.775000        38527         4.44
     734.000     0.800000        39733         5.00
     756.000     0.825000        40951         5.71
     783.000     0.850000        42197         6.67
     816.000     0.875000        43452         8.00
     836.000     0.887500        44045         8.89
     857.000     0.900000        44670        10.00
     885.000     0.912500        45288        11.43
     921.000     0.925000        45908        13.33
     964.000     0.937500        46524        16.00
     994.000     0.943750        46828        17.78
    1029.000     0.950000        47139        20.00
    1076.000     0.956250        47450        22.86
    1158.000     0.962500        47759        26.67
    1265.000     0.968750        48068        32.00
    1348.000     0.971875        48223        35.56
    1452.000     0.975000        48378        40.00
    1567.000     0.978125        48533        45.71
    1749.000     0.981250        48688        53.33
    1930.000     0.984375        48843        64.00
    2041.000     0.985938        48921        71.11
    2161.000     0.987500        49000        80.00
    2315.000     0.989062        49076        91.43
    2599.000     0.990625        49153       106.67
    2879.000     0.992188        49231       128.00
    3095.000     0.992969        49270       142.22
    3275.000     0.993750        49308       160.00
    3647.000     0.994531        49347       182.86
    3971.000     0.995313        49387       213.33
    4475.000     0.996094        49426       256.00
    4747.000     0.996484        49444       284.44
    5095.000     0.996875        49463       320.00
    5251.000     0.997266        49484       365.71
    5507.000     0.997656        49502       426.67
    5771.000     0.998047        49522       512.00
    5863.000     0.998242        49531       568.89
    6171.000     0.998437        49542       640.00
    6307.000     0.998633        49551       731.43
    6431.000     0.998828        49560       853.33
    7243.000     0.999023        49570      1024.00
    7283.000     0.999121        49575      1137.78
    7395.000     0.999219        49580      1280.00
    7503.000     0.999316        49585      1462.86
    7571.000     0.999414        49589      1706.67
    8447.000     0.999512        49594      2048.00
    8615.000     0.999561        49597      2275.56
    8647.000     0.999609        49599      2560.00
    8679.000     0.999658        49602      2925.71
    8743.000     0.999707        49604      3413.33
    8759.000     0.999756        49606      4096.00
    8791.000     0.999780        49608      4551.11
    8823.000     0.999805        49609      5120.00
    8863.000     0.999829        49610      5851.43
    9031.000     0.999854        49611      6826.67
    9119.000     0.999878        49612      8192.00
    9167.000     0.999890        49613      9102.22
   11327.000     0.999902        49614     10240.00
   11327.000     0.999915        49614     11702.86
   11567.000     0.999927        49615     13653.33
   11567.000     0.999939        49615     16384.00
   12135.000     0.999945        49616     18204.44
   12135.000     0.999951        49616     20480.00
   12135.000     0.999957        49616     23405.71
   22591.000     0.999963        49617     27306.67
   22591.000     0.999969        49617     32768.00
   22591.000     0.999973        49617     36408.89
   22591.000     0.999976        49617     40960.00
   22591.000     0.999979        49617     46811.43
   26447.000     0.999982        49618     54613.33
   26447.000     1.000000        49618          inf
#[Mean    =      629.267, StdDeviation   =      507.124]
#[Max     =    26432.000, Total count    =        49618]
#[Buckets =           27, SubBuckets     =         2048]
----------------------------------------------------------
  49619 requests in 10.00s, 4.16MB read
Requests/sec:   4961.75
Transfer/sec:    426.40KB

