Command: /tmp/wrk2/wrk http://10.0.0.4:8000/index.html -c 32 -t 1 -R 100000 -d 10 -L -U
Return code: 0
STDOUT:
Running 10s test @ http://10.0.0.4:8000/index.html
  1 threads and 32 connections
  Thread Stats   Avg      Stdev     Max   +/- Stdev
    Latency   2464064.1459106.116139904.0   59.34%
    Req/Sec       -nan      -nan   0.00      0.00%
  Latency Distribution (HdrHistogram - Recorded Latency)
 50.000%2457599.00
 75.000%3676159.00
 90.000%4431871.00
 99.000%5316607.00
 99.900%5951487.00
 99.990%6123519.00
 99.999%6139903.00
100.000%6143999.00

  Detailed Percentile spectrum:
       Value   Percentile   TotalCount 1/(1-Percentile)

     221.000     0.000000            1         1.00
  453375.000     0.100000        50232         1.11
  949247.000     0.200000       100475         1.25
 1471487.000     0.300000       150694         1.43
 1953791.000     0.400000       200974         1.67
 2457599.000     0.500000       251299         2.00
 2707455.000     0.550000       276448         2.22
 2959359.000     0.600000       301549         2.50
 3198975.000     0.650000       326514         2.86
 3438591.000     0.700000       351780         3.33
 3676159.000     0.750000       376852         4.00
 3792895.000     0.775000       389415         4.44
 3909631.000     0.800000       401895         5.00
 4032511.000     0.825000       414421         5.71
 4157439.000     0.850000       427080         6.67
 4288511.000     0.875000       439732         8.00
 4358143.000     0.887500       446037         8.89
 4431871.000     0.900000       452343        10.00
 4505599.000     0.912500       458399        11.43
 4587519.000     0.925000       464687        13.33
 4677631.000     0.937500       470939        16.00
 4730879.000     0.943750       474194        17.78
 4780031.000     0.950000       477239        20.00
 4837375.000     0.956250       480464        22.86
 4894719.000     0.962500       483615        26.67
 4952063.000     0.968750       486699        32.00
 4984831.000     0.971875       488219        35.56
 5021695.000     0.975000       489767        40.00
 5066751.000     0.978125       491394        45.71
 5111807.000     0.981250       492917        53.33
 5165055.000     0.984375       494506        64.00
 5197823.000     0.985938       495250        71.11
 5242879.000     0.987500       496030        80.00
 5292031.000     0.989062       496844        91.43
 5337087.000     0.990625       497617       106.67
 5382143.000     0.992188       498365       128.00
 5406719.000     0.992969       498799       142.22
 5431295.000     0.993750       499174       160.00
 5488639.000     0.994531       499530       182.86
 5562367.000     0.995313       499936       213.33
 5636095.000     0.996094       500314       256.00
 5677055.000     0.996484       500529       284.44
 5718015.000     0.996875       500715       320.00
 5754879.000     0.997266       500906       365.71
 5791743.000     0.997656       501119       426.67
 5824511.000     0.998047       501304       512.00
 5840895.000     0.998242       501400       568.89
 5861375.000     0.998437       501507       640.00
 5881855.000     0.998633       501592       731.43
 5918719.000     0.998828       501691       853.33
 5955583.000     0.999023       501785      1024.00
 5976063.000     0.999121       501834      1137.78
 5996543.000     0.999219       501893      1280.00
 6017023.000     0.999316       501940      1462.86
 6033407.000     0.999414       501982      1706.67
 6049791.000     0.999512       502034      2048.00
 6057983.000     0.999561       502058      2275.56
 6070271.000     0.999609       502088      2560.00
 6078463.000     0.999658       502110      2925.71
 6086655.000     0.999707       502129      3413.33
 6094847.000     0.999756       502153      4096.00
 6103039.000     0.999780       502179      4551.11
 6103039.000     0.999805       502179      5120.00
 6111231.000     0.999829       502200      5851.43
 6115327.000     0.999854       502211      6826.67
 6119423.000     0.999878       502222      8192.00
 6119423.000     0.999890       502222      9102.22
 6123519.000     0.999902       502230     10240.00
 6127615.000     0.999915       502241     11702.86
 6127615.000     0.999927       502241     13653.33
 6131711.000     0.999939       502252     16384.00
 6131711.000     0.999945       502252     18204.44
 6131711.000     0.999951       502252     20480.00
 6135807.000     0.999957       502264     23405.71
 6135807.000     0.999963       502264     27306.67
 6135807.000     0.999969       502264     32768.00
 6135807.000     0.999973       502264     36408.89
 6135807.000     0.999976       502264     40960.00
 6139903.000     0.999979       502273     46811.43
 6139903.000     0.999982       502273     54613.33
 6139903.000     0.999985       502273     65536.00
 6139903.000     0.999986       502273     72817.78
 6139903.000     0.999988       502273     81920.00
 6139903.000     0.999989       502273     93622.86
 6139903.000     0.999991       502273    109226.67
 6139903.000     0.999992       502273    131072.00
 6139903.000     0.999993       502273    145635.56
 6139903.000     0.999994       502273    163840.00
 6139903.000     0.999995       502273    187245.71
 6139903.000     0.999995       502273    218453.33
 6143999.000     0.999996       502275    262144.00
 6143999.000     1.000000       502275          inf
#[Mean    =  2464064.606, StdDeviation   =  1459106.112]
#[Max     =  6139904.000, Total count    =       502275]
#[Buckets =           27, SubBuckets     =         2048]
----------------------------------------------------------

  Latency Distribution (HdrHistogram - Uncorrected Latency (measured without taking delayed starts into account))
 50.000%  577.00us
 75.000%  649.00us
 90.000%  761.00us
 99.000% 1991.00us
 99.900% 5687.00us
 99.990%10567.00us
 99.999%17407.00us
100.000%206719.00u

  Detailed Percentile spectrum:
       Value   Percentile   TotalCount 1/(1-Percentile)

     168.000     0.000000            1         1.00
     404.000     0.100000        50483         1.11
     470.000     0.200000       101288         1.25
     515.000     0.300000       150935         1.43
     550.000     0.400000       201973         1.67
     577.000     0.500000       251422         2.00
     590.000     0.550000       277793         2.22
     602.000     0.600000       302076         2.50
     615.000     0.650000       326642         2.86
     630.000     0.700000       351595         3.33
     649.000     0.750000       377190         4.00
     661.000     0.775000       390020         4.44
     674.000     0.800000       401883         5.00
     690.000     0.825000       414404         5.71
     709.000     0.850000       426987         6.67
     733.000     0.875000       439965         8.00
     746.000     0.887500       446061         8.89
     761.000     0.900000       452188        10.00
     779.000     0.912500       458594        11.43
     803.000     0.925000       464685        13.33
     841.000     0.937500       470991        16.00
     872.000     0.943750       474069        17.78
     915.000     0.950000       477190        20.00
     973.000     0.956250       480310        22.86
    1049.000     0.962500       483472        26.67
    1147.000     0.968750       486589        32.00
    1211.000     0.971875       488159        35.56
    1281.000     0.975000       489723        40.00
    1367.000     0.978125       491291        45.71
    1466.000     0.981250       492863        53.33
    1600.000     0.984375       494433        64.00
    1685.000     0.985938       495220        71.11
    1782.000     0.987500       496001        80.00
    1906.000     0.989062       496782        91.43
    2055.000     0.990625       497567       106.67
    2227.000     0.992188       498353       128.00
    2337.000     0.992969       498744       142.22
    2473.000     0.993750       499143       160.00
    2615.000     0.994531       499532       182.86
    2807.000     0.995313       499921       213.33
    3059.000     0.996094       500316       256.00
    3215.000     0.996484       500510       284.44
    3379.000     0.996875       500706       320.00
    3571.000     0.997266       500905       365.71
    3835.000     0.997656       501099       426.67
    4235.000     0.998047       501294       512.00
    4431.000     0.998242       501393       568.89
    4751.000     0.998437       501491       640.00
    5023.000     0.998633       501589       731.43
    5275.000     0.998828       501689       853.33
    5723.000     0.999023       501785      1024.00
    5927.000     0.999121       501834      1137.78
    6159.000     0.999219       501883      1280.00
    6399.000     0.999316       501933      1462.86
    6583.000     0.999414       501981      1706.67
    6755.000     0.999512       502031      2048.00
    6891.000     0.999561       502055      2275.56
    7031.000     0.999609       502079      2560.00
    7263.000     0.999658       502105      2925.71
    7635.000     0.999707       502128      3413.33
    8423.000     0.999756       502153      4096.00
    8983.000     0.999780       502166      4551.11
    9295.000     0.999805       502177      5120.00
    9583.000     0.999829       502190      5851.43
    9911.000     0.999854       502202      6826.67
   10287.000     0.999878       502215      8192.00
   10359.000     0.999890       502220      9102.22
   10727.000     0.999902       502226     10240.00
   10911.000     0.999915       502233     11702.86
   11223.000     0.999927       502239     13653.33
   11791.000     0.999939       502245     16384.00
   12399.000     0.999945       502248     18204.44
   13007.000     0.999951       502251     20480.00
   13535.000     0.999957       502254     23405.71
   14703.000     0.999963       502257     27306.67
   14807.000     0.999969       502260     32768.00
   15279.000     0.999973       502262     36408.89
   15415.000     0.999976       502263     40960.00
   15703.000     0.999979       502265     46811.43
   15911.000     0.999982       502266     54613.33
   16071.000     0.999985       502268     65536.00
   17087.000     0.999986       502269     72817.78
   17087.000     0.999988       502269     81920.00
   17407.000     0.999989       502270     93622.86
   20143.000     0.999991       502271    109226.67
   23455.000     0.999992       502272    131072.00
   23455.000     0.999993       502272    145635.56
   23455.000     0.999994       502272    163840.00
   23695.000     0.999995       502273    187245.71
   23695.000     0.999995       502273    218453.33
  206591.000     0.999996       502274    262144.00
  206591.000     0.999997       502274    291271.11
  206591.000     0.999997       502274    327680.00
  206591.000     0.999997       502274    374491.43
  206591.000     0.999998       502274    436906.67
  206719.000     0.999998       502275    524288.00
  206719.000     1.000000       502275          inf
#[Mean    =      619.253, StdDeviation   =      560.912]
#[Max     =   206592.000, Total count    =       502275]
#[Buckets =           27, SubBuckets     =         2048]
----------------------------------------------------------
  502277 requests in 10.00s, 42.15MB read
Requests/sec:  50227.83
Transfer/sec:      4.22MB

