Command: /tmp/wrk2/wrk http://10.0.0.4:8000/index.html -c 32 -t 1 -R 9000 -d 10 -L -U
Return code: 0
STDOUT:
Running 10s test @ http://10.0.0.4:8000/index.html
  1 threads and 32 connections
  Thread Stats   Avg      Stdev     Max   +/- Stdev
    Latency   1529.62u 1164.14us34880.00u   95.03%
    Req/Sec       -nan      -nan   0.00      0.00%
  Latency Distribution (HdrHistogram - Recorded Latency)
 50.000% 1350.00us
 75.000% 1897.00us
 90.000% 2343.00us
 99.000% 5111.00us
 99.900%14663.00us
 99.990%31487.00us
 99.999%34463.00us
100.000%34911.00us

  Detailed Percentile spectrum:
       Value   Percentile   TotalCount 1/(1-Percentile)

     234.000     0.000000            1         1.00
     680.000     0.100000         8946         1.11
     860.000     0.200000        17898         1.25
    1017.000     0.300000        26807         1.43
    1179.000     0.400000        35724         1.67
    1350.000     0.500000        44659         2.00
    1446.000     0.550000        49117         2.22
    1550.000     0.600000        53596         2.50
    1660.000     0.650000        58069         2.86
    1777.000     0.700000        62543         3.33
    1897.000     0.750000        67010         4.00
    1960.000     0.775000        69235         4.44
    2023.000     0.800000        71441         5.00
    2093.000     0.825000        73682         5.71
    2165.000     0.850000        75927         6.67
    2247.000     0.875000        78145         8.00
    2293.000     0.887500        79267         8.89
    2343.000     0.900000        80381        10.00
    2399.000     0.912500        81506        11.43
    2467.000     0.925000        82609        13.33
    2547.000     0.937500        83724        16.00
    2595.000     0.943750        84292        17.78
    2651.000     0.950000        84835        20.00
    2729.000     0.956250        85395        22.86
    2831.000     0.962500        85953        26.67
    2987.000     0.968750        86510        32.00
    3111.000     0.971875        86787        35.56
    3275.000     0.975000        87072        40.00
    3499.000     0.978125        87345        45.71
    3733.000     0.981250        87626        53.33
    4067.000     0.984375        87904        64.00
    4259.000     0.985938        88044        71.11
    4539.000     0.987500        88186        80.00
    4883.000     0.989062        88323        91.43
    5319.000     0.990625        88461       106.67
    5879.000     0.992188        88601       128.00
    6287.000     0.992969        88671       142.22
    6779.000     0.993750        88740       160.00
    7331.000     0.994531        88810       182.86
    8075.000     0.995313        88880       213.33
    9023.000     0.996094        88950       256.00
    9599.000     0.996484        88985       284.44
   10063.000     0.996875        89019       320.00
   10919.000     0.997266        89054       365.71
   11415.000     0.997656        89089       426.67
   12087.000     0.998047        89124       512.00
   12671.000     0.998242        89142       568.89
   13047.000     0.998437        89159       640.00
   13543.000     0.998633        89176       731.43
   14103.000     0.998828        89194       853.33
   14687.000     0.999023        89211      1024.00
   15343.000     0.999121        89220      1137.78
   15855.000     0.999219        89229      1280.00
   16335.000     0.999316        89238      1462.86
   16799.000     0.999414        89246      1706.67
   18591.000     0.999512        89255      2048.00
   19471.000     0.999561        89259      2275.56
   20703.000     0.999609        89264      2560.00
   25087.000     0.999658        89268      2925.71
   26847.000     0.999707        89272      3413.33
   28319.000     0.999756        89277      4096.00
   28815.000     0.999780        89279      4551.11
   29151.000     0.999805        89281      5120.00
   29583.000     0.999829        89283      5851.43
   30559.000     0.999854        89285      6826.67
   31375.000     0.999878        89288      8192.00
   31487.000     0.999890        89289      9102.22
   31983.000     0.999902        89290     10240.00
   32559.000     0.999915        89291     11702.86
   32799.000     0.999927        89292     13653.33
   33023.000     0.999939        89293     16384.00
   33055.000     0.999945        89294     18204.44
   33055.000     0.999951        89294     20480.00
   33407.000     0.999957        89295     23405.71
   33407.000     0.999963        89295     27306.67
   33503.000     0.999969        89296     32768.00
   33503.000     0.999973        89296     36408.89
   33503.000     0.999976        89296     40960.00
   34463.000     0.999979        89297     46811.43
   34463.000     0.999982        89297     54613.33
   34463.000     0.999985        89297     65536.00
   34463.000     0.999986        89297     72817.78
   34463.000     0.999988        89297     81920.00
   34911.000     0.999989        89298     93622.86
   34911.000     1.000000        89298          inf
#[Mean    =     1529.622, StdDeviation   =     1164.141]
#[Max     =    34880.000, Total count    =        89298]
#[Buckets =           27, SubBuckets     =         2048]
----------------------------------------------------------

  Latency Distribution (HdrHistogram - Uncorrected Latency (measured without taking delayed starts into account))
 50.000%  605.00us
 75.000%  740.00us
 90.000%  949.00us
 99.000% 3365.00us
 99.900% 7647.00us
 99.990%12799.00us
 99.999%19055.00us
100.000%19055.00us

  Detailed Percentile spectrum:
       Value   Percentile   TotalCount 1/(1-Percentile)

     188.000     0.000000            1         1.00
     346.000     0.100000         9102         1.11
     395.000     0.200000        17926         1.25
     461.000     0.300000        26798         1.43
     546.000     0.400000        35831         1.67
     605.000     0.500000        44755         2.00
     630.000     0.550000        49242         2.22
     654.000     0.600000        53649         2.50
     679.000     0.650000        58135         2.86
     707.000     0.700000        62592         3.33
     740.000     0.750000        67067         4.00
     760.000     0.775000        69279         4.44
     783.000     0.800000        71479         5.00
     810.000     0.825000        73728         5.71
     842.000     0.850000        75912         6.67
     885.000     0.875000        78146         8.00
     914.000     0.887500        79275         8.89
     949.000     0.900000        80380        10.00
     995.000     0.912500        81494        11.43
    1064.000     0.925000        82610        13.33
    1167.000     0.937500        83722        16.00
    1251.000     0.943750        84279        17.78
    1350.000     0.950000        84834        20.00
    1494.000     0.956250        85393        22.86
    1681.000     0.962500        85953        26.67
    1903.000     0.968750        86509        32.00
    2029.000     0.971875        86787        35.56
    2185.000     0.975000        87068        40.00
    2341.000     0.978125        87347        45.71
    2503.000     0.981250        87625        53.33
    2741.000     0.984375        87903        64.00
    2871.000     0.985938        88044        71.11
    3041.000     0.987500        88182        80.00
    3211.000     0.989062        88322        91.43
    3463.000     0.990625        88461       106.67
    3727.000     0.992188        88601       128.00
    3907.000     0.992969        88671       142.22
    4103.000     0.993750        88741       160.00
    4427.000     0.994531        88810       182.86
    4755.000     0.995313        88880       213.33
    5027.000     0.996094        88951       256.00
    5251.000     0.996484        88985       284.44
    5375.000     0.996875        89020       320.00
    5551.000     0.997266        89054       365.71
    5755.000     0.997656        89089       426.67
    6131.000     0.998047        89124       512.00
    6371.000     0.998242        89143       568.89
    6587.000     0.998437        89159       640.00
    6791.000     0.998633        89176       731.43
    7287.000     0.998828        89194       853.33
    7675.000     0.999023        89212      1024.00
    8155.000     0.999121        89220      1137.78
    8415.000     0.999219        89229      1280.00
    8751.000     0.999316        89238      1462.86
    8831.000     0.999414        89246      1706.67
    9207.000     0.999512        89255      2048.00
    9279.000     0.999561        89259      2275.56
    9463.000     0.999609        89264      2560.00
    9895.000     0.999658        89268      2925.71
   10055.000     0.999707        89272      3413.33
   10767.000     0.999756        89277      4096.00
   10807.000     0.999780        89279      4551.11
   10879.000     0.999805        89281      5120.00
   11031.000     0.999829        89283      5851.43
   11567.000     0.999854        89285      6826.67
   12479.000     0.999878        89288      8192.00
   12799.000     0.999890        89289      9102.22
   13327.000     0.999902        89290     10240.00
   14039.000     0.999915        89291     11702.86
   14271.000     0.999927        89292     13653.33
   14279.000     0.999939        89294     16384.00
   14279.000     0.999945        89294     18204.44
   14279.000     0.999951        89294     20480.00
   14623.000     0.999957        89295     23405.71
   14623.000     0.999963        89295     27306.67
   14943.000     0.999969        89296     32768.00
   14943.000     0.999973        89296     36408.89
   14943.000     0.999976        89296     40960.00
   19055.000     0.999979        89298     46811.43
   19055.000     1.000000        89298          inf
#[Mean    =      697.419, StdDeviation   =      612.310]
#[Max     =    19040.000, Total count    =        89298]
#[Buckets =           27, SubBuckets     =         2048]
----------------------------------------------------------
  89300 requests in 10.00s, 7.49MB read
Requests/sec:   8929.71
Transfer/sec:    767.40KB

