Command: /tmp/wrk2/wrk http://10.10.1.1:8000/index.html -c 1 -t 1 -R 4000 -d 10 -L -U
Return code: 0
STDOUT:
Running 10s test @ http://10.10.1.1:8000/index.html
  1 threads and 1 connections
  Thread Stats   Avg      Stdev     Max   +/- Stdev
    Latency   1404.94u  764.69us5628.00us   73.86%
    Req/Sec       -nan      -nan   0.00      0.00%
  Latency Distribution (HdrHistogram - Recorded Latency)
 50.000% 1299.00us
 75.000% 1766.00us
 90.000% 2311.00us
 99.000% 4163.00us
 99.900% 5111.00us
 99.990% 5575.00us
 99.999% 5631.00us
100.000% 5631.00us

  Detailed Percentile spectrum:
       Value   Percentile   TotalCount 1/(1-Percentile)

     108.000     0.000000            1         1.00
     530.000     0.100000         4005         1.11
     795.000     0.200000         8020         1.25
     999.000     0.300000        12013         1.43
    1154.000     0.400000        16024         1.67
    1299.000     0.500000        20001         2.00
    1375.000     0.550000        22000         2.22
    1470.000     0.600000        24010         2.50
    1559.000     0.650000        26013         2.86
    1651.000     0.700000        28003         3.33
    1766.000     0.750000        29997         4.00
    1825.000     0.775000        31003         4.44
    1889.000     0.800000        32002         5.00
    1974.000     0.825000        32997         5.71
    2055.000     0.850000        34000         6.67
    2153.000     0.875000        35014         8.00
    2231.000     0.887500        35497         8.89
    2311.000     0.900000        36000        10.00
    2411.000     0.912500        36497        11.43
    2529.000     0.925000        37003        13.33
    2639.000     0.937500        37499        16.00
    2707.000     0.943750        37747        17.78
    2787.000     0.950000        37998        20.00
    2891.000     0.956250        38245        22.86
    3029.000     0.962500        38495        26.67
    3183.000     0.968750        38747        32.00
    3273.000     0.971875        38873        35.56
    3367.000     0.975000        38995        40.00
    3475.000     0.978125        39122        45.71
    3617.000     0.981250        39245        53.33
    3793.000     0.984375        39370        64.00
    3875.000     0.985938        39433        71.11
    3993.000     0.987500        39495        80.00
    4103.000     0.989062        39557        91.43
    4219.000     0.990625        39621       106.67
    4311.000     0.992188        39682       128.00
    4375.000     0.992969        39715       142.22
    4455.000     0.993750        39746       160.00
    4507.000     0.994531        39777       182.86
    4555.000     0.995313        39807       213.33
    4619.000     0.996094        39840       256.00
    4635.000     0.996484        39856       284.44
    4683.000     0.996875        39871       320.00
    4747.000     0.997266        39886       365.71
    4803.000     0.997656        39902       426.67
    4851.000     0.998047        39917       512.00
    4871.000     0.998242        39924       568.89
    4887.000     0.998437        39932       640.00
    4907.000     0.998633        39940       731.43
    5007.000     0.998828        39949       853.33
    5119.000     0.999023        39955      1024.00
    5163.000     0.999121        39959      1137.78
    5235.000     0.999219        39963      1280.00
    5299.000     0.999316        39967      1462.86
    5319.000     0.999414        39971      1706.67
    5359.000     0.999512        39975      2048.00
    5387.000     0.999561        39977      2275.56
    5395.000     0.999609        39979      2560.00
    5403.000     0.999658        39981      2925.71
    5447.000     0.999707        39983      3413.33
    5475.000     0.999756        39985      4096.00
    5487.000     0.999780        39986      4551.11
    5535.000     0.999805        39987      5120.00
    5539.000     0.999829        39988      5851.43
    5547.000     0.999854        39989      6826.67
    5575.000     0.999878        39990      8192.00
    5575.000     0.999890        39990      9102.22
    5583.000     0.999902        39991     10240.00
    5583.000     0.999915        39991     11702.86
    5587.000     0.999927        39992     13653.33
    5587.000     0.999939        39992     16384.00
    5587.000     0.999945        39992     18204.44
    5619.000     0.999951        39993     20480.00
    5619.000     0.999957        39993     23405.71
    5619.000     0.999963        39993     27306.67
    5619.000     0.999969        39993     32768.00
    5619.000     0.999973        39993     36408.89
    5631.000     0.999976        39994     40960.00
    5631.000     1.000000        39994          inf
#[Mean    =     1404.944, StdDeviation   =      764.692]
#[Max     =     5628.000, Total count    =        39994]
#[Buckets =           27, SubBuckets     =         2048]
----------------------------------------------------------

  Latency Distribution (HdrHistogram - Uncorrected Latency (measured without taking delayed starts into account))
 50.000%  205.00us
 75.000%  269.00us
 90.000%  320.00us
 99.000%  338.00us
 99.900%  360.00us
 99.990%  398.00us
 99.999%  496.00us
100.000%  496.00us

  Detailed Percentile spectrum:
       Value   Percentile   TotalCount 1/(1-Percentile)

      59.000     0.000000            2         1.00
     113.000     0.100000         4119         1.11
     125.000     0.200000         8046         1.25
     197.000     0.300000        12474         1.43
     201.000     0.400000        17003         1.67
     205.000     0.500000        20281         2.00
     209.000     0.550000        22114         2.22
     218.000     0.600000        24059         2.50
     225.000     0.650000        26052         2.86
     234.000     0.700000        28001         3.33
     269.000     0.750000        30031         4.00
     288.000     0.775000        31005         4.44
     298.000     0.800000        32075         5.00
     308.000     0.825000        33058         5.71
     316.000     0.850000        34248         6.67
     318.000     0.875000        35102         8.00
     319.000     0.887500        35606         8.89
     320.000     0.900000        36192        10.00
     321.000     0.912500        36777        11.43
     322.000     0.925000        37297        13.33
     323.000     0.937500        37725        16.00
     324.000     0.943750        38051        17.78
     324.000     0.950000        38051        20.00
     325.000     0.956250        38321        22.86
     326.000     0.962500        38530        26.67
     328.000     0.968750        38837        32.00
     329.000     0.971875        38931        35.56
     330.000     0.975000        39042        40.00
     332.000     0.978125        39191        45.71
     333.000     0.981250        39279        53.33
     335.000     0.984375        39437        64.00
     335.000     0.985938        39437        71.11
     336.000     0.987500        39510        80.00
     337.000     0.989062        39572        91.43
     338.000     0.990625        39621       106.67
     340.000     0.992188        39703       128.00
     341.000     0.992969        39738       142.22
     342.000     0.993750        39769       160.00
     343.000     0.994531        39795       182.86
     344.000     0.995313        39820       213.33
     345.000     0.996094        39840       256.00
     346.000     0.996484        39859       284.44
     347.000     0.996875        39871       320.00
     348.000     0.997266        39885       365.71
     350.000     0.997656        39904       426.67
     351.000     0.998047        39916       512.00
     353.000     0.998242        39926       568.89
     355.000     0.998437        39937       640.00
     356.000     0.998633        39942       731.43
     358.000     0.998828        39950       853.33
     360.000     0.999023        39957      1024.00
     361.000     0.999121        39959      1137.78
     364.000     0.999219        39965      1280.00
     366.000     0.999316        39967      1462.86
     369.000     0.999414        39973      1706.67
     370.000     0.999512        39975      2048.00
     371.000     0.999561        39977      2275.56
     372.000     0.999609        39979      2560.00
     374.000     0.999658        39982      2925.71
     375.000     0.999707        39983      3413.33
     377.000     0.999756        39986      4096.00
     377.000     0.999780        39986      4551.11
     379.000     0.999805        39987      5120.00
     381.000     0.999829        39988      5851.43
     393.000     0.999854        39989      6826.67
     398.000     0.999878        39990      8192.00
     398.000     0.999890        39990      9102.22
     403.000     0.999902        39991     10240.00
     403.000     0.999915        39991     11702.86
     463.000     0.999927        39992     13653.33
     463.000     0.999939        39992     16384.00
     463.000     0.999945        39992     18204.44
     473.000     0.999951        39993     20480.00
     473.000     0.999957        39993     23405.71
     473.000     0.999963        39993     27306.67
     473.000     0.999969        39993     32768.00
     473.000     0.999973        39993     36408.89
     496.000     0.999976        39994     40960.00
     496.000     1.000000        39994          inf
#[Mean    =      214.354, StdDeviation   =       70.548]
#[Max     =      496.000, Total count    =        39994]
#[Buckets =           27, SubBuckets     =         2048]
----------------------------------------------------------
  39995 requests in 10.00s, 3.36MB read
Requests/sec:   3999.51
Transfer/sec:    343.71KB

