Command: /tmp/wrk2/wrk http://10.10.1.1:8000/index.html -c 32 -t 1 -R 9000 -d 10 -L -U
Return code: 0
STDOUT:
Running 10s test @ http://10.10.1.1:8000/index.html
  1 threads and 32 connections
  Thread Stats   Avg      Stdev     Max   +/- Stdev
    Latency   1575.16u  656.43us6932.00us   64.12%
    Req/Sec       -nan      -nan   0.00      0.00%
  Latency Distribution (HdrHistogram - Recorded Latency)
 50.000% 1424.00us
 75.000% 2085.00us
 90.000% 2583.00us
 99.000% 3055.00us
 99.900% 3243.00us
 99.990% 3457.00us
 99.999% 3691.00us
100.000% 6935.00us

  Detailed Percentile spectrum:
       Value   Percentile   TotalCount 1/(1-Percentile)

     190.000     0.000000            1         1.00
     814.000     0.100000         8976         1.11
    1005.000     0.200000        17865         1.25
    1155.000     0.300000        26804         1.43
    1287.000     0.400000        35722         1.67
    1424.000     0.500000        44679         2.00
    1500.000     0.550000        49140         2.22
    1594.000     0.600000        53611         2.50
    1711.000     0.650000        58078         2.86
    1877.000     0.700000        62533         3.33
    2085.000     0.750000        66992         4.00
    2177.000     0.775000        69234         4.44
    2265.000     0.800000        71468         5.00
    2347.000     0.825000        73679         5.71
    2425.000     0.850000        75923         6.67
    2501.000     0.875000        78176         8.00
    2539.000     0.887500        79265         8.89
    2583.000     0.900000        80424        10.00
    2623.000     0.912500        81497        11.43
    2669.000     0.925000        82609        13.33
    2717.000     0.937500        83742        16.00
    2743.000     0.943750        84324        17.78
    2771.000     0.950000        84861        20.00
    2801.000     0.956250        85426        22.86
    2831.000     0.962500        85972        26.67
    2869.000     0.968750        86538        32.00
    2889.000     0.971875        86797        35.56
    2909.000     0.975000        87079        40.00
    2931.000     0.978125        87359        45.71
    2957.000     0.981250        87642        53.33
    2991.000     0.984375        87918        64.00
    3009.000     0.985938        88056        71.11
    3025.000     0.987500        88195        80.00
    3043.000     0.989062        88341        91.43
    3063.000     0.990625        88469       106.67
    3085.000     0.992188        88618       128.00
    3095.000     0.992969        88686       142.22
    3105.000     0.993750        88752       160.00
    3117.000     0.994531        88824       182.86
    3133.000     0.995313        88887       213.33
    3147.000     0.996094        88961       256.00
    3159.000     0.996484        88994       284.44
    3169.000     0.996875        89034       320.00
    3177.000     0.997266        89065       365.71
    3187.000     0.997656        89101       426.67
    3199.000     0.998047        89132       512.00
    3205.000     0.998242        89151       568.89
    3211.000     0.998437        89168       640.00
    3219.000     0.998633        89183       731.43
    3229.000     0.998828        89200       853.33
    3245.000     0.999023        89219      1024.00
    3257.000     0.999121        89228      1137.78
    3265.000     0.999219        89235      1280.00
    3275.000     0.999316        89244      1462.86
    3293.000     0.999414        89252      1706.67
    3309.000     0.999512        89261      2048.00
    3319.000     0.999561        89265      2275.56
    3331.000     0.999609        89270      2560.00
    3349.000     0.999658        89274      2925.71
    3359.000     0.999707        89279      3413.33
    3385.000     0.999756        89283      4096.00
    3387.000     0.999780        89285      4551.11
    3393.000     0.999805        89287      5120.00
    3399.000     0.999829        89289      5851.43
    3407.000     0.999854        89291      6826.67
    3439.000     0.999878        89294      8192.00
    3457.000     0.999890        89295      9102.22
    3459.000     0.999902        89296     10240.00
    3465.000     0.999915        89298     11702.86
    3465.000     0.999927        89298     13653.33
    3503.000     0.999939        89299     16384.00
    3531.000     0.999945        89300     18204.44
    3531.000     0.999951        89300     20480.00
    3575.000     0.999957        89301     23405.71
    3575.000     0.999963        89301     27306.67
    3647.000     0.999969        89302     32768.00
    3647.000     0.999973        89302     36408.89
    3647.000     0.999976        89302     40960.00
    3691.000     0.999979        89303     46811.43
    3691.000     0.999982        89303     54613.33
    3691.000     0.999985        89303     65536.00
    3691.000     0.999986        89303     72817.78
    3691.000     0.999988        89303     81920.00
    6935.000     0.999989        89304     93622.86
    6935.000     1.000000        89304          inf
#[Mean    =     1575.165, StdDeviation   =      656.431]
#[Max     =     6932.000, Total count    =        89304]
#[Buckets =           27, SubBuckets     =         2048]
----------------------------------------------------------

  Latency Distribution (HdrHistogram - Uncorrected Latency (measured without taking delayed starts into account))
 50.000%  672.00us
 75.000%  820.00us
 90.000%  958.00us
 99.000% 1132.00us
 99.900% 1245.00us
 99.990% 1363.00us
 99.999% 2391.00us
100.000% 6667.00us

  Detailed Percentile spectrum:
       Value   Percentile   TotalCount 1/(1-Percentile)

     105.000     0.000000            1         1.00
     387.000     0.100000         8944         1.11
     471.000     0.200000        17957         1.25
     540.000     0.300000        26859         1.43
     606.000     0.400000        35792         1.67
     672.000     0.500000        44763         2.00
     702.000     0.550000        49199         2.22
     730.000     0.600000        53647         2.50
     759.000     0.650000        58190         2.86
     788.000     0.700000        62638         3.33
     820.000     0.750000        66993         4.00
     839.000     0.775000        69281         4.44
     859.000     0.800000        71506         5.00
     881.000     0.825000        73757         5.71
     905.000     0.850000        75958         6.67
     930.000     0.875000        78165         8.00
     944.000     0.887500        79340         8.89
     958.000     0.900000        80403        10.00
     973.000     0.912500        81497        11.43
     990.000     0.925000        82636        13.33
    1008.000     0.937500        83780        16.00
    1017.000     0.943750        84284        17.78
    1027.000     0.950000        84848        20.00
    1038.000     0.956250        85397        22.86
    1051.000     0.962500        85996        26.67
    1064.000     0.968750        86523        32.00
    1071.000     0.971875        86831        35.56
    1078.000     0.975000        87093        40.00
    1086.000     0.978125        87359        45.71
    1095.000     0.981250        87634        53.33
    1106.000     0.984375        87924        64.00
    1113.000     0.985938        88062        71.11
    1119.000     0.987500        88196        80.00
    1128.000     0.989062        88358        91.43
    1135.000     0.990625        88476       106.67
    1144.000     0.992188        88616       128.00
    1149.000     0.992969        88685       142.22
    1156.000     0.993750        88761       160.00
    1162.000     0.994531        88824       182.86
    1170.000     0.995313        88897       213.33
    1178.000     0.996094        88965       256.00
    1184.000     0.996484        88994       284.44
    1188.000     0.996875        89025       320.00
    1194.000     0.997266        89062       365.71
    1203.000     0.997656        89097       426.67
    1212.000     0.998047        89132       512.00
    1218.000     0.998242        89150       568.89
    1225.000     0.998437        89167       640.00
    1230.000     0.998633        89185       731.43
    1236.000     0.998828        89200       853.33
    1245.000     0.999023        89218      1024.00
    1247.000     0.999121        89226      1137.78
    1256.000     0.999219        89235      1280.00
    1262.000     0.999316        89244      1462.86
    1274.000     0.999414        89252      1706.67
    1287.000     0.999512        89261      2048.00
    1292.000     0.999561        89265      2275.56
    1295.000     0.999609        89270      2560.00
    1299.000     0.999658        89274      2925.71
    1302.000     0.999707        89278      3413.33
    1315.000     0.999756        89283      4096.00
    1320.000     0.999780        89285      4551.11
    1323.000     0.999805        89287      5120.00
    1329.000     0.999829        89289      5851.43
    1336.000     0.999854        89291      6826.67
    1362.000     0.999878        89294      8192.00
    1363.000     0.999890        89295      9102.22
    1366.000     0.999902        89296     10240.00
    1377.000     0.999915        89297     11702.86
    1382.000     0.999927        89298     13653.33
    1389.000     0.999939        89299     16384.00
    1408.000     0.999945        89300     18204.44
    1408.000     0.999951        89300     20480.00
    1422.000     0.999957        89302     23405.71
    1422.000     0.999963        89302     27306.67
    1422.000     0.999969        89302     32768.00
    1422.000     0.999973        89302     36408.89
    1422.000     0.999976        89302     40960.00
    2391.000     0.999979        89303     46811.43
    2391.000     0.999982        89303     54613.33
    2391.000     0.999985        89303     65536.00
    2391.000     0.999986        89303     72817.78
    2391.000     0.999988        89303     81920.00
    6667.000     0.999989        89304     93622.86
    6667.000     1.000000        89304          inf
#[Mean    =      670.804, StdDeviation   =      212.143]
#[Max     =     6664.000, Total count    =        89304]
#[Buckets =           27, SubBuckets     =         2048]
----------------------------------------------------------
  89305 requests in 10.00s, 7.49MB read
Requests/sec:   8930.41
Transfer/sec:    767.46KB

