Command: /tmp/wrk2/wrk http://10.10.1.1:8000/index.html -c 32 -t 1 -R 4000 -d 10 -L -U
Return code: 0
STDOUT:
Running 10s test @ http://10.10.1.1:8000/index.html
  1 threads and 32 connections
  Thread Stats   Avg      Stdev     Max   +/- Stdev
    Latency   1165.38u  488.37us6596.00us   61.79%
    Req/Sec       -nan      -nan   0.00      0.00%
  Latency Distribution (HdrHistogram - Recorded Latency)
 50.000% 1137.00us
 75.000% 1538.00us
 90.000% 1843.00us
 99.000% 2253.00us
 99.900% 2503.00us
 99.990% 2587.00us
 99.999% 6599.00us
100.000% 6599.00us

  Detailed Percentile spectrum:
       Value   Percentile   TotalCount 1/(1-Percentile)

     171.000     0.000000            1         1.00
     539.000     0.100000         3982         1.11
     690.000     0.200000         7946         1.25
     826.000     0.300000        11915         1.43
     993.000     0.400000        15893         1.67
    1137.000     0.500000        19868         2.00
    1207.000     0.550000        21848         2.22
    1274.000     0.600000        23841         2.50
    1360.000     0.650000        25819         2.86
    1451.000     0.700000        27809         3.33
    1538.000     0.750000        29780         4.00
    1587.000     0.775000        30788         4.44
    1638.000     0.800000        31769         5.00
    1689.000     0.825000        32764         5.71
    1739.000     0.850000        33765         6.67
    1792.000     0.875000        34758         8.00
    1817.000     0.887500        35246         8.89
    1843.000     0.900000        35747        10.00
    1872.000     0.912500        36233        11.43
    1904.000     0.925000        36736        13.33
    1940.000     0.937500        37219        16.00
    1960.000     0.943750        37475        17.78
    1982.000     0.950000        37719        20.00
    2006.000     0.956250        37967        22.86
    2037.000     0.962500        38215        26.67
    2067.000     0.968750        38469        32.00
    2087.000     0.971875        38591        35.56
    2107.000     0.975000        38719        40.00
    2129.000     0.978125        38835        45.71
    2153.000     0.981250        38956        53.33
    2183.000     0.984375        39080        64.00
    2201.000     0.985938        39147        71.11
    2221.000     0.987500        39206        80.00
    2241.000     0.989062        39266        91.43
    2261.000     0.990625        39331       106.67
    2287.000     0.992188        39392       128.00
    2303.000     0.992969        39421       142.22
    2319.000     0.993750        39453       160.00
    2343.000     0.994531        39486       182.86
    2363.000     0.995313        39516       213.33
    2393.000     0.996094        39548       256.00
    2403.000     0.996484        39563       284.44
    2415.000     0.996875        39577       320.00
    2429.000     0.997266        39597       365.71
    2445.000     0.997656        39609       426.67
    2455.000     0.998047        39625       512.00
    2463.000     0.998242        39632       568.89
    2471.000     0.998437        39639       640.00
    2483.000     0.998633        39648       731.43
    2491.000     0.998828        39654       853.33
    2507.000     0.999023        39662      1024.00
    2511.000     0.999121        39667      1137.78
    2515.000     0.999219        39669      1280.00
    2525.000     0.999316        39673      1462.86
    2529.000     0.999414        39679      1706.67
    2541.000     0.999512        39682      2048.00
    2549.000     0.999561        39683      2275.56
    2551.000     0.999609        39685      2560.00
    2555.000     0.999658        39687      2925.71
    2557.000     0.999707        39690      3413.33
    2565.000     0.999756        39691      4096.00
    2571.000     0.999780        39692      4551.11
    2575.000     0.999805        39693      5120.00
    2577.000     0.999829        39695      5851.43
    2577.000     0.999854        39695      6826.67
    2587.000     0.999878        39697      8192.00
    2587.000     0.999890        39697      9102.22
    2587.000     0.999902        39697     10240.00
    2587.000     0.999915        39697     11702.86
    2609.000     0.999927        39698     13653.33
    2609.000     0.999939        39698     16384.00
    2609.000     0.999945        39698     18204.44
    2653.000     0.999951        39699     20480.00
    2653.000     0.999957        39699     23405.71
    2653.000     0.999963        39699     27306.67
    2653.000     0.999969        39699     32768.00
    2653.000     0.999973        39699     36408.89
    6599.000     0.999976        39700     40960.00
    6599.000     1.000000        39700          inf
#[Mean    =     1165.377, StdDeviation   =      488.366]
#[Max     =     6596.000, Total count    =        39700]
#[Buckets =           27, SubBuckets     =         2048]
----------------------------------------------------------

  Latency Distribution (HdrHistogram - Uncorrected Latency (measured without taking delayed starts into account))
 50.000%  357.00us
 75.000%  415.00us
 90.000%  467.00us
 99.000%  547.00us
 99.900%  611.00us
 99.990%  743.00us
 99.999% 6363.00us
100.000% 6363.00us

  Detailed Percentile spectrum:
       Value   Percentile   TotalCount 1/(1-Percentile)

     114.000     0.000000            1         1.00
     262.000     0.100000         4054         1.11
     291.000     0.200000         8056         1.25
     313.000     0.300000        11931         1.43
     335.000     0.400000        15995         1.67
     357.000     0.500000        19987         2.00
     368.000     0.550000        22005         2.22
     379.000     0.600000        23975         2.50
     390.000     0.650000        25873         2.86
     402.000     0.700000        27916         3.33
     415.000     0.750000        29900         4.00
     421.000     0.775000        30826         4.44
     429.000     0.800000        31873         5.00
     437.000     0.825000        32772         5.71
     446.000     0.850000        33802         6.67
     456.000     0.875000        34784         8.00
     461.000     0.887500        35254         8.89
     467.000     0.900000        35768        10.00
     473.000     0.912500        36269        11.43
     480.000     0.925000        36787        13.33
     488.000     0.937500        37263        16.00
     492.000     0.943750        37505        17.78
     497.000     0.950000        37762        20.00
     502.000     0.956250        37988        22.86
     508.000     0.962500        38253        26.67
     513.000     0.968750        38469        32.00
     517.000     0.971875        38616        35.56
     520.000     0.975000        38717        40.00
     524.000     0.978125        38835        45.71
     529.000     0.981250        38959        53.33
     534.000     0.984375        39084        64.00
     538.000     0.985938        39154        71.11
     541.000     0.987500        39204        80.00
     545.000     0.989062        39278        91.43
     550.000     0.990625        39336       106.67
     555.000     0.992188        39393       128.00
     558.000     0.992969        39425       142.22
     562.000     0.993750        39456       160.00
     565.000     0.994531        39484       182.86
     570.000     0.995313        39515       213.33
     576.000     0.996094        39546       256.00
     579.000     0.996484        39561       284.44
     582.000     0.996875        39583       320.00
     584.000     0.997266        39592       365.71
     587.000     0.997656        39610       426.67
     592.000     0.998047        39625       512.00
     594.000     0.998242        39632       568.89
     598.000     0.998437        39638       640.00
     602.000     0.998633        39647       731.43
     607.000     0.998828        39656       853.33
     614.000     0.999023        39662      1024.00
     618.000     0.999121        39667      1137.78
     621.000     0.999219        39669      1280.00
     627.000     0.999316        39676      1462.86
     629.000     0.999414        39678      1706.67
     637.000     0.999512        39683      2048.00
     637.000     0.999561        39683      2275.56
     642.000     0.999609        39685      2560.00
     646.000     0.999658        39687      2925.71
     653.000     0.999707        39689      3413.33
     661.000     0.999756        39691      4096.00
     662.000     0.999780        39692      4551.11
     665.000     0.999805        39694      5120.00
     665.000     0.999829        39694      5851.43
     674.000     0.999854        39695      6826.67
     743.000     0.999878        39696      8192.00
     743.000     0.999890        39696      9102.22
     796.000     0.999902        39697     10240.00
     796.000     0.999915        39697     11702.86
     831.000     0.999927        39698     13653.33
     831.000     0.999939        39698     16384.00
     831.000     0.999945        39698     18204.44
    2127.000     0.999951        39699     20480.00
    2127.000     0.999957        39699     23405.71
    2127.000     0.999963        39699     27306.67
    2127.000     0.999969        39699     32768.00
    2127.000     0.999973        39699     36408.89
    6363.000     0.999976        39700     40960.00
    6363.000     1.000000        39700          inf
#[Mean    =      360.959, StdDeviation   =       84.641]
#[Max     =     6360.000, Total count    =        39700]
#[Buckets =           27, SubBuckets     =         2048]
----------------------------------------------------------
  39701 requests in 10.00s, 3.33MB read
Requests/sec:   3969.51
Transfer/sec:    341.13KB

