Command: /tmp/wrk2/wrk http://10.10.1.1:8000/index.html -c 32 -t 1 -R 30000 -d 10 -L -U
Return code: 0
STDOUT:
Running 10s test @ http://10.10.1.1:8000/index.html
  1 threads and 32 connections
  Thread Stats   Avg      Stdev     Max   +/- Stdev
    Latency   1323.34u  635.13us9688.00us   68.24%
    Req/Sec       -nan      -nan   0.00      0.00%
  Latency Distribution (HdrHistogram - Recorded Latency)
 50.000% 1250.00us
 75.000% 1733.00us
 90.000% 2165.00us
 99.000% 2835.00us
 99.900% 4651.00us
 99.990% 8759.00us
 99.999% 9559.00us
100.000% 9695.00us

  Detailed Percentile spectrum:
       Value   Percentile   TotalCount 1/(1-Percentile)

      79.000     0.000000            1         1.00
     577.000     0.100000        27003         1.11
     761.000     0.200000        54114         1.25
     920.000     0.300000        81061         1.43
    1081.000     0.400000       108019         1.67
    1250.000     0.500000       135104         2.00
    1337.000     0.550000       148568         2.22
    1428.000     0.600000       161974         2.50
    1525.000     0.650000       175601         2.86
    1625.000     0.700000       188987         3.33
    1733.000     0.750000       202532         4.00
    1790.000     0.775000       209220         4.44
    1852.000     0.800000       216061         5.00
    1919.000     0.825000       222786         5.71
    1992.000     0.850000       229530         6.67
    2075.000     0.875000       236309         8.00
    2119.000     0.887500       239707         8.89
    2165.000     0.900000       242965        10.00
    2219.000     0.912500       246362        11.43
    2279.000     0.925000       249742        13.33
    2347.000     0.937500       253132        16.00
    2383.000     0.943750       254792        17.78
    2423.000     0.950000       256460        20.00
    2471.000     0.956250       258196        22.86
    2521.000     0.962500       259896        26.67
    2575.000     0.968750       261574        32.00
    2605.000     0.971875       262409        35.56
    2637.000     0.975000       263253        40.00
    2671.000     0.978125       264091        45.71
    2707.000     0.981250       264935        53.33
    2747.000     0.984375       265781        64.00
    2769.000     0.985938       266179        71.11
    2793.000     0.987500       266614        80.00
    2817.000     0.989062       267006        91.43
    2847.000     0.990625       267441       106.67
    2883.000     0.992188       267862       128.00
    2905.000     0.992969       268065       142.22
    2927.000     0.993750       268268       160.00
    2955.000     0.994531       268480       182.86
    2995.000     0.995313       268699       213.33
    3057.000     0.996094       268900       256.00
    3107.000     0.996484       269006       284.44
    3177.000     0.996875       269111       320.00
    3311.000     0.997266       269215       365.71
    3469.000     0.997656       269321       426.67
    3707.000     0.998047       269427       512.00
    3853.000     0.998242       269479       568.89
    3991.000     0.998437       269532       640.00
    4131.000     0.998633       269585       731.43
    4323.000     0.998828       269637       853.33
    4699.000     0.999023       269690      1024.00
    4879.000     0.999121       269716      1137.78
    5191.000     0.999219       269743      1280.00
    5627.000     0.999316       269769      1462.86
    6143.000     0.999414       269795      1706.67
    6779.000     0.999512       269822      2048.00
    7027.000     0.999561       269835      2275.56
    7463.000     0.999609       269848      2560.00
    7643.000     0.999658       269861      2925.71
    7983.000     0.999707       269874      3413.33
    8135.000     0.999756       269888      4096.00
    8247.000     0.999780       269894      4551.11
    8431.000     0.999805       269901      5120.00
    8519.000     0.999829       269907      5851.43
    8647.000     0.999854       269914      6826.67
    8727.000     0.999878       269922      8192.00
    8743.000     0.999890       269925      9102.22
    8847.000     0.999902       269927     10240.00
    8943.000     0.999915       269931     11702.86
    9031.000     0.999927       269935     13653.33
    9063.000     0.999939       269937     16384.00
    9071.000     0.999945       269939     18204.44
    9167.000     0.999951       269940     20480.00
    9231.000     0.999957       269942     23405.71
    9351.000     0.999963       269944     27306.67
    9407.000     0.999969       269945     32768.00
    9415.000     0.999973       269947     36408.89
    9415.000     0.999976       269947     40960.00
    9527.000     0.999979       269948     46811.43
    9551.000     0.999982       269949     54613.33
    9551.000     0.999985       269949     65536.00
    9559.000     0.999986       269950     72817.78
    9559.000     0.999988       269950     81920.00
    9591.000     0.999989       269951     93622.86
    9591.000     0.999991       269951    109226.67
    9591.000     0.999992       269951    131072.00
    9663.000     0.999993       269952    145635.56
    9663.000     0.999994       269952    163840.00
    9663.000     0.999995       269952    187245.71
    9663.000     0.999995       269952    218453.33
    9663.000     0.999996       269952    262144.00
    9695.000     0.999997       269953    291271.11
    9695.000     1.000000       269953          inf
#[Mean    =     1323.342, StdDeviation   =      635.130]
#[Max     =     9688.000, Total count    =       269953]
#[Buckets =           27, SubBuckets     =         2048]
----------------------------------------------------------

  Latency Distribution (HdrHistogram - Uncorrected Latency (measured without taking delayed starts into account))
 50.000%  467.00us
 75.000%  573.00us
 90.000%  670.00us
 99.000%  875.00us
 99.900% 1300.00us
 99.990% 2012.00us
 99.999% 4375.00us
100.000% 5379.00us

  Detailed Percentile spectrum:
       Value   Percentile   TotalCount 1/(1-Percentile)

      67.000     0.000000            1         1.00
     284.000     0.100000        27117         1.11
     345.000     0.200000        54402         1.25
     387.000     0.300000        81674         1.43
     427.000     0.400000       108175         1.67
     467.000     0.500000       135491         2.00
     486.000     0.550000       148492         2.22
     506.000     0.600000       162002         2.50
     527.000     0.650000       175687         2.86
     549.000     0.700000       189463         3.33
     573.000     0.750000       202929         4.00
     586.000     0.775000       209531         4.44
     599.000     0.800000       216015         5.00
     614.000     0.825000       222830         5.71
     630.000     0.850000       229520         6.67
     649.000     0.875000       236522         8.00
     659.000     0.887500       239888         8.89
     670.000     0.900000       243191        10.00
     682.000     0.912500       246473        11.43
     696.000     0.925000       249857        13.33
     712.000     0.937500       253139        16.00
     721.000     0.943750       254801        17.78
     731.000     0.950000       256534        20.00
     742.000     0.956250       258200        22.86
     755.000     0.962500       259833        26.67
     771.000     0.968750       261590        32.00
     780.000     0.971875       262406        35.56
     790.000     0.975000       263250        40.00
     802.000     0.978125       264105        45.71
     815.000     0.981250       264905        53.33
     831.000     0.984375       265789        64.00
     841.000     0.985938       266169        71.11
     853.000     0.987500       266608        80.00
     867.000     0.989062       267028        91.43
     882.000     0.990625       267427       106.67
     906.000     0.992188       267846       128.00
     920.000     0.992969       268064       142.22
     937.000     0.993750       268273       160.00
     960.000     0.994531       268477       182.86
     994.000     0.995313       268690       213.33
    1031.000     0.996094       268902       256.00
    1052.000     0.996484       269009       284.44
    1078.000     0.996875       269115       320.00
    1103.000     0.997266       269215       365.71
    1140.000     0.997656       269321       426.67
    1175.000     0.998047       269428       512.00
    1194.000     0.998242       269480       568.89
    1220.000     0.998437       269532       640.00
    1249.000     0.998633       269584       731.43
    1278.000     0.998828       269637       853.33
    1305.000     0.999023       269690      1024.00
    1327.000     0.999121       269716      1137.78
    1367.000     0.999219       269743      1280.00
    1403.000     0.999316       269769      1462.86
    1465.000     0.999414       269795      1706.67
    1518.000     0.999512       269822      2048.00
    1559.000     0.999561       269836      2275.56
    1599.000     0.999609       269848      2560.00
    1649.000     0.999658       269861      2925.71
    1725.000     0.999707       269874      3413.33
    1788.000     0.999756       269888      4096.00
    1801.000     0.999780       269894      4551.11
    1828.000     0.999805       269901      5120.00
    1865.000     0.999829       269907      5851.43
    1940.000     0.999854       269914      6826.67
    1986.000     0.999878       269921      8192.00
    2010.000     0.999890       269924      9102.22
    2013.000     0.999902       269927     10240.00
    2032.000     0.999915       269931     11702.86
    2095.000     0.999927       269934     13653.33
    2171.000     0.999939       269937     16384.00
    2185.000     0.999945       269939     18204.44
    2195.000     0.999951       269940     20480.00
    2369.000     0.999957       269942     23405.71
    2707.000     0.999963       269944     27306.67
    2949.000     0.999969       269945     32768.00
    3223.000     0.999973       269946     36408.89
    3409.000     0.999976       269947     40960.00
    3595.000     0.999979       269948     46811.43
    4119.000     0.999982       269949     54613.33
    4119.000     0.999985       269949     65536.00
    4375.000     0.999986       269950     72817.78
    4375.000     0.999988       269950     81920.00
    4619.000     0.999989       269951     93622.86
    4619.000     0.999991       269951    109226.67
    4619.000     0.999992       269951    131072.00
    5071.000     0.999993       269952    145635.56
    5071.000     0.999994       269952    163840.00
    5071.000     0.999995       269952    187245.71
    5071.000     0.999995       269952    218453.33
    5071.000     0.999996       269952    262144.00
    5379.000     0.999997       269953    291271.11
    5379.000     1.000000       269953          inf
#[Mean    =      475.102, StdDeviation   =      158.165]
#[Max     =     5376.000, Total count    =       269953]
#[Buckets =           27, SubBuckets     =         2048]
----------------------------------------------------------
  269956 requests in 10.00s, 22.66MB read
Requests/sec:  26991.95
Transfer/sec:      2.27MB

