Command: /tmp/wrk2/wrk http://10.10.1.1:8000/index.html -c 32 -t 1 -R 7000 -d 10 -L -U
Return code: 0
STDOUT:
Running 10s test @ http://10.10.1.1:8000/index.html
  1 threads and 32 connections
  Thread Stats   Avg      Stdev     Max   +/- Stdev
    Latency   1470.77u  589.78us7720.00us   63.34%
    Req/Sec       -nan      -nan   0.00      0.00%
  Latency Distribution (HdrHistogram - Recorded Latency)
 50.000% 1360.00us
 75.000% 1934.00us
 90.000% 2349.00us
 99.000% 2769.00us
 99.900% 2951.00us
 99.990% 3125.00us
 99.999% 3373.00us
100.000% 7723.00us

  Detailed Percentile spectrum:
       Value   Percentile   TotalCount 1/(1-Percentile)

     221.000     0.000000            1         1.00
     765.000     0.100000         6946         1.11
     936.000     0.200000        13914         1.25
    1078.000     0.300000        20840         1.43
    1214.000     0.400000        27799         1.67
    1360.000     0.500000        34750         2.00
    1443.000     0.550000        38245         2.22
    1537.000     0.600000        41709         2.50
    1652.000     0.650000        45152         2.86
    1787.000     0.700000        48638         3.33
    1934.000     0.750000        52108         4.00
    2003.000     0.775000        53849         4.44
    2071.000     0.800000        55582         5.00
    2141.000     0.825000        57329         5.71
    2211.000     0.850000        59072         6.67
    2277.000     0.875000        60809         8.00
    2313.000     0.887500        61644         8.89
    2349.000     0.900000        62519        10.00
    2385.000     0.912500        63394        11.43
    2425.000     0.925000        64274        13.33
    2469.000     0.937500        65132        16.00
    2493.000     0.943750        65568        17.78
    2519.000     0.950000        66004        20.00
    2545.000     0.956250        66420        22.86
    2575.000     0.962500        66877        26.67
    2607.000     0.968750        67288        32.00
    2625.000     0.971875        67521        35.56
    2643.000     0.975000        67721        40.00
    2667.000     0.978125        67952        45.71
    2691.000     0.981250        68167        53.33
    2717.000     0.984375        68382        64.00
    2733.000     0.985938        68486        71.11
    2747.000     0.987500        68594        80.00
    2761.000     0.989062        68708        91.43
    2777.000     0.990625        68808       106.67
    2793.000     0.992188        68922       128.00
    2805.000     0.992969        68974       142.22
    2817.000     0.993750        69029       160.00
    2827.000     0.994531        69084       182.86
    2839.000     0.995313        69134       213.33
    2853.000     0.996094        69187       256.00
    2863.000     0.996484        69213       284.44
    2873.000     0.996875        69241       320.00
    2887.000     0.997266        69271       365.71
    2899.000     0.997656        69297       426.67
    2913.000     0.998047        69324       512.00
    2917.000     0.998242        69339       568.89
    2925.000     0.998437        69354       640.00
    2933.000     0.998633        69366       731.43
    2941.000     0.998828        69376       853.33
    2953.000     0.999023        69391      1024.00
    2961.000     0.999121        69399      1137.78
    2965.000     0.999219        69403      1280.00
    2973.000     0.999316        69410      1462.86
    2989.000     0.999414        69417      1706.67
    3011.000     0.999512        69424      2048.00
    3017.000     0.999561        69428      2275.56
    3021.000     0.999609        69430      2560.00
    3031.000     0.999658        69434      2925.71
    3039.000     0.999707        69437      3413.33
    3055.000     0.999756        69441      4096.00
    3059.000     0.999780        69442      4551.11
    3063.000     0.999805        69444      5120.00
    3083.000     0.999829        69446      5851.43
    3087.000     0.999854        69447      6826.67
    3103.000     0.999878        69449      8192.00
    3125.000     0.999890        69450      9102.22
    3131.000     0.999902        69451     10240.00
    3153.000     0.999915        69452     11702.86
    3153.000     0.999927        69452     13653.33
    3155.000     0.999939        69453     16384.00
    3163.000     0.999945        69454     18204.44
    3163.000     0.999951        69454     20480.00
    3189.000     0.999957        69455     23405.71
    3189.000     0.999963        69455     27306.67
    3189.000     0.999969        69455     32768.00
    3373.000     0.999973        69456     36408.89
    3373.000     0.999976        69456     40960.00
    3373.000     0.999979        69456     46811.43
    3373.000     0.999982        69456     54613.33
    3373.000     0.999985        69456     65536.00
    7723.000     0.999986        69457     72817.78
    7723.000     1.000000        69457          inf
#[Mean    =     1470.766, StdDeviation   =      589.779]
#[Max     =     7720.000, Total count    =        69457]
#[Buckets =           27, SubBuckets     =         2048]
----------------------------------------------------------

  Latency Distribution (HdrHistogram - Uncorrected Latency (measured without taking delayed starts into account))
 50.000%  568.00us
 75.000%  675.00us
 90.000%  762.00us
 99.000%  912.00us
 99.900% 1039.00us
 99.990% 1162.00us
 99.999% 2869.00us
100.000% 7291.00us

  Detailed Percentile spectrum:
       Value   Percentile   TotalCount 1/(1-Percentile)

     129.000     0.000000            1         1.00
     350.000     0.100000         6989         1.11
     420.000     0.200000        13999         1.25
     474.000     0.300000        20914         1.43
     524.000     0.400000        27884         1.67
     568.000     0.500000        34773         2.00
     589.000     0.550000        38286         2.22
     609.000     0.600000        41764         2.50
     630.000     0.650000        45177         2.86
     652.000     0.700000        48718         3.33
     675.000     0.750000        52200         4.00
     687.000     0.775000        53983         4.44
     699.000     0.800000        55601         5.00
     713.000     0.825000        57385         5.71
     727.000     0.850000        59143         6.67
     744.000     0.875000        60867         8.00
     752.000     0.887500        61665         8.89
     762.000     0.900000        62520        10.00
     773.000     0.912500        63394        11.43
     785.000     0.925000        64296        13.33
     798.000     0.937500        65193        16.00
     804.000     0.943750        65566        17.78
     813.000     0.950000        66029        20.00
     821.000     0.956250        66433        22.86
     831.000     0.962500        66863        26.67
     843.000     0.968750        67318        32.00
     849.000     0.971875        67516        35.56
     856.000     0.975000        67732        40.00
     864.000     0.978125        67955        45.71
     874.000     0.981250        68164        53.33
     886.000     0.984375        68386        64.00
     892.000     0.985938        68486        71.11
     899.000     0.987500        68593        80.00
     906.000     0.989062        68698        91.43
     915.000     0.990625        68806       106.67
     925.000     0.992188        68919       128.00
     929.000     0.992969        68974       142.22
     934.000     0.993750        69024       160.00
     941.000     0.994531        69088       182.86
     948.000     0.995313        69135       213.33
     957.000     0.996094        69188       256.00
     963.000     0.996484        69213       284.44
     970.000     0.996875        69240       320.00
     981.000     0.997266        69272       365.71
     987.000     0.997656        69296       426.67
    1000.000     0.998047        69322       512.00
    1005.000     0.998242        69336       568.89
    1011.000     0.998437        69351       640.00
    1021.000     0.998633        69368       731.43
    1026.000     0.998828        69377       853.33
    1041.000     0.999023        69390      1024.00
    1054.000     0.999121        69396      1137.78
    1066.000     0.999219        69404      1280.00
    1073.000     0.999316        69410      1462.86
    1082.000     0.999414        69417      1706.67
    1099.000     0.999512        69424      2048.00
    1101.000     0.999561        69427      2275.56
    1106.000     0.999609        69430      2560.00
    1119.000     0.999658        69434      2925.71
    1127.000     0.999707        69438      3413.33
    1133.000     0.999756        69441      4096.00
    1134.000     0.999780        69442      4551.11
    1141.000     0.999805        69444      5120.00
    1142.000     0.999829        69446      5851.43
    1146.000     0.999854        69447      6826.67
    1158.000     0.999878        69449      8192.00
    1162.000     0.999890        69450      9102.22
    1177.000     0.999902        69451     10240.00
    1178.000     0.999915        69452     11702.86
    1178.000     0.999927        69452     13653.33
    1179.000     0.999939        69453     16384.00
    1204.000     0.999945        69454     18204.44
    1204.000     0.999951        69454     20480.00
    1205.000     0.999957        69455     23405.71
    1205.000     0.999963        69455     27306.67
    1205.000     0.999969        69455     32768.00
    2869.000     0.999973        69456     36408.89
    2869.000     0.999976        69456     40960.00
    2869.000     0.999979        69456     46811.43
    2869.000     0.999982        69456     54613.33
    2869.000     0.999985        69456     65536.00
    7291.000     0.999986        69457     72817.78
    7291.000     1.000000        69457          inf
#[Mean    =      562.957, StdDeviation   =      158.029]
#[Max     =     7288.000, Total count    =        69457]
#[Buckets =           27, SubBuckets     =         2048]
----------------------------------------------------------
  69458 requests in 10.00s, 5.83MB read
Requests/sec:   6945.45
Transfer/sec:    596.87KB

