Command: /tmp/wrk2/wrk http://10.10.1.1:8000/index.html -c 32 -t 1 -R 10000 -d 10 -L -U
Return code: 0
STDOUT:
Running 10s test @ http://10.10.1.1:8000/index.html
  1 threads and 32 connections
  Thread Stats   Avg      Stdev     Max   +/- Stdev
    Latency   1605.36u  645.55us6800.00us   67.28%
    Req/Sec       -nan      -nan   0.00      0.00%
  Latency Distribution (HdrHistogram - Recorded Latency)
 50.000% 1506.00us
 75.000% 2027.00us
 90.000% 2547.00us
 99.000% 3207.00us
 99.900% 3601.00us
 99.990% 3869.00us
 99.999% 4115.00us
100.000% 6803.00us

  Detailed Percentile spectrum:
       Value   Percentile   TotalCount 1/(1-Percentile)

     122.000     0.000000            1         1.00
     843.000     0.100000         9939         1.11
    1041.000     0.200000        19899         1.25
    1192.000     0.300000        29773         1.43
    1342.000     0.400000        39745         1.67
    1506.000     0.500000        49655         2.00
    1592.000     0.550000        54626         2.22
    1681.000     0.600000        59562         2.50
    1782.000     0.650000        64513         2.86
    1898.000     0.700000        69455         3.33
    2027.000     0.750000        74436         4.00
    2093.000     0.775000        76922         4.44
    2163.000     0.800000        79408         5.00
    2243.000     0.825000        81889         5.71
    2331.000     0.850000        84380         6.67
    2431.000     0.875000        86826         8.00
    2487.000     0.887500        88085         8.89
    2547.000     0.900000        89304        10.00
    2615.000     0.912500        90538        11.43
    2685.000     0.925000        91805        13.33
    2753.000     0.937500        93038        16.00
    2787.000     0.943750        93647        17.78
    2827.000     0.950000        94264        20.00
    2875.000     0.956250        94877        22.86
    2929.000     0.962500        95506        26.67
    2983.000     0.968750        96126        32.00
    3011.000     0.971875        96435        35.56
    3041.000     0.975000        96770        40.00
    3067.000     0.978125        97048        45.71
    3095.000     0.981250        97364        53.33
    3133.000     0.984375        97677        64.00
    3151.000     0.985938        97824        71.11
    3173.000     0.987500        97982        80.00
    3195.000     0.989062        98144        91.43
    3219.000     0.990625        98307       106.67
    3245.000     0.992188        98449       128.00
    3265.000     0.992969        98523       142.22
    3287.000     0.993750        98599       160.00
    3305.000     0.994531        98676       182.86
    3333.000     0.995313        98755       213.33
    3361.000     0.996094        98831       256.00
    3381.000     0.996484        98871       284.44
    3397.000     0.996875        98909       320.00
    3425.000     0.997266        98948       365.71
    3455.000     0.997656        98987       426.67
    3497.000     0.998047        99024       512.00
    3509.000     0.998242        99043       568.89
    3529.000     0.998437        99063       640.00
    3553.000     0.998633        99082       731.43
    3583.000     0.998828        99101       853.33
    3605.000     0.999023        99122      1024.00
    3617.000     0.999121        99130      1137.78
    3631.000     0.999219        99140      1280.00
    3645.000     0.999316        99150      1462.86
    3669.000     0.999414        99160      1706.67
    3701.000     0.999512        99169      2048.00
    3713.000     0.999561        99174      2275.56
    3731.000     0.999609        99180      2560.00
    3747.000     0.999658        99184      2925.71
    3761.000     0.999707        99188      3413.33
    3781.000     0.999756        99193      4096.00
    3805.000     0.999780        99198      4551.11
    3805.000     0.999805        99198      5120.00
    3825.000     0.999829        99201      5851.43
    3837.000     0.999854        99203      6826.67
    3855.000     0.999878        99206      8192.00
    3869.000     0.999890        99207      9102.22
    3883.000     0.999902        99208     10240.00
    3889.000     0.999915        99209     11702.86
    3901.000     0.999927        99210     13653.33
    3907.000     0.999939        99211     16384.00
    3949.000     0.999945        99212     18204.44
    3953.000     0.999951        99213     20480.00
    3953.000     0.999957        99213     23405.71
    4025.000     0.999963        99214     27306.67
    4025.000     0.999969        99214     32768.00
    4053.000     0.999973        99215     36408.89
    4053.000     0.999976        99215     40960.00
    4053.000     0.999979        99215     46811.43
    4115.000     0.999982        99216     54613.33
    4115.000     0.999985        99216     65536.00
    4115.000     0.999986        99216     72817.78
    4115.000     0.999988        99216     81920.00
    4115.000     0.999989        99216     93622.86
    6803.000     0.999991        99217    109226.67
    6803.000     1.000000        99217          inf
#[Mean    =     1605.359, StdDeviation   =      645.549]
#[Max     =     6800.000, Total count    =        99217]
#[Buckets =           27, SubBuckets     =         2048]
----------------------------------------------------------

  Latency Distribution (HdrHistogram - Uncorrected Latency (measured without taking delayed starts into account))
 50.000%  730.00us
 75.000%  936.00us
 90.000% 1095.00us
 99.000% 1435.00us
 99.900% 1727.00us
 99.990% 1946.00us
 99.999% 2167.00us
100.000% 6579.00us

  Detailed Percentile spectrum:
       Value   Percentile   TotalCount 1/(1-Percentile)

      91.000     0.000000            1         1.00
     381.000     0.100000         9952         1.11
     478.000     0.200000        19894         1.25
     563.000     0.300000        29800         1.43
     645.000     0.400000        39696         1.67
     730.000     0.500000        49717         2.00
     771.000     0.550000        54687         2.22
     812.000     0.600000        59665         2.50
     850.000     0.650000        64494         2.86
     891.000     0.700000        69553         3.33
     936.000     0.750000        74482         4.00
     960.000     0.775000        76959         4.44
     985.000     0.800000        79450         5.00
    1009.000     0.825000        81870         5.71
    1036.000     0.850000        84405         6.67
    1064.000     0.875000        86880         8.00
    1079.000     0.887500        88108         8.89
    1095.000     0.900000        89302        10.00
    1113.000     0.912500        90575        11.43
    1133.000     0.925000        91786        13.33
    1157.000     0.937500        93040        16.00
    1171.000     0.943750        93677        17.78
    1186.000     0.950000        94270        20.00
    1205.000     0.956250        94878        22.86
    1227.000     0.962500        95506        26.67
    1255.000     0.968750        96124        32.00
    1271.000     0.971875        96433        35.56
    1292.000     0.975000        96743        40.00
    1312.000     0.978125        97055        45.71
    1335.000     0.981250        97365        53.33
    1366.000     0.984375        97678        64.00
    1381.000     0.985938        97833        71.11
    1399.000     0.987500        97982        80.00
    1421.000     0.989062        98137        91.43
    1445.000     0.990625        98290       106.67
    1471.000     0.992188        98443       128.00
    1489.000     0.992969        98525       142.22
    1506.000     0.993750        98602       160.00
    1526.000     0.994531        98677       182.86
    1550.000     0.995313        98753       213.33
    1574.000     0.996094        98831       256.00
    1590.000     0.996484        98869       284.44
    1603.000     0.996875        98907       320.00
    1623.000     0.997266        98949       365.71
    1642.000     0.997656        98987       426.67
    1662.000     0.998047        99024       512.00
    1671.000     0.998242        99045       568.89
    1681.000     0.998437        99064       640.00
    1695.000     0.998633        99082       731.43
    1709.000     0.998828        99101       853.33
    1729.000     0.999023        99121      1024.00
    1735.000     0.999121        99130      1137.78
    1745.000     0.999219        99140      1280.00
    1763.000     0.999316        99150      1462.86
    1777.000     0.999414        99160      1706.67
    1785.000     0.999512        99169      2048.00
    1795.000     0.999561        99175      2275.56
    1816.000     0.999609        99179      2560.00
    1827.000     0.999658        99184      2925.71
    1836.000     0.999707        99188      3413.33
    1851.000     0.999756        99193      4096.00
    1871.000     0.999780        99196      4551.11
    1890.000     0.999805        99198      5120.00
    1912.000     0.999829        99201      5851.43
    1925.000     0.999854        99203      6826.67
    1934.000     0.999878        99205      8192.00
    1946.000     0.999890        99207      9102.22
    1949.000     0.999902        99208     10240.00
    1953.000     0.999915        99209     11702.86
    1969.000     0.999927        99210     13653.33
    2006.000     0.999939        99211     16384.00
    2027.000     0.999945        99212     18204.44
    2034.000     0.999951        99213     20480.00
    2034.000     0.999957        99213     23405.71
    2107.000     0.999963        99214     27306.67
    2107.000     0.999969        99214     32768.00
    2141.000     0.999973        99215     36408.89
    2141.000     0.999976        99215     40960.00
    2141.000     0.999979        99215     46811.43
    2167.000     0.999982        99216     54613.33
    2167.000     0.999985        99216     65536.00
    2167.000     0.999986        99216     72817.78
    2167.000     0.999988        99216     81920.00
    2167.000     0.999989        99216     93622.86
    6579.000     0.999991        99217    109226.67
    6579.000     1.000000        99217          inf
#[Mean    =      738.020, StdDeviation   =      277.581]
#[Max     =     6576.000, Total count    =        99217]
#[Buckets =           27, SubBuckets     =         2048]
----------------------------------------------------------
  99218 requests in 10.00s, 8.33MB read
Requests/sec:   9921.14
Transfer/sec:    852.60KB

