Command: /tmp/wrk2/wrk http://10.10.1.1:8000/index.html -c 32 -t 1 -R 20000 -d 10 -L -U
Return code: 0
STDOUT:
Running 10s test @ http://10.10.1.1:8000/index.html
  1 threads and 32 connections
  Thread Stats   Avg      Stdev     Max   +/- Stdev
    Latency   1460.29u  664.50us6108.00us   65.87%
    Req/Sec       -nan      -nan   0.00      0.00%
  Latency Distribution (HdrHistogram - Recorded Latency)
 50.000% 1363.00us
 75.000% 1847.00us
 90.000% 2483.00us
 99.000% 3099.00us
 99.900% 3349.00us
 99.990% 3679.00us
 99.999% 4175.00us
100.000% 6111.00us

  Detailed Percentile spectrum:
       Value   Percentile   TotalCount 1/(1-Percentile)

     101.000     0.000000            1         1.00
     678.000     0.100000        19910         1.11
     867.000     0.200000        39706         1.25
    1034.000     0.300000        59577         1.43
    1200.000     0.400000        79442         1.67
    1363.000     0.500000        99293         2.00
    1442.000     0.550000       109206         2.22
    1520.000     0.600000       119083         2.50
    1606.000     0.650000       129001         2.86
    1709.000     0.700000       138930         3.33
    1847.000     0.750000       148883         4.00
    1940.000     0.775000       153792         4.44
    2044.000     0.800000       158755         5.00
    2153.000     0.825000       163765         5.71
    2263.000     0.850000       168755         6.67
    2371.000     0.875000       173708         8.00
    2427.000     0.887500       176184         8.89
    2483.000     0.900000       178618        10.00
    2543.000     0.912500       181150        11.43
    2605.000     0.925000       183637        13.33
    2669.000     0.937500       186077        16.00
    2703.000     0.943750       187314        17.78
    2739.000     0.950000       188576        20.00
    2775.000     0.956250       189764        22.86
    2817.000     0.962500       191042        26.67
    2861.000     0.968750       192242        32.00
    2887.000     0.971875       192858        35.56
    2915.000     0.975000       193513        40.00
    2945.000     0.978125       194112        45.71
    2979.000     0.981250       194743        53.33
    3013.000     0.984375       195338        64.00
    3035.000     0.985938       195653        71.11
    3059.000     0.987500       195955        80.00
    3083.000     0.989062       196266        91.43
    3111.000     0.990625       196583       106.67
    3141.000     0.992188       196895       128.00
    3157.000     0.992969       197040       142.22
    3173.000     0.993750       197207       160.00
    3189.000     0.994531       197356       182.86
    3207.000     0.995313       197505       213.33
    3229.000     0.996094       197665       256.00
    3241.000     0.996484       197748       284.44
    3251.000     0.996875       197818       320.00
    3263.000     0.997266       197897       365.71
    3279.000     0.997656       197979       426.67
    3293.000     0.998047       198056       512.00
    3303.000     0.998242       198092       568.89
    3313.000     0.998437       198133       640.00
    3321.000     0.998633       198165       731.43
    3335.000     0.998828       198204       853.33
    3353.000     0.999023       198245      1024.00
    3361.000     0.999121       198261      1137.78
    3373.000     0.999219       198283      1280.00
    3385.000     0.999316       198300      1462.86
    3399.000     0.999414       198319      1706.67
    3427.000     0.999512       198339      2048.00
    3435.000     0.999561       198349      2275.56
    3457.000     0.999609       198359      2560.00
    3481.000     0.999658       198369      2925.71
    3495.000     0.999707       198379      3413.33
    3517.000     0.999756       198387      4096.00
    3543.000     0.999780       198392      4551.11
    3561.000     0.999805       198398      5120.00
    3575.000     0.999829       198402      5851.43
    3597.000     0.999854       198406      6826.67
    3639.000     0.999878       198411      8192.00
    3659.000     0.999890       198414      9102.22
    3679.000     0.999902       198416     10240.00
    3695.000     0.999915       198419     11702.86
    3723.000     0.999927       198421     13653.33
    3763.000     0.999939       198423     16384.00
    3805.000     0.999945       198425     18204.44
    3839.000     0.999951       198426     20480.00
    3881.000     0.999957       198427     23405.71
    3913.000     0.999963       198428     27306.67
    3919.000     0.999969       198429     32768.00
    3923.000     0.999973       198430     36408.89
    4099.000     0.999976       198431     40960.00
    4099.000     0.999979       198431     46811.43
    4143.000     0.999982       198432     54613.33
    4143.000     0.999985       198432     65536.00
    4175.000     0.999986       198433     72817.78
    4175.000     0.999988       198433     81920.00
    4175.000     0.999989       198433     93622.86
    4731.000     0.999991       198434    109226.67
    4731.000     0.999992       198434    131072.00
    4731.000     0.999993       198434    145635.56
    4731.000     0.999994       198434    163840.00
    4731.000     0.999995       198434    187245.71
    6111.000     0.999995       198435    218453.33
    6111.000     1.000000       198435          inf
#[Mean    =     1460.288, StdDeviation   =      664.500]
#[Max     =     6108.000, Total count    =       198435]
#[Buckets =           27, SubBuckets     =         2048]
----------------------------------------------------------

  Latency Distribution (HdrHistogram - Uncorrected Latency (measured without taking delayed starts into account))
 50.000%  557.00us
 75.000%  732.00us
 90.000%  887.00us
 99.000% 1113.00us
 99.900% 1325.00us
 99.990% 1696.00us
 99.999% 1889.00us
100.000% 5863.00us

  Detailed Percentile spectrum:
       Value   Percentile   TotalCount 1/(1-Percentile)

      70.000     0.000000            1         1.00
     338.000     0.100000        19893         1.11
     399.000     0.200000        40026         1.25
     449.000     0.300000        59788         1.43
     501.000     0.400000        79687         1.67
     557.000     0.500000        99324         2.00
     588.000     0.550000       109196         2.22
     621.000     0.600000       119325         2.50
     655.000     0.650000       129070         2.86
     692.000     0.700000       138960         3.33
     732.000     0.750000       149012         4.00
     753.000     0.775000       153837         4.44
     776.000     0.800000       158883         5.00
     799.000     0.825000       163778         5.71
     825.000     0.850000       168718         6.67
     855.000     0.875000       173735         8.00
     871.000     0.887500       176268         8.89
     887.000     0.900000       178689        10.00
     904.000     0.912500       181140        11.43
     923.000     0.925000       183569        13.33
     946.000     0.937500       186105        16.00
     958.000     0.943750       187308        17.78
     971.000     0.950000       188588        20.00
     985.000     0.956250       189825        22.86
    1000.000     0.962500       191022        26.67
    1017.000     0.968750       192258        32.00
    1027.000     0.971875       192860        35.56
    1038.000     0.975000       193507        40.00
    1050.000     0.978125       194135        45.71
    1063.000     0.981250       194747        53.33
    1077.000     0.984375       195345        64.00
    1086.000     0.985938       195682        71.11
    1095.000     0.987500       195964        80.00
    1106.000     0.989062       196289        91.43
    1118.000     0.990625       196591       106.67
    1133.000     0.992188       196891       128.00
    1142.000     0.992969       197041       142.22
    1153.000     0.993750       197214       160.00
    1162.000     0.994531       197353       182.86
    1175.000     0.995313       197511       213.33
    1191.000     0.996094       197662       256.00
    1200.000     0.996484       197747       284.44
    1209.000     0.996875       197815       320.00
    1221.000     0.997266       197903       365.71
    1234.000     0.997656       197972       426.67
    1252.000     0.998047       198049       512.00
    1262.000     0.998242       198091       568.89
    1270.000     0.998437       198128       640.00
    1285.000     0.998633       198165       731.43
    1307.000     0.998828       198204       853.33
    1331.000     0.999023       198242      1024.00
    1346.000     0.999121       198263      1137.78
    1366.000     0.999219       198282      1280.00
    1398.000     0.999316       198300      1462.86
    1429.000     0.999414       198319      1706.67
    1458.000     0.999512       198339      2048.00
    1479.000     0.999561       198348      2275.56
    1491.000     0.999609       198358      2560.00
    1513.000     0.999658       198368      2925.71
    1552.000     0.999707       198377      3413.33
    1599.000     0.999756       198387      4096.00
    1612.000     0.999780       198392      4551.11
    1623.000     0.999805       198397      5120.00
    1656.000     0.999829       198402      5851.43
    1665.000     0.999854       198406      6826.67
    1679.000     0.999878       198411      8192.00
    1692.000     0.999890       198414      9102.22
    1696.000     0.999902       198416     10240.00
    1704.000     0.999915       198419     11702.86
    1712.000     0.999927       198421     13653.33
    1714.000     0.999939       198423     16384.00
    1728.000     0.999945       198425     18204.44
    1733.000     0.999951       198426     20480.00
    1747.000     0.999957       198427     23405.71
    1759.000     0.999963       198428     27306.67
    1773.000     0.999969       198429     32768.00
    1807.000     0.999973       198430     36408.89
    1812.000     0.999976       198431     40960.00
    1812.000     0.999979       198431     46811.43
    1844.000     0.999982       198432     54613.33
    1844.000     0.999985       198432     65536.00
    1889.000     0.999986       198433     72817.78
    1889.000     0.999988       198433     81920.00
    1889.000     0.999989       198433     93622.86
    1919.000     0.999991       198434    109226.67
    1919.000     0.999992       198434    131072.00
    1919.000     0.999993       198434    145635.56
    1919.000     0.999994       198434    163840.00
    1919.000     0.999995       198434    187245.71
    5863.000     0.999995       198435    218453.33
    5863.000     1.000000       198435          inf
#[Mean    =      587.036, StdDeviation   =      212.990]
#[Max     =     5860.000, Total count    =       198435]
#[Buckets =           27, SubBuckets     =         2048]
----------------------------------------------------------
  198436 requests in 10.00s, 16.65MB read
Requests/sec:  19843.30
Transfer/sec:      1.67MB

