Command: /tmp/wrk2/wrk http://10.10.1.1:8000/index.html -c 32 -t 1 -R 40000 -d 10 -L -U
Return code: 0
STDOUT:
Running 10s test @ http://10.10.1.1:8000/index.html
  1 threads and 32 connections
  Thread Stats   Avg      Stdev     Max   +/- Stdev
    Latency   1226.36u  585.21us4032.00us   64.34%
    Req/Sec       -nan      -nan   0.00      0.00%
  Latency Distribution (HdrHistogram - Recorded Latency)
 50.000% 1158.00us
 75.000% 1637.00us
 90.000% 2063.00us
 99.000% 2613.00us
 99.900% 2875.00us
 99.990% 3359.00us
 99.999% 3959.00us
100.000% 4033.00us

  Detailed Percentile spectrum:
       Value   Percentile   TotalCount 1/(1-Percentile)

      71.000     0.000000            1         1.00
     504.000     0.100000        39881         1.11
     679.000     0.200000        79585         1.25
     832.000     0.300000       119178         1.43
     987.000     0.400000       158833         1.67
    1158.000     0.500000       198515         2.00
    1249.000     0.550000       218381         2.22
    1339.000     0.600000       238125         2.50
    1432.000     0.650000       258149         2.86
    1528.000     0.700000       277909         3.33
    1637.000     0.750000       297682         4.00
    1696.000     0.775000       307617         4.44
    1757.000     0.800000       317505         5.00
    1825.000     0.825000       327421         5.71
    1899.000     0.850000       337376         6.67
    1976.000     0.875000       347344         8.00
    2018.000     0.887500       352277         8.89
    2063.000     0.900000       357204        10.00
    2111.000     0.912500       362210        11.43
    2163.000     0.925000       367223        13.33
    2225.000     0.937500       372168        16.00
    2257.000     0.943750       374604        17.78
    2293.000     0.950000       377119        20.00
    2329.000     0.956250       379557        22.86
    2367.000     0.962500       381990        26.67
    2411.000     0.968750       384460        32.00
    2435.000     0.971875       385717        35.56
    2459.000     0.975000       386937        40.00
    2485.000     0.978125       388174        45.71
    2515.000     0.981250       389486        53.33
    2545.000     0.984375       390713        64.00
    2561.000     0.985938       391281        71.11
    2581.000     0.987500       391920        80.00
    2601.000     0.989062       392542        91.43
    2621.000     0.990625       393133       106.67
    2647.000     0.992188       393765       128.00
    2661.000     0.992969       394079       142.22
    2675.000     0.993750       394368       160.00
    2691.000     0.994531       394685       182.86
    2709.000     0.995313       395026       213.33
    2729.000     0.996094       395311       256.00
    2741.000     0.996484       395481       284.44
    2751.000     0.996875       395609       320.00
    2765.000     0.997266       395766       365.71
    2783.000     0.997656       395940       426.67
    2801.000     0.998047       396085       512.00
    2811.000     0.998242       396160       568.89
    2823.000     0.998437       396228       640.00
    2839.000     0.998633       396307       731.43
    2855.000     0.998828       396383       853.33
    2877.000     0.999023       396467      1024.00
    2889.000     0.999121       396499      1137.78
    2901.000     0.999219       396541      1280.00
    2913.000     0.999316       396582      1462.86
    2933.000     0.999414       396617      1706.67
    2957.000     0.999512       396656      2048.00
    2973.000     0.999561       396673      2275.56
    3001.000     0.999609       396694      2560.00
    3033.000     0.999658       396713      2925.71
    3075.000     0.999707       396731      3413.33
    3145.000     0.999756       396751      4096.00
    3175.000     0.999780       396760      4551.11
    3205.000     0.999805       396771      5120.00
    3227.000     0.999829       396780      5851.43
    3267.000     0.999854       396789      6826.67
    3307.000     0.999878       396799      8192.00
    3327.000     0.999890       396805      9102.22
    3373.000     0.999902       396809     10240.00
    3423.000     0.999915       396815     11702.86
    3453.000     0.999927       396818     13653.33
    3469.000     0.999939       396823     16384.00
    3495.000     0.999945       396826     18204.44
    3515.000     0.999951       396828     20480.00
    3539.000     0.999957       396832     23405.71
    3545.000     0.999963       396833     27306.67
    3625.000     0.999969       396835     32768.00
    3711.000     0.999973       396837     36408.89
    3755.000     0.999976       396838     40960.00
    3875.000     0.999979       396839     46811.43
    3905.000     0.999982       396840     54613.33
    3921.000     0.999985       396841     65536.00
    3927.000     0.999986       396842     72817.78
    3959.000     0.999988       396843     81920.00
    3959.000     0.999989       396843     93622.86
    3977.000     0.999991       396844    109226.67
    3977.000     0.999992       396844    131072.00
    3985.000     0.999993       396845    145635.56
    3985.000     0.999994       396845    163840.00
    3985.000     0.999995       396845    187245.71
    3995.000     0.999995       396846    218453.33
    3995.000     0.999996       396846    262144.00
    3995.000     0.999997       396846    291271.11
    3995.000     0.999997       396846    327680.00
    3995.000     0.999997       396846    374491.43
    4033.000     0.999998       396847    436906.67
    4033.000     1.000000       396847          inf
#[Mean    =     1226.355, StdDeviation   =      585.214]
#[Max     =     4032.000, Total count    =       396847]
#[Buckets =           27, SubBuckets     =         2048]
----------------------------------------------------------

  Latency Distribution (HdrHistogram - Uncorrected Latency (measured without taking delayed starts into account))
 50.000%  435.00us
 75.000%  534.00us
 90.000%  615.00us
 99.000%  760.00us
 99.900%  907.00us
 99.990% 1078.00us
 99.999% 1405.00us
100.000% 1542.00us

  Detailed Percentile spectrum:
       Value   Percentile   TotalCount 1/(1-Percentile)

      54.000     0.000000            1         1.00
     242.000     0.100000        40213         1.11
     304.000     0.200000        79567         1.25
     355.000     0.300000       119263         1.43
     397.000     0.400000       159764         1.67
     435.000     0.500000       199285         2.00
     454.000     0.550000       218902         2.22
     473.000     0.600000       238581         2.50
     492.000     0.650000       258091         2.86
     513.000     0.700000       278632         3.33
     534.000     0.750000       298472         4.00
     544.000     0.775000       307561         4.44
     556.000     0.800000       317763         5.00
     569.000     0.825000       328168         5.71
     582.000     0.850000       337524         6.67
     597.000     0.875000       347335         8.00
     606.000     0.887500       352606         8.89
     615.000     0.900000       357384        10.00
     625.000     0.912500       362340        11.43
     636.000     0.925000       367230        13.33
     649.000     0.937500       372352        16.00
     656.000     0.943750       374775        17.78
     663.000     0.950000       377078        20.00
     672.000     0.956250       379586        22.86
     682.000     0.962500       382100        26.67
     693.000     0.968750       384533        32.00
     699.000     0.971875       385719        35.56
     706.000     0.975000       387003        40.00
     714.000     0.978125       388272        45.71
     723.000     0.981250       389489        53.33
     734.000     0.984375       390737        64.00
     740.000     0.985938       391330        71.11
     747.000     0.987500       391925        80.00
     755.000     0.989062       392555        91.43
     763.000     0.990625       393137       106.67
     774.000     0.992188       393780       128.00
     780.000     0.992969       394080       142.22
     787.000     0.993750       394393       160.00
     795.000     0.994531       394694       182.86
     804.000     0.995313       394990       213.33
     817.000     0.996094       395313       256.00
     822.000     0.996484       395453       284.44
     830.000     0.996875       395630       320.00
     838.000     0.997266       395777       365.71
     848.000     0.997656       395934       426.67
     860.000     0.998047       396079       512.00
     867.000     0.998242       396154       568.89
     875.000     0.998437       396237       640.00
     888.000     0.998633       396311       731.43
     897.000     0.998828       396386       853.33
     909.000     0.999023       396461      1024.00
     919.000     0.999121       396501      1137.78
     926.000     0.999219       396541      1280.00
     938.000     0.999316       396577      1462.86
     949.000     0.999414       396617      1706.67
     963.000     0.999512       396656      2048.00
     971.000     0.999561       396673      2275.56
     980.000     0.999609       396692      2560.00
     994.000     0.999658       396713      2925.71
    1005.000     0.999707       396732      3413.33
    1018.000     0.999756       396751      4096.00
    1023.000     0.999780       396762      4551.11
    1029.000     0.999805       396770      5120.00
    1041.000     0.999829       396780      5851.43
    1052.000     0.999854       396793      6826.67
    1062.000     0.999878       396800      8192.00
    1075.000     0.999890       396804      9102.22
    1081.000     0.999902       396809     10240.00
    1095.000     0.999915       396814     11702.86
    1105.000     0.999927       396818     13653.33
    1113.000     0.999939       396823     16384.00
    1124.000     0.999945       396827     18204.44
    1128.000     0.999951       396828     20480.00
    1138.000     0.999957       396831     23405.71
    1184.000     0.999963       396833     27306.67
    1217.000     0.999969       396836     32768.00
    1256.000     0.999973       396837     36408.89
    1264.000     0.999976       396838     40960.00
    1304.000     0.999979       396839     46811.43
    1340.000     0.999982       396840     54613.33
    1368.000     0.999985       396841     65536.00
    1384.000     0.999986       396842     72817.78
    1405.000     0.999988       396843     81920.00
    1405.000     0.999989       396843     93622.86
    1449.000     0.999991       396844    109226.67
    1449.000     0.999992       396844    131072.00
    1473.000     0.999993       396845    145635.56
    1473.000     0.999994       396845    163840.00
    1473.000     0.999995       396845    187245.71
    1493.000     0.999995       396846    218453.33
    1493.000     0.999996       396846    262144.00
    1493.000     0.999997       396846    291271.11
    1493.000     0.999997       396846    327680.00
    1493.000     0.999997       396846    374491.43
    1542.000     0.999998       396847    436906.67
    1542.000     1.000000       396847          inf
#[Mean    =      434.001, StdDeviation   =      140.993]
#[Max     =     1542.000, Total count    =       396847]
#[Buckets =           27, SubBuckets     =         2048]
----------------------------------------------------------
  396849 requests in 10.00s, 33.30MB read
Requests/sec:  39684.19
Transfer/sec:      3.33MB

