Command: /tmp/wrk2/wrk http://10.10.1.1:8000/index.html -c 32 -t 1 -R 55000 -d 10 -L -U
Return code: 0
STDOUT:
Running 10s test @ http://10.10.1.1:8000/index.html
  1 threads and 32 connections
  Thread Stats   Avg      Stdev     Max   +/- Stdev
    Latency   7014.94u15223.95us119232.00   88.56%
    Req/Sec       -nan      -nan   0.00      0.00%
  Latency Distribution (HdrHistogram - Recorded Latency)
 50.000% 1079.00us
 75.000% 2475.00us
 90.000%25663.00us
 99.000%74815.00us
 99.900%107135.00u
 99.990%118335.00u
 99.999%118911.00u
100.000%119295.00u

  Detailed Percentile spectrum:
       Value   Percentile   TotalCount 1/(1-Percentile)

      71.000     0.000000            1         1.00
     545.000     0.100000        54576         1.11
     676.000     0.200000       109045         1.25
     800.000     0.300000       163583         1.43
     932.000     0.400000       217889         1.67
    1079.000     0.500000       272624         2.00
    1163.000     0.550000       299677         2.22
    1261.000     0.600000       327004         2.50
    1383.000     0.650000       354087         2.86
    1588.000     0.700000       381284         3.33
    2475.000     0.750000       408488         4.00
    3619.000     0.775000       422086         4.44
    5583.000     0.800000       435695         5.00
    8975.000     0.825000       449307         5.71
   13551.000     0.850000       462924         6.67
   19487.000     0.875000       476571         8.00
   22799.000     0.887500       483360         8.89
   25663.000     0.900000       490151        10.00
   28031.000     0.912500       496982        11.43
   31247.000     0.925000       503778        13.33
   35615.000     0.937500       510575        16.00
   38847.000     0.943750       513990        17.78
   41759.000     0.950000       517396        20.00
   45023.000     0.956250       520790        22.86
   48639.000     0.962500       524211        26.67
   52447.000     0.968750       527606        32.00
   54495.000     0.971875       529296        35.56
   56447.000     0.975000       531002        40.00
   58687.000     0.978125       532703        45.71
   61887.000     0.981250       534402        53.33
   65919.000     0.984375       536120        64.00
   68031.000     0.985938       536966        71.11
   70463.000     0.987500       537818        80.00
   73087.000     0.989062       538662        91.43
   76095.000     0.990625       539525       106.67
   79679.000     0.992188       540366       128.00
   80959.000     0.992969       540812       142.22
   82431.000     0.993750       541210       160.00
   83647.000     0.994531       541644       182.86
   85247.000     0.995313       542081       213.33
   89919.000     0.996094       542486       256.00
   92799.000     0.996484       542703       284.44
   94655.000     0.996875       542917       320.00
   95935.000     0.997266       543136       365.71
   97791.000     0.997656       543336       426.67
   99007.000     0.998047       543554       512.00
  100479.000     0.998242       543655       568.89
  102079.000     0.998437       543761       640.00
  103039.000     0.998633       543867       731.43
  104191.000     0.998828       543982       853.33
  108159.000     0.999023       544083      1024.00
  109887.000     0.999121       544136      1137.78
  112959.000     0.999219       544187      1280.00
  113343.000     0.999316       544245      1462.86
  114239.000     0.999414       544299      1706.67
  114815.000     0.999512       544347      2048.00
  115391.000     0.999561       544372      2275.56
  115775.000     0.999609       544403      2560.00
  116287.000     0.999658       544425      2925.71
  116735.000     0.999707       544457      3413.33
  117311.000     0.999756       544480      4096.00
  117375.000     0.999780       544493      4551.11
  117503.000     0.999805       544506      5120.00
  117759.000     0.999829       544522      5851.43
  117887.000     0.999854       544534      6826.67
  118079.000     0.999878       544547      8192.00
  118271.000     0.999890       544556      9102.22
  118335.000     0.999902       544564     10240.00
  118399.000     0.999915       544570     11702.86
  118463.000     0.999927       544579     13653.33
  118463.000     0.999939       544579     16384.00
  118527.000     0.999945       544586     18204.44
  118527.000     0.999951       544586     20480.00
  118591.000     0.999957       544592     23405.71
  118591.000     0.999963       544592     27306.67
  118655.000     0.999969       544599     32768.00
  118655.000     0.999973       544599     36408.89
  118655.000     0.999976       544599     40960.00
  118719.000     0.999979       544600     46811.43
  118847.000     0.999982       544603     54613.33
  118847.000     0.999985       544603     65536.00
  118911.000     0.999986       544606     72817.78
  118911.000     0.999988       544606     81920.00
  118911.000     0.999989       544606     93622.86
  118975.000     0.999991       544607    109226.67
  118975.000     0.999992       544607    131072.00
  119039.000     0.999993       544608    145635.56
  119039.000     0.999994       544608    163840.00
  119103.000     0.999995       544610    187245.71
  119103.000     0.999995       544610    218453.33
  119103.000     0.999996       544610    262144.00
  119103.000     0.999997       544610    291271.11
  119103.000     0.999997       544610    327680.00
  119103.000     0.999997       544610    374491.43
  119103.000     0.999998       544610    436906.67
  119103.000     0.999998       544610    524288.00
  119295.000     0.999998       544611    582542.22
  119295.000     1.000000       544611          inf
#[Mean    =     7014.937, StdDeviation   =    15223.946]
#[Max     =   119232.000, Total count    =       544611]
#[Buckets =           27, SubBuckets     =         2048]
----------------------------------------------------------

  Latency Distribution (HdrHistogram - Uncorrected Latency (measured without taking delayed starts into account))
 50.000%  498.00us
 75.000%  579.00us
 90.000%  633.00us
 99.000%  745.00us
 99.900%  852.00us
 99.990%  956.00us
 99.999% 1204.00us
100.000% 1217.00us

  Detailed Percentile spectrum:
       Value   Percentile   TotalCount 1/(1-Percentile)

      50.000     0.000000            2         1.00
     301.000     0.100000        54723         1.11
     368.000     0.200000       108974         1.25
     414.000     0.300000       163682         1.43
     456.000     0.400000       218391         1.67
     498.000     0.500000       273640         2.00
     517.000     0.550000       300999         2.22
     534.000     0.600000       328219         2.50
     549.000     0.650000       354324         2.86
     564.000     0.700000       382248         3.33
     579.000     0.750000       410257         4.00
     586.000     0.775000       422779         4.44
     594.000     0.800000       436839         5.00
     602.000     0.825000       449982         5.71
     611.000     0.850000       463508         6.67
     621.000     0.875000       477055         8.00
     627.000     0.887500       484290         8.89
     633.000     0.900000       490879        10.00
     640.000     0.912500       497760        11.43
     647.000     0.925000       503864        13.33
     656.000     0.937500       510662        16.00
     661.000     0.943750       514018        17.78
     667.000     0.950000       517567        20.00
     673.000     0.956250       520799        22.86
     681.000     0.962500       524456        26.67
     689.000     0.968750       527605        32.00
     695.000     0.971875       529526        35.56
     701.000     0.975000       531213        40.00
     708.000     0.978125       532935        45.71
     715.000     0.981250       534513        53.33
     724.000     0.984375       536270        64.00
     729.000     0.985938       537085        71.11
     734.000     0.987500       537838        80.00
     741.000     0.989062       538777        91.43
     748.000     0.990625       539550       106.67
     756.000     0.992188       540357       128.00
     761.000     0.992969       540783       142.22
     767.000     0.993750       541255       160.00
     774.000     0.994531       541691       182.86
     781.000     0.995313       542112       213.33
     789.000     0.996094       542521       256.00
     794.000     0.996484       542736       284.44
     799.000     0.996875       542945       320.00
     804.000     0.997266       543126       365.71
     811.000     0.997656       543348       426.67
     820.000     0.998047       543554       512.00
     825.000     0.998242       543664       568.89
     830.000     0.998437       543763       640.00
     837.000     0.998633       543871       731.43
     845.000     0.998828       543979       853.33
     853.000     0.999023       544085      1024.00
     859.000     0.999121       544140      1137.78
     865.000     0.999219       544187      1280.00
     872.000     0.999316       544246      1462.86
     878.000     0.999414       544294      1706.67
     887.000     0.999512       544346      2048.00
     891.000     0.999561       544373      2275.56
     899.000     0.999609       544404      2560.00
     905.000     0.999658       544429      2925.71
     911.000     0.999707       544455      3413.33
     921.000     0.999756       544480      4096.00
     925.000     0.999780       544496      4551.11
     930.000     0.999805       544507      5120.00
     933.000     0.999829       544519      5851.43
     938.000     0.999854       544532      6826.67
     952.000     0.999878       544549      8192.00
     955.000     0.999890       544555      9102.22
     958.000     0.999902       544558     10240.00
     964.000     0.999915       544565     11702.86
     971.000     0.999927       544574     13653.33
     974.000     0.999939       544578     16384.00
     980.000     0.999945       544582     18204.44
     988.000     0.999951       544585     20480.00
    1000.000     0.999957       544589     23405.71
    1005.000     0.999963       544592     27306.67
    1018.000     0.999969       544596     32768.00
    1022.000     0.999973       544597     36408.89
    1025.000     0.999976       544598     40960.00
    1045.000     0.999979       544600     46811.43
    1108.000     0.999982       544602     54613.33
    1123.000     0.999985       544603     65536.00
    1171.000     0.999986       544604     72817.78
    1183.000     0.999988       544605     81920.00
    1204.000     0.999989       544606     93622.86
    1209.000     0.999991       544607    109226.67
    1209.000     0.999992       544607    131072.00
    1210.000     0.999993       544608    145635.56
    1210.000     0.999994       544608    163840.00
    1212.000     0.999995       544609    187245.71
    1212.000     0.999995       544609    218453.33
    1212.000     0.999996       544609    262144.00
    1213.000     0.999997       544610    291271.11
    1213.000     0.999997       544610    327680.00
    1213.000     0.999997       544610    374491.43
    1213.000     0.999998       544610    436906.67
    1213.000     0.999998       544610    524288.00
    1217.000     0.999998       544611    582542.22
    1217.000     1.000000       544611          inf
#[Mean    =      481.982, StdDeviation   =      129.175]
#[Max     =     1217.000, Total count    =       544611]
#[Buckets =           27, SubBuckets     =         2048]
----------------------------------------------------------
  544612 requests in 10.00s, 45.71MB read
Requests/sec:  54460.63
Transfer/sec:      4.57MB

