Command: /tmp/wrk2/wrk http://10.10.1.1:8000/index.html -c 32 -t 1 -R 2000 -d 10 -L -U
Return code: 0
STDOUT:
Running 10s test @ http://10.10.1.1:8000/index.html
  1 threads and 32 connections
  Thread Stats   Avg      Stdev     Max   +/- Stdev
    Latency   1037.24u  420.49us6136.00us   61.84%
    Req/Sec       -nan      -nan   0.00      0.00%
  Latency Distribution (HdrHistogram - Recorded Latency)
 50.000% 1030.00us
 75.000% 1366.00us
 90.000% 1602.00us
 99.000% 1952.00us
 99.900% 2307.00us
 99.990% 2433.00us
 99.999% 6139.00us
100.000% 6139.00us

  Detailed Percentile spectrum:
       Value   Percentile   TotalCount 1/(1-Percentile)

     162.000     0.000000            1         1.00
     489.000     0.100000         1991         1.11
     625.000     0.200000         3991         1.25
     760.000     0.300000         5958         1.43
     900.000     0.400000         7947         1.67
    1030.000     0.500000         9942         2.00
    1090.000     0.550000        10930         2.22
    1145.000     0.600000        11926         2.50
    1212.000     0.650000        12925         2.86
    1284.000     0.700000        13903         3.33
    1366.000     0.750000        14898         4.00
    1405.000     0.775000        15402         4.44
    1444.000     0.800000        15890         5.00
    1484.000     0.825000        16392         5.71
    1524.000     0.850000        16897         6.67
    1561.000     0.875000        17383         8.00
    1581.000     0.887500        17628         8.89
    1602.000     0.900000        17872        10.00
    1625.000     0.912500        18131        11.43
    1647.000     0.925000        18368        13.33
    1674.000     0.937500        18617        16.00
    1692.000     0.943750        18742        17.78
    1711.000     0.950000        18872        20.00
    1725.000     0.956250        18989        22.86
    1745.000     0.962500        19117        26.67
    1770.000     0.968750        19238        32.00
    1785.000     0.971875        19299        35.56
    1804.000     0.975000        19361        40.00
    1823.000     0.978125        19425        45.71
    1850.000     0.981250        19485        53.33
    1875.000     0.984375        19548        64.00
    1890.000     0.985938        19578        71.11
    1910.000     0.987500        19609        80.00
    1935.000     0.989062        19640        91.43
    1967.000     0.990625        19674       106.67
    2003.000     0.992188        19703       128.00
    2023.000     0.992969        19718       142.22
    2055.000     0.993750        19734       160.00
    2081.000     0.994531        19749       182.86
    2103.000     0.995313        19764       213.33
    2129.000     0.996094        19780       256.00
    2149.000     0.996484        19788       284.44
    2167.000     0.996875        19795       320.00
    2185.000     0.997266        19803       365.71
    2213.000     0.997656        19811       426.67
    2233.000     0.998047        19819       512.00
    2245.000     0.998242        19825       568.89
    2249.000     0.998437        19827       640.00
    2259.000     0.998633        19830       731.43
    2281.000     0.998828        19834       853.33
    2321.000     0.999023        19838      1024.00
    2341.000     0.999121        19840      1137.78
    2359.000     0.999219        19843      1280.00
    2361.000     0.999316        19844      1462.86
    2369.000     0.999414        19846      1706.67
    2383.000     0.999512        19848      2048.00
    2391.000     0.999561        19849      2275.56
    2399.000     0.999609        19851      2560.00
    2399.000     0.999658        19851      2925.71
    2401.000     0.999707        19852      3413.33
    2423.000     0.999756        19853      4096.00
    2423.000     0.999780        19853      4551.11
    2425.000     0.999805        19854      5120.00
    2425.000     0.999829        19854      5851.43
    2433.000     0.999854        19855      6826.67
    2433.000     0.999878        19855      8192.00
    2433.000     0.999890        19855      9102.22
    2487.000     0.999902        19856     10240.00
    2487.000     0.999915        19856     11702.86
    2487.000     0.999927        19856     13653.33
    2487.000     0.999939        19856     16384.00
    2487.000     0.999945        19856     18204.44
    6139.000     0.999951        19857     20480.00
    6139.000     1.000000        19857          inf
#[Mean    =     1037.239, StdDeviation   =      420.491]
#[Max     =     6136.000, Total count    =        19857]
#[Buckets =           27, SubBuckets     =         2048]
----------------------------------------------------------

  Latency Distribution (HdrHistogram - Uncorrected Latency (measured without taking delayed starts into account))
 50.000%  280.00us
 75.000%  322.00us
 90.000%  365.00us
 99.000%  430.00us
 99.900%  477.00us
 99.990%  531.00us
 99.999% 5803.00us
100.000% 5803.00us

  Detailed Percentile spectrum:
       Value   Percentile   TotalCount 1/(1-Percentile)

     103.000     0.000000            1         1.00
     216.000     0.100000         2000         1.11
     239.000     0.200000         4057         1.25
     251.000     0.300000         5965         1.43
     266.000     0.400000         8042         1.67
     280.000     0.500000        10015         2.00
     287.000     0.550000        11002         2.22
     295.000     0.600000        11972         2.50
     303.000     0.650000        12923         2.86
     312.000     0.700000        13981         3.33
     322.000     0.750000        14894         4.00
     328.000     0.775000        15433         4.44
     334.000     0.800000        15961         5.00
     340.000     0.825000        16394         5.71
     347.000     0.850000        16915         6.67
     355.000     0.875000        17425         8.00
     359.000     0.887500        17626         8.89
     365.000     0.900000        17905        10.00
     370.000     0.912500        18132        11.43
     377.000     0.925000        18378        13.33
     384.000     0.937500        18641        16.00
     388.000     0.943750        18760        17.78
     391.000     0.950000        18865        20.00
     395.000     0.956250        18999        22.86
     399.000     0.962500        19114        26.67
     404.000     0.968750        19237        32.00
     408.000     0.971875        19315        35.56
     411.000     0.975000        19380        40.00
     414.000     0.978125        19441        45.71
     417.000     0.981250        19493        53.33
     421.000     0.984375        19551        64.00
     423.000     0.985938        19581        71.11
     426.000     0.987500        19623        80.00
     429.000     0.989062        19647        91.43
     432.000     0.990625        19679       106.67
     435.000     0.992188        19706       128.00
     438.000     0.992969        19726       142.22
     439.000     0.993750        19734       160.00
     442.000     0.994531        19753       182.86
     444.000     0.995313        19768       213.33
     447.000     0.996094        19782       256.00
     449.000     0.996484        19790       284.44
     451.000     0.996875        19795       320.00
     455.000     0.997266        19803       365.71
     461.000     0.997656        19811       426.67
     465.000     0.998047        19823       512.00
     465.000     0.998242        19823       568.89
     468.000     0.998437        19826       640.00
     471.000     0.998633        19831       731.43
     475.000     0.998828        19834       853.33
     478.000     0.999023        19838      1024.00
     484.000     0.999121        19841      1137.78
     485.000     0.999219        19842      1280.00
     488.000     0.999316        19844      1462.86
     490.000     0.999414        19846      1706.67
     492.000     0.999512        19848      2048.00
     499.000     0.999561        19849      2275.56
     510.000     0.999609        19850      2560.00
     515.000     0.999658        19851      2925.71
     518.000     0.999707        19852      3413.33
     527.000     0.999756        19853      4096.00
     527.000     0.999780        19853      4551.11
     528.000     0.999805        19854      5120.00
     528.000     0.999829        19854      5851.43
     531.000     0.999854        19855      6826.67
     531.000     0.999878        19855      8192.00
     531.000     0.999890        19855      9102.22
    1448.000     0.999902        19856     10240.00
    1448.000     0.999915        19856     11702.86
    1448.000     0.999927        19856     13653.33
    1448.000     0.999939        19856     16384.00
    1448.000     0.999945        19856     18204.44
    5803.000     0.999951        19857     20480.00
    5803.000     1.000000        19857          inf
#[Mean    =      286.621, StdDeviation   =       69.332]
#[Max     =     5800.000, Total count    =        19857]
#[Buckets =           27, SubBuckets     =         2048]
----------------------------------------------------------
  19858 requests in 10.00s, 1.67MB read
Requests/sec:   1985.77
Transfer/sec:    170.65KB

