Command: /tmp/wrk2/wrk http://10.10.1.1:8000/index.html -c 32 -t 1 -R 3000 -d 10 -L -U
Return code: 0
STDOUT:
Running 10s test @ http://10.10.1.1:8000/index.html
  1 threads and 32 connections
  Thread Stats   Avg      Stdev     Max   +/- Stdev
    Latency   1145.67u  470.24us7400.00us   62.47%
    Req/Sec       -nan      -nan   0.00      0.00%
  Latency Distribution (HdrHistogram - Recorded Latency)
 50.000% 1128.00us
 75.000% 1514.00us
 90.000% 1784.00us
 99.000% 2143.00us
 99.900% 2355.00us
 99.990% 2535.00us
 99.999% 7403.00us
100.000% 7403.00us

  Detailed Percentile spectrum:
       Value   Percentile   TotalCount 1/(1-Percentile)

     158.000     0.000000            1         1.00
     515.000     0.100000         2980         1.11
     695.000     0.200000         5958         1.25
     843.000     0.300000         8940         1.43
     983.000     0.400000        11933         1.67
    1128.000     0.500000        14890         2.00
    1203.000     0.550000        16391         2.22
    1272.000     0.600000        17892         2.50
    1350.000     0.650000        19361         2.86
    1431.000     0.700000        20859         3.33
    1514.000     0.750000        22345         4.00
    1554.000     0.775000        23086         4.44
    1596.000     0.800000        23838         5.00
    1640.000     0.825000        24576         5.71
    1686.000     0.850000        25314         6.67
    1733.000     0.875000        26062         8.00
    1757.000     0.887500        26431         8.89
    1784.000     0.900000        26807        10.00
    1812.000     0.912500        27173        11.43
    1841.000     0.925000        27544        13.33
    1875.000     0.937500        27919        16.00
    1895.000     0.943750        28103        17.78
    1916.000     0.950000        28292        20.00
    1938.000     0.956250        28476        22.86
    1965.000     0.962500        28665        26.67
    1992.000     0.968750        28851        32.00
    2007.000     0.971875        28944        35.56
    2020.000     0.975000        29033        40.00
    2038.000     0.978125        29128        45.71
    2061.000     0.981250        29221        53.33
    2087.000     0.984375        29316        64.00
    2101.000     0.985938        29365        71.11
    2113.000     0.987500        29404        80.00
    2133.000     0.989062        29455        91.43
    2155.000     0.990625        29501       106.67
    2177.000     0.992188        29544       128.00
    2189.000     0.992969        29568       142.22
    2203.000     0.993750        29590       160.00
    2219.000     0.994531        29614       182.86
    2239.000     0.995313        29641       213.33
    2253.000     0.996094        29661       256.00
    2267.000     0.996484        29675       284.44
    2279.000     0.996875        29683       320.00
    2287.000     0.997266        29697       365.71
    2295.000     0.997656        29709       426.67
    2305.000     0.998047        29720       512.00
    2311.000     0.998242        29726       568.89
    2317.000     0.998437        29730       640.00
    2335.000     0.998633        29736       731.43
    2349.000     0.998828        29742       853.33
    2357.000     0.999023        29749      1024.00
    2359.000     0.999121        29753      1137.78
    2359.000     0.999219        29753      1280.00
    2369.000     0.999316        29756      1462.86
    2377.000     0.999414        29759      1706.67
    2393.000     0.999512        29762      2048.00
    2395.000     0.999561        29763      2275.56
    2409.000     0.999609        29765      2560.00
    2411.000     0.999658        29766      2925.71
    2447.000     0.999707        29768      3413.33
    2455.000     0.999756        29769      4096.00
    2493.000     0.999780        29770      4551.11
    2505.000     0.999805        29771      5120.00
    2505.000     0.999829        29771      5851.43
    2523.000     0.999854        29772      6826.67
    2535.000     0.999878        29773      8192.00
    2535.000     0.999890        29773      9102.22
    2539.000     0.999902        29774     10240.00
    2539.000     0.999915        29774     11702.86
    2539.000     0.999927        29774     13653.33
    2655.000     0.999939        29775     16384.00
    2655.000     0.999945        29775     18204.44
    2655.000     0.999951        29775     20480.00
    2655.000     0.999957        29775     23405.71
    2655.000     0.999963        29775     27306.67
    7403.000     0.999969        29776     32768.00
    7403.000     1.000000        29776          inf
#[Mean    =     1145.675, StdDeviation   =      470.243]
#[Max     =     7400.000, Total count    =        29776]
#[Buckets =           27, SubBuckets     =         2048]
----------------------------------------------------------

  Latency Distribution (HdrHistogram - Uncorrected Latency (measured without taking delayed starts into account))
 50.000%  320.00us
 75.000%  366.00us
 90.000%  408.00us
 99.000%  480.00us
 99.900%  546.00us
 99.990%  597.00us
 99.999% 7191.00us
100.000% 7191.00us

  Detailed Percentile spectrum:
       Value   Percentile   TotalCount 1/(1-Percentile)

     117.000     0.000000            1         1.00
     239.000     0.100000         3040         1.11
     263.000     0.200000         6026         1.25
     283.000     0.300000         8934         1.43
     302.000     0.400000        11926         1.67
     320.000     0.500000        14987         2.00
     328.000     0.550000        16399         2.22
     337.000     0.600000        17903         2.50
     346.000     0.650000        19367         2.86
     356.000     0.700000        20896         3.33
     366.000     0.750000        22342         4.00
     372.000     0.775000        23085         4.44
     378.000     0.800000        23850         5.00
     385.000     0.825000        24625         5.71
     392.000     0.850000        25350         6.67
     400.000     0.875000        26109         8.00
     404.000     0.887500        26480         8.89
     408.000     0.900000        26838        10.00
     413.000     0.912500        27208        11.43
     418.000     0.925000        27558        13.33
     424.000     0.937500        27918        16.00
     428.000     0.943750        28135        17.78
     432.000     0.950000        28337        20.00
     436.000     0.956250        28515        22.86
     440.000     0.962500        28669        26.67
     446.000     0.968750        28869        32.00
     449.000     0.971875        28964        35.56
     452.000     0.975000        29049        40.00
     456.000     0.978125        29143        45.71
     461.000     0.981250        29230        53.33
     465.000     0.984375        29316        64.00
     469.000     0.985938        29362        71.11
     473.000     0.987500        29408        80.00
     477.000     0.989062        29455        91.43
     482.000     0.990625        29504       106.67
     487.000     0.992188        29549       128.00
     489.000     0.992969        29573       142.22
     492.000     0.993750        29595       160.00
     495.000     0.994531        29615       182.86
     499.000     0.995313        29639       213.33
     504.000     0.996094        29661       256.00
     509.000     0.996484        29675       284.44
     513.000     0.996875        29686       320.00
     515.000     0.997266        29695       365.71
     521.000     0.997656        29708       426.67
     525.000     0.998047        29718       512.00
     529.000     0.998242        29725       568.89
     531.000     0.998437        29730       640.00
     533.000     0.998633        29736       731.43
     541.000     0.998828        29742       853.33
     547.000     0.999023        29748      1024.00
     548.000     0.999121        29751      1137.78
     549.000     0.999219        29754      1280.00
     551.000     0.999316        29756      1462.86
     557.000     0.999414        29759      1706.67
     570.000     0.999512        29763      2048.00
     570.000     0.999561        29763      2275.56
     571.000     0.999609        29765      2560.00
     573.000     0.999658        29766      2925.71
     576.000     0.999707        29769      3413.33
     576.000     0.999756        29769      4096.00
     579.000     0.999780        29770      4551.11
     587.000     0.999805        29771      5120.00
     587.000     0.999829        29771      5851.43
     595.000     0.999854        29772      6826.67
     597.000     0.999878        29773      8192.00
     597.000     0.999890        29773      9102.22
     611.000     0.999902        29774     10240.00
     611.000     0.999915        29774     11702.86
     611.000     0.999927        29774     13653.33
    1829.000     0.999939        29775     16384.00
    1829.000     0.999945        29775     18204.44
    1829.000     0.999951        29775     20480.00
    1829.000     0.999957        29775     23405.71
    1829.000     0.999963        29775     27306.67
    7191.000     0.999969        29776     32768.00
    7191.000     1.000000        29776          inf
#[Mean    =      321.894, StdDeviation   =       77.366]
#[Max     =     7188.000, Total count    =        29776]
#[Buckets =           27, SubBuckets     =         2048]
----------------------------------------------------------
  29777 requests in 10.00s, 2.50MB read
Requests/sec:   2977.64
Transfer/sec:    255.89KB

