Command: /tmp/wrk2/wrk http://10.10.1.1:8000/index.html -c 32 -t 1 -R 3000 -d 10 -L -U
Return code: 0
STDOUT:
Running 10s test @ http://10.10.1.1:8000/index.html
  1 threads and 32 connections
  Thread Stats   Avg      Stdev     Max   +/- Stdev
    Latency   1162.72u  471.51us7768.00us   62.49%
    Req/Sec       -nan      -nan   0.00      0.00%
  Latency Distribution (HdrHistogram - Recorded Latency)
 50.000% 1146.00us
 75.000% 1536.00us
 90.000% 1789.00us
 99.000% 2165.00us
 99.900% 2439.00us
 99.990% 2563.00us
 99.999% 7771.00us
100.000% 7771.00us

  Detailed Percentile spectrum:
       Value   Percentile   TotalCount 1/(1-Percentile)

     124.000     0.000000            1         1.00
     532.000     0.100000         2983         1.11
     711.000     0.200000         5971         1.25
     859.000     0.300000         8956         1.43
    1003.000     0.400000        11924         1.67
    1146.000     0.500000        14905         2.00
    1221.000     0.550000        16398         2.22
    1294.000     0.600000        17873         2.50
    1376.000     0.650000        19366         2.86
    1455.000     0.700000        20858         3.33
    1536.000     0.750000        22347         4.00
    1573.000     0.775000        23078         4.44
    1613.000     0.800000        23836         5.00
    1655.000     0.825000        24577         5.71
    1697.000     0.850000        25324         6.67
    1741.000     0.875000        26061         8.00
    1764.000     0.887500        26431         8.89
    1789.000     0.900000        26811        10.00
    1817.000     0.912500        27175        11.43
    1847.000     0.925000        27546        13.33
    1883.000     0.937500        27920        16.00
    1905.000     0.943750        28108        17.78
    1925.000     0.950000        28292        20.00
    1948.000     0.956250        28475        22.86
    1978.000     0.962500        28665        26.67
    2006.000     0.968750        28848        32.00
    2025.000     0.971875        28945        35.56
    2043.000     0.975000        29035        40.00
    2063.000     0.978125        29129        45.71
    2083.000     0.981250        29220        53.33
    2109.000     0.984375        29315        64.00
    2123.000     0.985938        29360        71.11
    2137.000     0.987500        29412        80.00
    2155.000     0.989062        29454        91.43
    2173.000     0.990625        29498       106.67
    2205.000     0.992188        29546       128.00
    2221.000     0.992969        29569       142.22
    2239.000     0.993750        29593       160.00
    2261.000     0.994531        29615       182.86
    2283.000     0.995313        29638       213.33
    2323.000     0.996094        29661       256.00
    2339.000     0.996484        29674       284.44
    2347.000     0.996875        29686       320.00
    2363.000     0.997266        29696       365.71
    2391.000     0.997656        29711       426.67
    2401.000     0.998047        29720       512.00
    2409.000     0.998242        29725       568.89
    2419.000     0.998437        29732       640.00
    2425.000     0.998633        29737       731.43
    2435.000     0.998828        29745       853.33
    2439.000     0.999023        29748      1024.00
    2447.000     0.999121        29751      1137.78
    2451.000     0.999219        29754      1280.00
    2461.000     0.999316        29758      1462.86
    2463.000     0.999414        29760      1706.67
    2483.000     0.999512        29763      2048.00
    2485.000     0.999561        29764      2275.56
    2503.000     0.999609        29766      2560.00
    2519.000     0.999658        29768      2925.71
    2531.000     0.999707        29769      3413.33
    2537.000     0.999756        29770      4096.00
    2539.000     0.999780        29771      4551.11
    2551.000     0.999805        29772      5120.00
    2551.000     0.999829        29772      5851.43
    2557.000     0.999854        29773      6826.67
    2563.000     0.999878        29774      8192.00
    2563.000     0.999890        29774      9102.22
    2613.000     0.999902        29775     10240.00
    2613.000     0.999915        29775     11702.86
    2613.000     0.999927        29775     13653.33
    3459.000     0.999939        29776     16384.00
    3459.000     0.999945        29776     18204.44
    3459.000     0.999951        29776     20480.00
    3459.000     0.999957        29776     23405.71
    3459.000     0.999963        29776     27306.67
    7771.000     0.999969        29777     32768.00
    7771.000     1.000000        29777          inf
#[Mean    =     1162.718, StdDeviation   =      471.506]
#[Max     =     7768.000, Total count    =        29777]
#[Buckets =           27, SubBuckets     =         2048]
----------------------------------------------------------

  Latency Distribution (HdrHistogram - Uncorrected Latency (measured without taking delayed starts into account))
 50.000%  325.00us
 75.000%  374.00us
 90.000%  419.00us
 99.000%  490.00us
 99.900%  543.00us
 99.990%  615.00us
 99.999% 7551.00us
100.000% 7551.00us

  Detailed Percentile spectrum:
       Value   Percentile   TotalCount 1/(1-Percentile)

     111.000     0.000000            1         1.00
     244.000     0.100000         3059         1.11
     268.000     0.200000         6000         1.25
     289.000     0.300000         9038         1.43
     308.000     0.400000        12085         1.67
     325.000     0.500000        14903         2.00
     335.000     0.550000        16508         2.22
     344.000     0.600000        17902         2.50
     354.000     0.650000        19489         2.86
     363.000     0.700000        20864         3.33
     374.000     0.750000        22399         4.00
     380.000     0.775000        23171         4.44
     386.000     0.800000        23835         5.00
     393.000     0.825000        24576         5.71
     401.000     0.850000        25407         6.67
     409.000     0.875000        26127         8.00
     413.000     0.887500        26436         8.89
     419.000     0.900000        26855        10.00
     424.000     0.912500        27202        11.43
     430.000     0.925000        27575        13.33
     437.000     0.937500        27953        16.00
     440.000     0.943750        28106        17.78
     444.000     0.950000        28303        20.00
     448.000     0.956250        28478        22.86
     453.000     0.962500        28671        26.67
     459.000     0.968750        28868        32.00
     462.000     0.971875        28962        35.56
     465.000     0.975000        29038        40.00
     469.000     0.978125        29134        45.71
     474.000     0.981250        29237        53.33
     478.000     0.984375        29318        64.00
     481.000     0.985938        29371        71.11
     484.000     0.987500        29411        80.00
     487.000     0.989062        29455        91.43
     492.000     0.990625        29505       106.67
     496.000     0.992188        29552       128.00
     499.000     0.992969        29577       142.22
     502.000     0.993750        29594       160.00
     505.000     0.994531        29615       182.86
     509.000     0.995313        29638       213.33
     513.000     0.996094        29662       256.00
     516.000     0.996484        29679       284.44
     518.000     0.996875        29684       320.00
     522.000     0.997266        29697       365.71
     526.000     0.997656        29711       426.67
     529.000     0.998047        29721       512.00
     533.000     0.998242        29727       568.89
     534.000     0.998437        29731       640.00
     539.000     0.998633        29740       731.43
     540.000     0.998828        29743       853.33
     543.000     0.999023        29748      1024.00
     546.000     0.999121        29751      1137.78
     550.000     0.999219        29754      1280.00
     557.000     0.999316        29757      1462.86
     562.000     0.999414        29760      1706.67
     564.000     0.999512        29763      2048.00
     565.000     0.999561        29764      2275.56
     569.000     0.999609        29766      2560.00
     573.000     0.999658        29767      2925.71
     577.000     0.999707        29769      3413.33
     579.000     0.999756        29770      4096.00
     580.000     0.999780        29771      4551.11
     585.000     0.999805        29772      5120.00
     585.000     0.999829        29772      5851.43
     613.000     0.999854        29773      6826.67
     615.000     0.999878        29774      8192.00
     615.000     0.999890        29774      9102.22
     630.000     0.999902        29775     10240.00
     630.000     0.999915        29775     11702.86
     630.000     0.999927        29775     13653.33
    3269.000     0.999939        29776     16384.00
    3269.000     0.999945        29776     18204.44
    3269.000     0.999951        29776     20480.00
    3269.000     0.999957        29776     23405.71
    3269.000     0.999963        29776     27306.67
    7551.000     0.999969        29777     32768.00
    7551.000     1.000000        29777          inf
#[Mean    =      328.689, StdDeviation   =       81.295]
#[Max     =     7548.000, Total count    =        29777]
#[Buckets =           27, SubBuckets     =         2048]
----------------------------------------------------------
  29778 requests in 10.00s, 2.50MB read
Requests/sec:   2977.72
Transfer/sec:    255.90KB

