Command: /tmp/wrk2/wrk http://10.10.1.1:8000/index.html -c 32 -t 1 -R 5000 -d 10 -L -U
Return code: 0
STDOUT:
Running 10s test @ http://10.10.1.1:8000/index.html
  1 threads and 32 connections
  Thread Stats   Avg      Stdev     Max   +/- Stdev
    Latency   1213.10u  535.07us5644.00us   61.18%
    Req/Sec       -nan      -nan   0.00      0.00%
  Latency Distribution (HdrHistogram - Recorded Latency)
 50.000% 1145.00us
 75.000% 1651.00us
 90.000% 1959.00us
 99.000% 2383.00us
 99.900% 2629.00us
 99.990% 2757.00us
 99.999% 5647.00us
100.000% 5647.00us

  Detailed Percentile spectrum:
       Value   Percentile   TotalCount 1/(1-Percentile)

     161.000     0.000000            1         1.00
     543.000     0.100000         4963         1.11
     692.000     0.200000         9934         1.25
     835.000     0.300000        14897         1.43
     985.000     0.400000        19850         1.67
    1145.000     0.500000        24831         2.00
    1238.000     0.550000        27311         2.22
    1336.000     0.600000        29790         2.50
    1442.000     0.650000        32260         2.86
    1541.000     0.700000        34733         3.33
    1651.000     0.750000        37220         4.00
    1700.000     0.775000        38457         4.44
    1748.000     0.800000        39702         5.00
    1799.000     0.825000        40940         5.71
    1852.000     0.850000        42191         6.67
    1901.000     0.875000        43440         8.00
    1929.000     0.887500        44040         8.89
    1959.000     0.900000        44658        10.00
    1996.000     0.912500        45289        11.43
    2034.000     0.925000        45904        13.33
    2075.000     0.937500        46549        16.00
    2097.000     0.943750        46835        17.78
    2121.000     0.950000        47151        20.00
    2147.000     0.956250        47463        22.86
    2179.000     0.962500        47773        26.67
    2209.000     0.968750        48068        32.00
    2229.000     0.971875        48235        35.56
    2249.000     0.975000        48383        40.00
    2269.000     0.978125        48533        45.71
    2293.000     0.981250        48696        53.33
    2315.000     0.984375        48846        64.00
    2331.000     0.985938        48921        71.11
    2349.000     0.987500        49005        80.00
    2371.000     0.989062        49081        91.43
    2389.000     0.990625        49155       106.67
    2415.000     0.992188        49233       128.00
    2425.000     0.992969        49273       142.22
    2443.000     0.993750        49309       160.00
    2459.000     0.994531        49356       182.86
    2469.000     0.995313        49386       213.33
    2493.000     0.996094        49429       256.00
    2503.000     0.996484        49445       284.44
    2515.000     0.996875        49464       320.00
    2535.000     0.997266        49483       365.71
    2551.000     0.997656        49504       426.67
    2567.000     0.998047        49522       512.00
    2579.000     0.998242        49533       568.89
    2589.000     0.998437        49541       640.00
    2603.000     0.998633        49551       731.43
    2619.000     0.998828        49560       853.33
    2633.000     0.999023        49570      1024.00
    2643.000     0.999121        49575      1137.78
    2661.000     0.999219        49580      1280.00
    2667.000     0.999316        49586      1462.86
    2673.000     0.999414        49589      1706.67
    2683.000     0.999512        49594      2048.00
    2689.000     0.999561        49598      2275.56
    2697.000     0.999609        49599      2560.00
    2713.000     0.999658        49602      2925.71
    2719.000     0.999707        49605      3413.33
    2721.000     0.999756        49606      4096.00
    2727.000     0.999780        49608      4551.11
    2745.000     0.999805        49609      5120.00
    2749.000     0.999829        49611      5851.43
    2749.000     0.999854        49611      6826.67
    2751.000     0.999878        49612      8192.00
    2757.000     0.999890        49613      9102.22
    2765.000     0.999902        49614     10240.00
    2765.000     0.999915        49614     11702.86
    2791.000     0.999927        49615     13653.33
    2791.000     0.999939        49615     16384.00
    2853.000     0.999945        49616     18204.44
    2853.000     0.999951        49616     20480.00
    2853.000     0.999957        49616     23405.71
    2895.000     0.999963        49617     27306.67
    2895.000     0.999969        49617     32768.00
    2895.000     0.999973        49617     36408.89
    2895.000     0.999976        49617     40960.00
    2895.000     0.999979        49617     46811.43
    5647.000     0.999982        49618     54613.33
    5647.000     1.000000        49618          inf
#[Mean    =     1213.095, StdDeviation   =      535.072]
#[Max     =     5644.000, Total count    =        49618]
#[Buckets =           27, SubBuckets     =         2048]
----------------------------------------------------------

  Latency Distribution (HdrHistogram - Uncorrected Latency (measured without taking delayed starts into account))
 50.000%  406.00us
 75.000%  479.00us
 90.000%  539.00us
 99.000%  642.00us
 99.900%  717.00us
 99.990%  784.00us
 99.999% 5299.00us
100.000% 5299.00us

  Detailed Percentile spectrum:
       Value   Percentile   TotalCount 1/(1-Percentile)

      99.000     0.000000            1         1.00
     267.000     0.100000         5047         1.11
     306.000     0.200000         9926         1.25
     343.000     0.300000        14998         1.43
     376.000     0.400000        19879         1.67
     406.000     0.500000        24839         2.00
     421.000     0.550000        27377         2.22
     435.000     0.600000        29791         2.50
     450.000     0.650000        32402         2.86
     464.000     0.700000        34757         3.33
     479.000     0.750000        37250         4.00
     488.000     0.775000        38612         4.44
     496.000     0.800000        39741         5.00
     505.000     0.825000        40987         5.71
     515.000     0.850000        42191         6.67
     527.000     0.875000        43455         8.00
     533.000     0.887500        44096         8.89
     539.000     0.900000        44697        10.00
     547.000     0.912500        45323        11.43
     555.000     0.925000        45931        13.33
     564.000     0.937500        46531        16.00
     569.000     0.943750        46841        17.78
     575.000     0.950000        47182        20.00
     581.000     0.956250        47486        22.86
     587.000     0.962500        47784        26.67
     595.000     0.968750        48087        32.00
     599.000     0.971875        48226        35.56
     605.000     0.975000        48392        40.00
     610.000     0.978125        48534        45.71
     616.000     0.981250        48692        53.33
     625.000     0.984375        48860        64.00
     629.000     0.985938        48930        71.11
     634.000     0.987500        49005        80.00
     639.000     0.989062        49079        91.43
     645.000     0.990625        49158       106.67
     653.000     0.992188        49231       128.00
     657.000     0.992969        49272       142.22
     660.000     0.993750        49308       160.00
     665.000     0.994531        49347       182.86
     671.000     0.995313        49389       213.33
     678.000     0.996094        49425       256.00
     682.000     0.996484        49448       284.44
     684.000     0.996875        49463       320.00
     689.000     0.997266        49485       365.71
     694.000     0.997656        49504       426.67
     701.000     0.998047        49524       512.00
     704.000     0.998242        49533       568.89
     706.000     0.998437        49545       640.00
     709.000     0.998633        49551       731.43
     714.000     0.998828        49563       853.33
     718.000     0.999023        49570      1024.00
     720.000     0.999121        49577      1137.78
     722.000     0.999219        49581      1280.00
     725.000     0.999316        49585      1462.86
     728.000     0.999414        49589      1706.67
     733.000     0.999512        49594      2048.00
     736.000     0.999561        49598      2275.56
     737.000     0.999609        49599      2560.00
     743.000     0.999658        49602      2925.71
     747.000     0.999707        49604      3413.33
     751.000     0.999756        49606      4096.00
     760.000     0.999780        49608      4551.11
     761.000     0.999805        49609      5120.00
     773.000     0.999829        49610      5851.43
     780.000     0.999854        49612      6826.67
     780.000     0.999878        49612      8192.00
     784.000     0.999890        49613      9102.22
     788.000     0.999902        49614     10240.00
     788.000     0.999915        49614     11702.86
     789.000     0.999927        49615     13653.33
     789.000     0.999939        49615     16384.00
     806.000     0.999945        49616     18204.44
     806.000     0.999951        49616     20480.00
     806.000     0.999957        49616     23405.71
     972.000     0.999963        49617     27306.67
     972.000     0.999969        49617     32768.00
     972.000     0.999973        49617     36408.89
     972.000     0.999976        49617     40960.00
     972.000     0.999979        49617     46811.43
    5299.000     0.999982        49618     54613.33
    5299.000     1.000000        49618          inf
#[Mean    =      404.829, StdDeviation   =      106.513]
#[Max     =     5296.000, Total count    =        49618]
#[Buckets =           27, SubBuckets     =         2048]
----------------------------------------------------------
  49619 requests in 10.00s, 4.16MB read
Requests/sec:   4961.49
Transfer/sec:    426.38KB

