Command: /tmp/wrk2/wrk http://10.10.1.1:8000/index.html -c 32 -t 1 -R 8000 -d 10 -L -U
Return code: 0
STDOUT:
Running 10s test @ http://10.10.1.1:8000/index.html
  1 threads and 32 connections
  Thread Stats   Avg      Stdev     Max   +/- Stdev
    Latency   1474.66u  657.05us5424.00us   63.39%
    Req/Sec       -nan      -nan   0.00      0.00%
  Latency Distribution (HdrHistogram - Recorded Latency)
 50.000% 1368.00us
 75.000% 1985.00us
 90.000% 2399.00us
 99.000% 3045.00us
 99.900% 3233.00us
 99.990% 3329.00us
 99.999% 3587.00us
100.000% 5427.00us

  Detailed Percentile spectrum:
       Value   Percentile   TotalCount 1/(1-Percentile)

     204.000     0.000000            1         1.00
     698.000     0.100000         7961         1.11
     855.000     0.200000        15915         1.25
     993.000     0.300000        23820         1.43
    1169.000     0.400000        31759         1.67
    1368.000     0.500000        39718         2.00
    1478.000     0.550000        43667         2.22
    1605.000     0.600000        47646         2.50
    1736.000     0.650000        51617         2.86
    1862.000     0.700000        55592         3.33
    1985.000     0.750000        59550         4.00
    2055.000     0.775000        61571         4.44
    2121.000     0.800000        63577         5.00
    2185.000     0.825000        65497         5.71
    2253.000     0.850000        67491         6.67
    2325.000     0.875000        69486         8.00
    2363.000     0.887500        70484         8.89
    2399.000     0.900000        71452        10.00
    2445.000     0.912500        72464        11.43
    2493.000     0.925000        73469        13.33
    2553.000     0.937500        74442        16.00
    2587.000     0.943750        74929        17.78
    2623.000     0.950000        75435        20.00
    2661.000     0.956250        75908        22.86
    2711.000     0.962500        76424        26.67
    2761.000     0.968750        76902        32.00
    2789.000     0.971875        77151        35.56
    2825.000     0.975000        77403        40.00
    2859.000     0.978125        77649        45.71
    2895.000     0.981250        77904        53.33
    2931.000     0.984375        78139        64.00
    2953.000     0.985938        78266        71.11
    2983.000     0.987500        78387        80.00
    3029.000     0.989062        78524        91.43
    3057.000     0.990625        78642       106.67
    3087.000     0.992188        78760       128.00
    3103.000     0.992969        78822       142.22
    3113.000     0.993750        78888       160.00
    3127.000     0.994531        78955       182.86
    3139.000     0.995313        79012       213.33
    3151.000     0.996094        79081       256.00
    3157.000     0.996484        79103       284.44
    3165.000     0.996875        79138       320.00
    3173.000     0.997266        79169       365.71
    3183.000     0.997656        79193       426.67
    3197.000     0.998047        79230       512.00
    3201.000     0.998242        79240       568.89
    3207.000     0.998437        79256       640.00
    3217.000     0.998633        79275       731.43
    3223.000     0.998828        79289       853.33
    3235.000     0.999023        79302      1024.00
    3245.000     0.999121        79310      1137.78
    3251.000     0.999219        79320      1280.00
    3255.000     0.999316        79326      1462.86
    3263.000     0.999414        79336      1706.67
    3269.000     0.999512        79341      2048.00
    3277.000     0.999561        79348      2275.56
    3277.000     0.999609        79348      2560.00
    3287.000     0.999658        79352      2925.71
    3295.000     0.999707        79356      3413.33
    3297.000     0.999756        79360      4096.00
    3301.000     0.999780        79364      4551.11
    3301.000     0.999805        79364      5120.00
    3309.000     0.999829        79366      5851.43
    3313.000     0.999854        79368      6826.67
    3323.000     0.999878        79370      8192.00
    3329.000     0.999890        79371      9102.22
    3331.000     0.999902        79372     10240.00
    3345.000     0.999915        79373     11702.86
    3363.000     0.999927        79374     13653.33
    3369.000     0.999939        79375     16384.00
    3369.000     0.999945        79375     18204.44
    3379.000     0.999951        79376     20480.00
    3379.000     0.999957        79376     23405.71
    3413.000     0.999963        79377     27306.67
    3413.000     0.999969        79377     32768.00
    3413.000     0.999973        79377     36408.89
    3587.000     0.999976        79378     40960.00
    3587.000     0.999979        79378     46811.43
    3587.000     0.999982        79378     54613.33
    3587.000     0.999985        79378     65536.00
    3587.000     0.999986        79378     72817.78
    5427.000     0.999988        79379     81920.00
    5427.000     1.000000        79379          inf
#[Mean    =     1474.663, StdDeviation   =      657.047]
#[Max     =     5424.000, Total count    =        79379]
#[Buckets =           27, SubBuckets     =         2048]
----------------------------------------------------------

  Latency Distribution (HdrHistogram - Uncorrected Latency (measured without taking delayed starts into account))
 50.000%  638.00us
 75.000%  760.00us
 90.000%  881.00us
 99.000% 1072.00us
 99.900% 1176.00us
 99.990% 1255.00us
 99.999% 1302.00us
100.000% 5251.00us

  Detailed Percentile spectrum:
       Value   Percentile   TotalCount 1/(1-Percentile)

      86.000     0.000000            1         1.00
     367.000     0.100000         8016         1.11
     454.000     0.200000        15882         1.25
     527.000     0.300000        23927         1.43
     587.000     0.400000        31899         1.67
     638.000     0.500000        39853         2.00
     661.000     0.550000        43801         2.22
     684.000     0.600000        47636         2.50
     708.000     0.650000        51634         2.86
     734.000     0.700000        55709         3.33
     760.000     0.750000        59572         4.00
     776.000     0.775000        61548         4.44
     793.000     0.800000        63540         5.00
     812.000     0.825000        65563         5.71
     832.000     0.850000        67542         6.67
     854.000     0.875000        69498         8.00
     867.000     0.887500        70463         8.89
     881.000     0.900000        71442        10.00
     897.000     0.912500        72437        11.43
     914.000     0.925000        73458        13.33
     933.000     0.937500        74443        16.00
     944.000     0.943750        74922        17.78
     956.000     0.950000        75447        20.00
     968.000     0.956250        75937        22.86
     982.000     0.962500        76451        26.67
     995.000     0.968750        76922        32.00
    1003.000     0.971875        77163        35.56
    1012.000     0.975000        77411        40.00
    1022.000     0.978125        77661        45.71
    1033.000     0.981250        77908        53.33
    1045.000     0.984375        78151        64.00
    1051.000     0.985938        78284        71.11
    1058.000     0.987500        78399        80.00
    1066.000     0.989062        78521        91.43
    1075.000     0.990625        78638       106.67
    1085.000     0.992188        78759       128.00
    1092.000     0.992969        78830       142.22
    1098.000     0.993750        78890       160.00
    1105.000     0.994531        78947       182.86
    1113.000     0.995313        79007       213.33
    1121.000     0.996094        79072       256.00
    1125.000     0.996484        79101       284.44
    1132.000     0.996875        79131       320.00
    1137.000     0.997266        79168       365.71
    1144.000     0.997656        79195       426.67
    1150.000     0.998047        79229       512.00
    1153.000     0.998242        79244       568.89
    1156.000     0.998437        79255       640.00
    1163.000     0.998633        79274       731.43
    1168.000     0.998828        79286       853.33
    1176.000     0.999023        79303      1024.00
    1179.000     0.999121        79310      1137.78
    1183.000     0.999219        79317      1280.00
    1190.000     0.999316        79327      1462.86
    1193.000     0.999414        79333      1706.67
    1200.000     0.999512        79342      2048.00
    1203.000     0.999561        79345      2275.56
    1207.000     0.999609        79348      2560.00
    1212.000     0.999658        79352      2925.71
    1219.000     0.999707        79357      3413.33
    1226.000     0.999756        79360      4096.00
    1230.000     0.999780        79363      4551.11
    1234.000     0.999805        79364      5120.00
    1240.000     0.999829        79367      5851.43
    1245.000     0.999854        79368      6826.67
    1253.000     0.999878        79370      8192.00
    1255.000     0.999890        79372      9102.22
    1255.000     0.999902        79372     10240.00
    1261.000     0.999915        79373     11702.86
    1264.000     0.999927        79374     13653.33
    1269.000     0.999939        79375     16384.00
    1269.000     0.999945        79375     18204.44
    1278.000     0.999951        79376     20480.00
    1278.000     0.999957        79376     23405.71
    1280.000     0.999963        79377     27306.67
    1280.000     0.999969        79377     32768.00
    1280.000     0.999973        79377     36408.89
    1302.000     0.999976        79378     40960.00
    1302.000     0.999979        79378     46811.43
    1302.000     0.999982        79378     54613.33
    1302.000     0.999985        79378     65536.00
    1302.000     0.999986        79378     72817.78
    5251.000     0.999988        79379     81920.00
    5251.000     1.000000        79379          inf
#[Mean    =      630.973, StdDeviation   =      193.860]
#[Max     =     5248.000, Total count    =        79379]
#[Buckets =           27, SubBuckets     =         2048]
----------------------------------------------------------
  79381 requests in 10.00s, 6.66MB read
Requests/sec:   7937.97
Transfer/sec:    682.17KB

