Command: /tmp/wrk2/wrk http://10.10.1.1:8000/index.html -c 32 -t 1 -R 20000 -d 10 -L -U
Return code: 0
STDOUT:
Running 10s test @ http://10.10.1.1:8000/index.html
  1 threads and 32 connections
  Thread Stats   Avg      Stdev     Max   +/- Stdev
    Latency   1510.91u  743.20us14216.00u   71.92%
    Req/Sec       -nan      -nan   0.00      0.00%
  Latency Distribution (HdrHistogram - Recorded Latency)
 50.000% 1454.00us
 75.000% 1915.00us
 90.000% 2417.00us
 99.000% 3175.00us
 99.900% 8359.00us
 99.990%13079.00us
 99.999%14023.00us
100.000%14223.00us

  Detailed Percentile spectrum:
       Value   Percentile   TotalCount 1/(1-Percentile)

      99.000     0.000000            1         1.00
     656.000     0.100000        18009         1.11
     904.000     0.200000        35999         1.25
    1104.000     0.300000        54044         1.43
    1288.000     0.400000        72073         1.67
    1454.000     0.500000        90062         2.00
    1536.000     0.550000        98979         2.22
    1618.000     0.600000       107998         2.50
    1704.000     0.650000       117010         2.86
    1802.000     0.700000       125991         3.33
    1915.000     0.750000       134965         4.00
    1981.000     0.775000       139456         4.44
    2055.000     0.800000       144036         5.00
    2135.000     0.825000       148492         5.71
    2219.000     0.850000       152988         6.67
    2311.000     0.875000       157502         8.00
    2363.000     0.887500       159781         8.89
    2417.000     0.900000       161971        10.00
    2479.000     0.912500       164246        11.43
    2545.000     0.925000       166521        13.33
    2617.000     0.937500       168757        16.00
    2657.000     0.943750       169870        17.78
    2697.000     0.950000       170967        20.00
    2745.000     0.956250       172082        22.86
    2797.000     0.962500       173217        26.67
    2855.000     0.968750       174343        32.00
    2889.000     0.971875       174898        35.56
    2925.000     0.975000       175462        40.00
    2969.000     0.978125       176035        45.71
    3015.000     0.981250       176581        53.33
    3067.000     0.984375       177144        64.00
    3093.000     0.985938       177418        71.11
    3121.000     0.987500       177704        80.00
    3155.000     0.989062       177997        91.43
    3189.000     0.990625       178263       106.67
    3227.000     0.992188       178550       128.00
    3249.000     0.992969       178688       142.22
    3273.000     0.993750       178821       160.00
    3311.000     0.994531       178964       182.86
    3367.000     0.995313       179102       213.33
    3463.000     0.996094       179241       256.00
    3545.000     0.996484       179310       284.44
    3687.000     0.996875       179381       320.00
    4167.000     0.997266       179450       365.71
    5059.000     0.997656       179521       426.67
    6003.000     0.998047       179591       512.00
    6503.000     0.998242       179626       568.89
    6971.000     0.998437       179661       640.00
    7463.000     0.998633       179696       731.43
    7939.000     0.998828       179732       853.33
    8415.000     0.999023       179767      1024.00
    8735.000     0.999121       179784      1137.78
    9007.000     0.999219       179802      1280.00
    9359.000     0.999316       179819      1462.86
    9663.000     0.999414       179837      1706.67
    9943.000     0.999512       179855      2048.00
   10119.000     0.999561       179863      2275.56
   10215.000     0.999609       179872      2560.00
   10375.000     0.999658       179881      2925.71
   11063.000     0.999707       179890      3413.33
   11791.000     0.999756       179899      4096.00
   11983.000     0.999780       179904      4551.11
   12223.000     0.999805       179907      5120.00
   12471.000     0.999829       179912      5851.43
   12583.000     0.999854       179916      6826.67
   12919.000     0.999878       179921      8192.00
   12991.000     0.999890       179923      9102.22
   13111.000     0.999902       179925     10240.00
   13391.000     0.999915       179927     11702.86
   13527.000     0.999927       179929     13653.33
   13679.000     0.999939       179932     16384.00
   13767.000     0.999945       179933     18204.44
   13783.000     0.999951       179934     20480.00
   13815.000     0.999957       179936     23405.71
   13815.000     0.999963       179936     27306.67
   13911.000     0.999969       179937     32768.00
   13919.000     0.999973       179938     36408.89
   13919.000     0.999976       179938     40960.00
   13983.000     0.999979       179939     46811.43
   13983.000     0.999982       179939     54613.33
   14023.000     0.999985       179940     65536.00
   14023.000     0.999986       179940     72817.78
   14023.000     0.999988       179940     81920.00
   14175.000     0.999989       179941     93622.86
   14175.000     0.999991       179941    109226.67
   14175.000     0.999992       179941    131072.00
   14175.000     0.999993       179941    145635.56
   14175.000     0.999994       179941    163840.00
   14223.000     0.999995       179942    187245.71
   14223.000     1.000000       179942          inf
#[Mean    =     1510.912, StdDeviation   =      743.198]
#[Max     =    14216.000, Total count    =       179942]
#[Buckets =           27, SubBuckets     =         2048]
----------------------------------------------------------

  Latency Distribution (HdrHistogram - Uncorrected Latency (measured without taking delayed starts into account))
 50.000%  588.00us
 75.000%  751.00us
 90.000%  901.00us
 99.000% 1200.00us
 99.900% 1743.00us
 99.990% 2517.00us
 99.999% 8535.00us
100.000%10055.00us

  Detailed Percentile spectrum:
       Value   Percentile   TotalCount 1/(1-Percentile)

      73.000     0.000000            1         1.00
     338.000     0.100000        18117         1.11
     415.000     0.200000        36259         1.25
     475.000     0.300000        54226         1.43
     531.000     0.400000        72021         1.67
     588.000     0.500000        90071         2.00
     618.000     0.550000        99140         2.22
     649.000     0.600000       108253         2.50
     680.000     0.650000       117020         2.86
     714.000     0.700000       126142         3.33
     751.000     0.750000       135144         4.00
     771.000     0.775000       139576         4.44
     792.000     0.800000       144132         5.00
     814.000     0.825000       148509         5.71
     840.000     0.850000       153079         6.67
     868.000     0.875000       157562         8.00
     883.000     0.887500       159742         8.89
     901.000     0.900000       162032        10.00
     920.000     0.912500       164217        11.43
     941.000     0.925000       166454        13.33
     966.000     0.937500       168714        16.00
     980.000     0.943750       169850        17.78
     996.000     0.950000       171017        20.00
    1013.000     0.956250       172134        22.86
    1031.000     0.962500       173196        26.67
    1053.000     0.968750       174347        32.00
    1066.000     0.971875       174908        35.56
    1080.000     0.975000       175477        40.00
    1097.000     0.978125       176026        45.71
    1116.000     0.981250       176580        53.33
    1139.000     0.984375       177144        64.00
    1153.000     0.985938       177418        71.11
    1168.000     0.987500       177705        80.00
    1187.000     0.989062       177984        91.43
    1211.000     0.990625       178258       106.67
    1243.000     0.992188       178540       128.00
    1265.000     0.992969       178686       142.22
    1293.000     0.993750       178818       160.00
    1337.000     0.994531       178958       182.86
    1404.000     0.995313       179099       213.33
    1473.000     0.996094       179241       256.00
    1500.000     0.996484       179311       284.44
    1521.000     0.996875       179380       320.00
    1546.000     0.997266       179452       365.71
    1574.000     0.997656       179524       426.67
    1605.000     0.998047       179593       512.00
    1615.000     0.998242       179626       568.89
    1630.000     0.998437       179664       640.00
    1647.000     0.998633       179696       731.43
    1675.000     0.998828       179732       853.33
    1756.000     0.999023       179767      1024.00
    1903.000     0.999121       179784      1137.78
    2089.000     0.999219       179802      1280.00
    2157.000     0.999316       179819      1462.86
    2231.000     0.999414       179837      1706.67
    2283.000     0.999512       179856      2048.00
    2303.000     0.999561       179863      2275.56
    2317.000     0.999609       179872      2560.00
    2325.000     0.999658       179881      2925.71
    2357.000     0.999707       179891      3413.33
    2365.000     0.999756       179900      4096.00
    2401.000     0.999780       179903      4551.11
    2423.000     0.999805       179907      5120.00
    2437.000     0.999829       179912      5851.43
    2447.000     0.999854       179916      6826.67
    2499.000     0.999878       179921      8192.00
    2513.000     0.999890       179923      9102.22
    2525.000     0.999902       179925     10240.00
    2531.000     0.999915       179927     11702.86
    2609.000     0.999927       179929     13653.33
    3699.000     0.999939       179932     16384.00
    4343.000     0.999945       179933     18204.44
    4763.000     0.999951       179934     20480.00
    5283.000     0.999957       179935     23405.71
    5767.000     0.999963       179936     27306.67
    6335.000     0.999969       179937     32768.00
    6875.000     0.999973       179938     36408.89
    6875.000     0.999976       179938     40960.00
    7683.000     0.999979       179939     46811.43
    7683.000     0.999982       179939     54613.33
    8535.000     0.999985       179940     65536.00
    8535.000     0.999986       179940     72817.78
    8535.000     0.999988       179940     81920.00
    9263.000     0.999989       179941     93622.86
    9263.000     0.999991       179941    109226.67
    9263.000     0.999992       179941    131072.00
    9263.000     0.999993       179941    145635.56
    9263.000     0.999994       179941    163840.00
   10055.000     0.999995       179942    187245.71
   10055.000     1.000000       179942          inf
#[Mean    =      609.206, StdDeviation   =      233.478]
#[Max     =    10048.000, Total count    =       179942]
#[Buckets =           27, SubBuckets     =         2048]
----------------------------------------------------------
  179945 requests in 10.00s, 15.10MB read
Requests/sec:  17993.49
Transfer/sec:      1.51MB

