Command: /tmp/wrk2/wrk http://10.10.1.1:8000/index.html -c 32 -t 1 -R 9000 -d 10 -L -U
Return code: 0
STDOUT:
Running 10s test @ http://10.10.1.1:8000/index.html
  1 threads and 32 connections
  Thread Stats   Avg      Stdev     Max   +/- Stdev
    Latency   1592.64u  659.41us6216.00us   64.00%
    Req/Sec       -nan      -nan   0.00      0.00%
  Latency Distribution (HdrHistogram - Recorded Latency)
 50.000% 1448.00us
 75.000% 2101.00us
 90.000% 2591.00us
 99.000% 3075.00us
 99.900% 3307.00us
 99.990% 3467.00us
 99.999% 3611.00us
100.000% 6219.00us

  Detailed Percentile spectrum:
       Value   Percentile   TotalCount 1/(1-Percentile)

     193.000     0.000000            1         1.00
     818.000     0.100000         8975         1.11
    1015.000     0.200000        17870         1.25
    1171.000     0.300000        26815         1.43
    1305.000     0.400000        35792         1.67
    1448.000     0.500000        44655         2.00
    1531.000     0.550000        49139         2.22
    1629.000     0.600000        53613         2.50
    1754.000     0.650000        58054         2.86
    1917.000     0.700000        62542         3.33
    2101.000     0.750000        67017         4.00
    2189.000     0.775000        69226         4.44
    2275.000     0.800000        71454         5.00
    2359.000     0.825000        73725         5.71
    2435.000     0.850000        75956         6.67
    2511.000     0.875000        78211         8.00
    2549.000     0.887500        79272         8.89
    2591.000     0.900000        80405        10.00
    2637.000     0.912500        81540        11.43
    2679.000     0.925000        82610        13.33
    2729.000     0.937500        83755        16.00
    2755.000     0.943750        84303        17.78
    2783.000     0.950000        84848        20.00
    2813.000     0.956250        85400        22.86
    2843.000     0.962500        85961        26.67
    2881.000     0.968750        86517        32.00
    2905.000     0.971875        86817        35.56
    2927.000     0.975000        87077        40.00
    2953.000     0.978125        87367        45.71
    2979.000     0.981250        87633        53.33
    3013.000     0.984375        87927        64.00
    3029.000     0.985938        88063        71.11
    3045.000     0.987500        88194        80.00
    3063.000     0.989062        88330        91.43
    3085.000     0.990625        88480       106.67
    3105.000     0.992188        88614       128.00
    3119.000     0.992969        88690       142.22
    3131.000     0.993750        88755       160.00
    3147.000     0.994531        88822       182.86
    3167.000     0.995313        88896       213.33
    3183.000     0.996094        88964       256.00
    3191.000     0.996484        88993       284.44
    3203.000     0.996875        89029       320.00
    3213.000     0.997266        89062       365.71
    3225.000     0.997656        89101       426.67
    3243.000     0.998047        89136       512.00
    3255.000     0.998242        89151       568.89
    3269.000     0.998437        89169       640.00
    3285.000     0.998633        89189       731.43
    3297.000     0.998828        89204       853.33
    3311.000     0.999023        89219      1024.00
    3321.000     0.999121        89228      1137.78
    3331.000     0.999219        89239      1280.00
    3341.000     0.999316        89247      1462.86
    3351.000     0.999414        89256      1706.67
    3365.000     0.999512        89264      2048.00
    3371.000     0.999561        89267      2275.56
    3379.000     0.999609        89272      2560.00
    3383.000     0.999658        89276      2925.71
    3393.000     0.999707        89280      3413.33
    3411.000     0.999756        89285      4096.00
    3417.000     0.999780        89288      4551.11
    3419.000     0.999805        89289      5120.00
    3441.000     0.999829        89291      5851.43
    3453.000     0.999854        89293      6826.67
    3461.000     0.999878        89296      8192.00
    3467.000     0.999890        89297      9102.22
    3475.000     0.999902        89298     10240.00
    3477.000     0.999915        89300     11702.86
    3477.000     0.999927        89300     13653.33
    3521.000     0.999939        89301     16384.00
    3529.000     0.999945        89302     18204.44
    3529.000     0.999951        89302     20480.00
    3557.000     0.999957        89303     23405.71
    3557.000     0.999963        89303     27306.67
    3587.000     0.999969        89304     32768.00
    3587.000     0.999973        89304     36408.89
    3587.000     0.999976        89304     40960.00
    3611.000     0.999979        89305     46811.43
    3611.000     0.999982        89305     54613.33
    3611.000     0.999985        89305     65536.00
    3611.000     0.999986        89305     72817.78
    3611.000     0.999988        89305     81920.00
    6219.000     0.999989        89306     93622.86
    6219.000     1.000000        89306          inf
#[Mean    =     1592.636, StdDeviation   =      659.407]
#[Max     =     6216.000, Total count    =        89306]
#[Buckets =           27, SubBuckets     =         2048]
----------------------------------------------------------

  Latency Distribution (HdrHistogram - Uncorrected Latency (measured without taking delayed starts into account))
 50.000%  686.00us
 75.000%  841.00us
 90.000% 1004.00us
 99.000% 1209.00us
 99.900% 1347.00us
 99.990% 1444.00us
 99.999% 1473.00us
100.000% 5871.00us

  Detailed Percentile spectrum:
       Value   Percentile   TotalCount 1/(1-Percentile)

      93.000     0.000000            1         1.00
     380.000     0.100000         8959         1.11
     482.000     0.200000        17921         1.25
     562.000     0.300000        26869         1.43
     627.000     0.400000        35806         1.67
     686.000     0.500000        44701         2.00
     714.000     0.550000        49138         2.22
     742.000     0.600000        53598         2.50
     771.000     0.650000        58088         2.86
     803.000     0.700000        62527         3.33
     841.000     0.750000        67036         4.00
     863.000     0.775000        69213         4.44
     888.000     0.800000        71461         5.00
     914.000     0.825000        73706         5.71
     942.000     0.850000        75979         6.67
     972.000     0.875000        78191         8.00
     987.000     0.887500        79271         8.89
    1004.000     0.900000        80385        10.00
    1021.000     0.912500        81496        11.43
    1039.000     0.925000        82631        13.33
    1058.000     0.937500        83730        16.00
    1070.000     0.943750        84337        17.78
    1081.000     0.950000        84870        20.00
    1093.000     0.956250        85446        22.86
    1106.000     0.962500        85981        26.67
    1121.000     0.968750        86528        32.00
    1130.000     0.971875        86812        35.56
    1140.000     0.975000        87088        40.00
    1150.000     0.978125        87357        45.71
    1163.000     0.981250        87644        53.33
    1177.000     0.984375        87918        64.00
    1185.000     0.985938        88051        71.11
    1194.000     0.987500        88194        80.00
    1202.000     0.989062        88330        91.43
    1214.000     0.990625        88472       106.67
    1226.000     0.992188        88615       128.00
    1233.000     0.992969        88681       142.22
    1241.000     0.993750        88750       160.00
    1249.000     0.994531        88822       182.86
    1260.000     0.995313        88896       213.33
    1272.000     0.996094        88962       256.00
    1280.000     0.996484        88998       284.44
    1285.000     0.996875        89029       320.00
    1293.000     0.997266        89064       365.71
    1304.000     0.997656        89098       426.67
    1312.000     0.998047        89132       512.00
    1318.000     0.998242        89153       568.89
    1325.000     0.998437        89169       640.00
    1331.000     0.998633        89184       731.43
    1341.000     0.998828        89202       853.33
    1348.000     0.999023        89220      1024.00
    1353.000     0.999121        89229      1137.78
    1361.000     0.999219        89238      1280.00
    1366.000     0.999316        89246      1462.86
    1375.000     0.999414        89256      1706.67
    1387.000     0.999512        89263      2048.00
    1390.000     0.999561        89267      2275.56
    1392.000     0.999609        89273      2560.00
    1396.000     0.999658        89276      2925.71
    1406.000     0.999707        89280      3413.33
    1422.000     0.999756        89285      4096.00
    1424.000     0.999780        89288      4551.11
    1427.000     0.999805        89289      5120.00
    1430.000     0.999829        89291      5851.43
    1433.000     0.999854        89293      6826.67
    1443.000     0.999878        89296      8192.00
    1444.000     0.999890        89297      9102.22
    1450.000     0.999902        89300     10240.00
    1450.000     0.999915        89300     11702.86
    1450.000     0.999927        89300     13653.33
    1454.000     0.999939        89302     16384.00
    1454.000     0.999945        89302     18204.44
    1454.000     0.999951        89302     20480.00
    1469.000     0.999957        89303     23405.71
    1469.000     0.999963        89303     27306.67
    1470.000     0.999969        89304     32768.00
    1470.000     0.999973        89304     36408.89
    1470.000     0.999976        89304     40960.00
    1473.000     0.999979        89305     46811.43
    1473.000     0.999982        89305     54613.33
    1473.000     0.999985        89305     65536.00
    1473.000     0.999986        89305     72817.78
    1473.000     0.999988        89305     81920.00
    5871.000     0.999989        89306     93622.86
    5871.000     1.000000        89306          inf
#[Mean    =      689.312, StdDeviation   =      229.149]
#[Max     =     5868.000, Total count    =        89306]
#[Buckets =           27, SubBuckets     =         2048]
----------------------------------------------------------
  89307 requests in 10.00s, 7.49MB read
Requests/sec:   8929.41
Transfer/sec:    767.37KB

