Command: /tmp/wrk2/wrk http://10.10.1.1:8000/index.html -c 32 -t 1 -R 6000 -d 10 -L -U
Return code: 0
STDOUT:
Running 10s test @ http://10.10.1.1:8000/index.html
  1 threads and 32 connections
  Thread Stats   Avg      Stdev     Max   +/- Stdev
    Latency   1954.34u  620.61us4048.00us   67.24%
    Req/Sec       -nan      -nan   0.00      0.00%
  Latency Distribution (HdrHistogram - Recorded Latency)
 50.000% 1979.00us
 75.000% 2383.00us
 90.000% 2763.00us
 99.000% 3197.00us
 99.900% 3387.00us
 99.990% 3663.00us
 99.999% 3959.00us
100.000% 4049.00us

  Detailed Percentile spectrum:
       Value   Percentile   TotalCount 1/(1-Percentile)

     191.000     0.000000            1         1.00
    1104.000     0.100000         5406         1.11
    1433.000     0.200000        10814         1.25
    1670.000     0.300000        16212         1.43
    1833.000     0.400000        21620         1.67
    1979.000     0.500000        27004         2.00
    2055.000     0.550000        29692         2.22
    2131.000     0.600000        32448         2.50
    2209.000     0.650000        35134         2.86
    2289.000     0.700000        37802         3.33
    2383.000     0.750000        40526         4.00
    2435.000     0.775000        41863         4.44
    2489.000     0.800000        43207         5.00
    2547.000     0.825000        44575         5.71
    2609.000     0.850000        45905         6.67
    2683.000     0.875000        47274         8.00
    2721.000     0.887500        47938         8.89
    2763.000     0.900000        48619        10.00
    2805.000     0.912500        49270        11.43
    2849.000     0.925000        49944        13.33
    2901.000     0.937500        50627        16.00
    2929.000     0.943750        50953        17.78
    2957.000     0.950000        51292        20.00
    2985.000     0.956250        51628        22.86
    3019.000     0.962500        51970        26.67
    3051.000     0.968750        52298        32.00
    3073.000     0.971875        52471        35.56
    3093.000     0.975000        52646        40.00
    3111.000     0.978125        52809        45.71
    3133.000     0.981250        52980        53.33
    3155.000     0.984375        53151        64.00
    3165.000     0.985938        53233        71.11
    3177.000     0.987500        53321        80.00
    3189.000     0.989062        53398        91.43
    3207.000     0.990625        53485       106.67
    3223.000     0.992188        53565       128.00
    3231.000     0.992969        53608       142.22
    3241.000     0.993750        53652       160.00
    3251.000     0.994531        53691       182.86
    3265.000     0.995313        53732       213.33
    3285.000     0.996094        53776       256.00
    3297.000     0.996484        53797       284.44
    3305.000     0.996875        53820       320.00
    3313.000     0.997266        53838       365.71
    3321.000     0.997656        53860       426.67
    3331.000     0.998047        53880       512.00
    3337.000     0.998242        53891       568.89
    3345.000     0.998437        53901       640.00
    3355.000     0.998633        53912       731.43
    3367.000     0.998828        53922       853.33
    3387.000     0.999023        53933      1024.00
    3395.000     0.999121        53939      1137.78
    3411.000     0.999219        53944      1280.00
    3427.000     0.999316        53949      1462.86
    3447.000     0.999414        53955      1706.67
    3457.000     0.999512        53959      2048.00
    3461.000     0.999561        53962      2275.56
    3491.000     0.999609        53964      2560.00
    3511.000     0.999658        53968      2925.71
    3517.000     0.999707        53971      3413.33
    3521.000     0.999756        53972      4096.00
    3557.000     0.999780        53974      4551.11
    3569.000     0.999805        53975      5120.00
    3587.000     0.999829        53976      5851.43
    3597.000     0.999854        53978      6826.67
    3605.000     0.999878        53979      8192.00
    3663.000     0.999890        53980      9102.22
    3663.000     0.999902        53980     10240.00
    3685.000     0.999915        53981     11702.86
    3719.000     0.999927        53982     13653.33
    3719.000     0.999939        53982     16384.00
    3785.000     0.999945        53983     18204.44
    3785.000     0.999951        53983     20480.00
    3785.000     0.999957        53983     23405.71
    3959.000     0.999963        53984     27306.67
    3959.000     0.999969        53984     32768.00
    3959.000     0.999973        53984     36408.89
    3959.000     0.999976        53984     40960.00
    3959.000     0.999979        53984     46811.43
    4049.000     0.999982        53985     54613.33
    4049.000     1.000000        53985          inf
#[Mean    =     1954.342, StdDeviation   =      620.613]
#[Max     =     4048.000, Total count    =        53985]
#[Buckets =           27, SubBuckets     =         2048]
----------------------------------------------------------

  Latency Distribution (HdrHistogram - Uncorrected Latency (measured without taking delayed starts into account))
 50.000% 1166.00us
 75.000% 1368.00us
 90.000% 1488.00us
 99.000% 1651.00us
 99.900% 1804.00us
 99.990% 3183.00us
 99.999% 3657.00us
100.000% 3679.00us

  Detailed Percentile spectrum:
       Value   Percentile   TotalCount 1/(1-Percentile)

     139.000     0.000000            1         1.00
     560.000     0.100000         5413         1.11
     789.000     0.200000        10805         1.25
     944.000     0.300000        16221         1.43
    1064.000     0.400000        21617         1.67
    1166.000     0.500000        27019         2.00
    1210.000     0.550000        29693         2.22
    1253.000     0.600000        32405         2.50
    1294.000     0.650000        35108         2.86
    1331.000     0.700000        37814         3.33
    1368.000     0.750000        40557         4.00
    1385.000     0.775000        41864         4.44
    1404.000     0.800000        43231         5.00
    1423.000     0.825000        44561         5.71
    1443.000     0.850000        45903         6.67
    1465.000     0.875000        47298         8.00
    1477.000     0.887500        47957         8.89
    1488.000     0.900000        48601        10.00
    1501.000     0.912500        49270        11.43
    1514.000     0.925000        49948        13.33
    1530.000     0.937500        50612        16.00
    1538.000     0.943750        50982        17.78
    1546.000     0.950000        51287        20.00
    1557.000     0.956250        51637        22.86
    1568.000     0.962500        51982        26.67
    1580.000     0.968750        52307        32.00
    1587.000     0.971875        52479        35.56
    1594.000     0.975000        52636        40.00
    1604.000     0.978125        52816        45.71
    1615.000     0.981250        52993        53.33
    1625.000     0.984375        53149        64.00
    1632.000     0.985938        53236        71.11
    1638.000     0.987500        53314        80.00
    1646.000     0.989062        53395        91.43
    1654.000     0.990625        53480       106.67
    1666.000     0.992188        53569       128.00
    1671.000     0.992969        53608       142.22
    1679.000     0.993750        53651       160.00
    1688.000     0.994531        53691       182.86
    1697.000     0.995313        53734       213.33
    1709.000     0.996094        53776       256.00
    1714.000     0.996484        53797       284.44
    1720.000     0.996875        53818       320.00
    1727.000     0.997266        53839       365.71
    1738.000     0.997656        53860       426.67
    1750.000     0.998047        53881       512.00
    1754.000     0.998242        53892       568.89
    1760.000     0.998437        53903       640.00
    1768.000     0.998633        53912       731.43
    1779.000     0.998828        53922       853.33
    1810.000     0.999023        53933      1024.00
    1825.000     0.999121        53938      1137.78
    1835.000     0.999219        53943      1280.00
    1872.000     0.999316        53949      1462.86
    1897.000     0.999414        53954      1706.67
    1927.000     0.999512        53959      2048.00
    1973.000     0.999561        53962      2275.56
    2109.000     0.999609        53964      2560.00
    2135.000     0.999658        53967      2925.71
    2239.000     0.999707        53970      3413.33
    2361.000     0.999756        53972      4096.00
    2511.000     0.999780        53974      4551.11
    2627.000     0.999805        53975      5120.00
    2837.000     0.999829        53976      5851.43
    3075.000     0.999854        53978      6826.67
    3173.000     0.999878        53979      8192.00
    3183.000     0.999890        53980      9102.22
    3183.000     0.999902        53980     10240.00
    3331.000     0.999915        53981     11702.86
    3407.000     0.999927        53982     13653.33
    3407.000     0.999939        53982     16384.00
    3517.000     0.999945        53983     18204.44
    3517.000     0.999951        53983     20480.00
    3517.000     0.999957        53983     23405.71
    3657.000     0.999963        53984     27306.67
    3657.000     0.999969        53984     32768.00
    3657.000     0.999973        53984     36408.89
    3657.000     0.999976        53984     40960.00
    3657.000     0.999979        53984     46811.43
    3679.000     0.999982        53985     54613.33
    3679.000     1.000000        53985          inf
#[Mean    =     1097.538, StdDeviation   =      344.885]
#[Max     =     3678.000, Total count    =        53985]
#[Buckets =           27, SubBuckets     =         2048]
----------------------------------------------------------
  53987 requests in 10.00s, 4.53MB read
Requests/sec:   5398.58
Transfer/sec:    463.94KB

