Command: /tmp/wrk2/wrk http://10.10.1.1:8000/index.html -c 32 -t 1 -R 1000 -d 10 -L -U
Return code: 0
STDOUT:
Running 10s test @ http://10.10.1.1:8000/index.html
  1 threads and 32 connections
  Thread Stats   Avg      Stdev     Max   +/- Stdev
    Latency   1064.64u  449.91us2448.00us   63.05%
    Req/Sec       -nan      -nan   0.00      0.00%
  Latency Distribution (HdrHistogram - Recorded Latency)
 50.000% 1056.00us
 75.000% 1389.00us
 90.000% 1676.00us
 99.000% 2026.00us
 99.900% 2303.00us
 99.990% 2397.00us
 99.999% 2449.00us
100.000% 2449.00us

  Detailed Percentile spectrum:
       Value   Percentile   TotalCount 1/(1-Percentile)

     165.000     0.000000            1         1.00
     450.000     0.100000         1000         1.11
     621.000     0.200000         1994         1.25
     789.000     0.300000         2984         1.43
     926.000     0.400000         3975         1.67
    1056.000     0.500000         4974         2.00
    1124.000     0.550000         5467         2.22
    1196.000     0.600000         5963         2.50
    1259.000     0.650000         6460         2.86
    1315.000     0.700000         6956         3.33
    1389.000     0.750000         7458         4.00
    1426.000     0.775000         7708         4.44
    1468.000     0.800000         7950         5.00
    1514.000     0.825000         8205         5.71
    1566.000     0.850000         8447         6.67
    1621.000     0.875000         8701         8.00
    1649.000     0.887500         8822         8.89
    1676.000     0.900000         8945        10.00
    1711.000     0.912500         9071        11.43
    1750.000     0.925000         9192        13.33
    1788.000     0.937500         9316        16.00
    1808.000     0.943750         9379        17.78
    1836.000     0.950000         9444        20.00
    1861.000     0.956250         9503        22.86
    1886.000     0.962500         9566        26.67
    1905.000     0.968750         9629        32.00
    1918.000     0.971875         9658        35.56
    1933.000     0.975000         9695        40.00
    1945.000     0.978125         9721        45.71
    1964.000     0.981250         9751        53.33
    1985.000     0.984375         9785        64.00
    1991.000     0.985938         9799        71.11
    2001.000     0.987500         9814        80.00
    2015.000     0.989062         9830        91.43
    2055.000     0.990625         9848       106.67
    2083.000     0.992188         9860       128.00
    2117.000     0.992969         9868       142.22
    2129.000     0.993750         9875       160.00
    2155.000     0.994531         9883       182.86
    2175.000     0.995313         9891       213.33
    2193.000     0.996094         9899       256.00
    2201.000     0.996484         9903       284.44
    2207.000     0.996875         9906       320.00
    2223.000     0.997266         9911       365.71
    2243.000     0.997656         9914       426.67
    2259.000     0.998047         9918       512.00
    2275.000     0.998242         9920       568.89
    2289.000     0.998437         9923       640.00
    2291.000     0.998633         9924       731.43
    2299.000     0.998828         9926       853.33
    2303.000     0.999023         9928      1024.00
    2307.000     0.999121         9929      1137.78
    2313.000     0.999219         9930      1280.00
    2315.000     0.999316         9931      1462.86
    2325.000     0.999414         9932      1706.67
    2345.000     0.999512         9933      2048.00
    2345.000     0.999561         9933      2275.56
    2353.000     0.999609         9935      2560.00
    2353.000     0.999658         9935      2925.71
    2353.000     0.999707         9935      3413.33
    2353.000     0.999756         9935      4096.00
    2353.000     0.999780         9935      4551.11
    2397.000     0.999805         9936      5120.00
    2397.000     0.999829         9936      5851.43
    2397.000     0.999854         9936      6826.67
    2397.000     0.999878         9936      8192.00
    2397.000     0.999890         9936      9102.22
    2449.000     0.999902         9937     10240.00
    2449.000     1.000000         9937          inf
#[Mean    =     1064.644, StdDeviation   =      449.915]
#[Max     =     2448.000, Total count    =         9937]
#[Buckets =           27, SubBuckets     =         2048]
----------------------------------------------------------

  Latency Distribution (HdrHistogram - Uncorrected Latency (measured without taking delayed starts into account))
 50.000%  296.00us
 75.000%  341.00us
 90.000%  391.00us
 99.000%  454.00us
 99.900%  485.00us
 99.990%  509.00us
 99.999%  510.00us
100.000%  510.00us

  Detailed Percentile spectrum:
       Value   Percentile   TotalCount 1/(1-Percentile)

     129.000     0.000000            1         1.00
     220.000     0.100000         1030         1.11
     238.000     0.200000         2060         1.25
     252.000     0.300000         3004         1.43
     270.000     0.400000         4004         1.67
     296.000     0.500000         4979         2.00
     307.000     0.550000         5502         2.22
     319.000     0.600000         5987         2.50
     326.000     0.650000         6533         2.86
     333.000     0.700000         7000         3.33
     341.000     0.750000         7510         4.00
     345.000     0.775000         7723         4.44
     351.000     0.800000         7983         5.00
     356.000     0.825000         8199         5.71
     365.000     0.850000         8447         6.67
     376.000     0.875000         8697         8.00
     384.000     0.887500         8822         8.89
     391.000     0.900000         8945        10.00
     398.000     0.912500         9078        11.43
     407.000     0.925000         9211        13.33
     414.000     0.937500         9325        16.00
     417.000     0.943750         9394        17.78
     420.000     0.950000         9445        20.00
     424.000     0.956250         9510        22.86
     428.000     0.962500         9572        26.67
     433.000     0.968750         9629        32.00
     436.000     0.971875         9674        35.56
     437.000     0.975000         9689        40.00
     440.000     0.978125         9735        45.71
     442.000     0.981250         9756        53.33
     446.000     0.984375         9794        64.00
     447.000     0.985938         9803        71.11
     448.000     0.987500         9813        80.00
     452.000     0.989062         9830        91.43
     455.000     0.990625         9849       106.67
     458.000     0.992188         9862       128.00
     459.000     0.992969         9870       142.22
     462.000     0.993750         9876       160.00
     465.000     0.994531         9884       182.86
     468.000     0.995313         9894       213.33
     472.000     0.996094         9899       256.00
     474.000     0.996484         9905       284.44
     475.000     0.996875         9908       320.00
     476.000     0.997266         9912       365.71
     478.000     0.997656         9915       426.67
     480.000     0.998047         9918       512.00
     482.000     0.998242         9922       568.89
     482.000     0.998437         9922       640.00
     483.000     0.998633         9924       731.43
     485.000     0.998828         9927       853.33
     486.000     0.999023         9930      1024.00
     486.000     0.999121         9930      1137.78
     486.000     0.999219         9930      1280.00
     487.000     0.999316         9931      1462.86
     489.000     0.999414         9933      1706.67
     489.000     0.999512         9933      2048.00
     489.000     0.999561         9933      2275.56
     493.000     0.999609         9934      2560.00
     493.000     0.999658         9934      2925.71
     497.000     0.999707         9935      3413.33
     497.000     0.999756         9935      4096.00
     497.000     0.999780         9935      4551.11
     509.000     0.999805         9936      5120.00
     509.000     0.999829         9936      5851.43
     509.000     0.999854         9936      6826.67
     509.000     0.999878         9936      8192.00
     509.000     0.999890         9936      9102.22
     510.000     0.999902         9937     10240.00
     510.000     1.000000         9937          inf
#[Mean    =      298.321, StdDeviation   =       65.740]
#[Max     =      510.000, Total count    =         9937]
#[Buckets =           27, SubBuckets     =         2048]
----------------------------------------------------------
  9938 requests in 10.00s, 854.05KB read
Requests/sec:    993.70
Transfer/sec:     85.40KB

