Command: /tmp/wrk2/wrk http://10.0.0.4:8000/index.html -c 256 -t 8 -R 9000 -d 10 -L -U
Return code: 0
STDOUT:
Running 10s test @ http://10.0.0.4:8000/index.html
  8 threads and 256 connections
  Thread Stats   Avg      Stdev     Max   +/- Stdev
    Latency   1301.99u 1047.32us20048.00u   95.25%
    Req/Sec       -nan      -nan   0.00      0.00%
  Latency Distribution (HdrHistogram - Recorded Latency)
 50.000% 1145.00us
 75.000% 1512.00us
 90.000% 1882.00us
 99.000% 6355.00us
 99.900%12111.00us
 99.990%18143.00us
 99.999%19535.00us
100.000%20063.00us

  Detailed Percentile spectrum:
       Value   Percentile   TotalCount 1/(1-Percentile)

     234.000     0.000000            3         1.00
     550.000     0.100000         8946         1.11
     717.000     0.200000        17912         1.25
     865.000     0.300000        26878         1.43
    1006.000     0.400000        35827         1.67
    1145.000     0.500000        44746         2.00
    1215.000     0.550000        49194         2.22
    1285.000     0.600000        53672         2.50
    1354.000     0.650000        58135         2.86
    1428.000     0.700000        62604         3.33
    1512.000     0.750000        67084         4.00
    1558.000     0.775000        69347         4.44
    1608.000     0.800000        71533         5.00
    1662.000     0.825000        73797         5.71
    1722.000     0.850000        76021         6.67
    1793.000     0.875000        78247         8.00
    1834.000     0.887500        79371         8.89
    1882.000     0.900000        80496        10.00
    1939.000     0.912500        81602        11.43
    2013.000     0.925000        82711        13.33
    2117.000     0.937500        83848        16.00
    2187.000     0.943750        84388        17.78
    2293.000     0.950000        84949        20.00
    2445.000     0.956250        85504        22.86
    2701.000     0.962500        86062        26.67
    3105.000     0.968750        86622        32.00
    3365.000     0.971875        86907        35.56
    3683.000     0.975000        87180        40.00
    4071.000     0.978125        87461        45.71
    4515.000     0.981250        87739        53.33
    5087.000     0.984375        88020        64.00
    5407.000     0.985938        88158        71.11
    5755.000     0.987500        88298        80.00
    6091.000     0.989062        88438        91.43
    6515.000     0.990625        88579       106.67
    7023.000     0.992188        88717       128.00
    7303.000     0.992969        88787       142.22
    7599.000     0.993750        88859       160.00
    7963.000     0.994531        88927       182.86
    8343.000     0.995313        88996       213.33
    8775.000     0.996094        89068       256.00
    8967.000     0.996484        89101       284.44
    9151.000     0.996875        89136       320.00
    9479.000     0.997266        89171       365.71
    9823.000     0.997656        89207       426.67
   10175.000     0.998047        89241       512.00
   10407.000     0.998242        89259       568.89
   10583.000     0.998437        89277       640.00
   10911.000     0.998633        89294       731.43
   11455.000     0.998828        89311       853.33
   12175.000     0.999023        89328      1024.00
   12487.000     0.999121        89337      1137.78
   13047.000     0.999219        89346      1280.00
   13271.000     0.999316        89354      1462.86
   13783.000     0.999414        89363      1706.67
   14207.000     0.999512        89372      2048.00
   14479.000     0.999561        89376      2275.56
   14735.000     0.999609        89381      2560.00
   14847.000     0.999658        89385      2925.71
   15207.000     0.999707        89389      3413.33
   15415.000     0.999756        89394      4096.00
   15487.000     0.999780        89396      4551.11
   15871.000     0.999805        89398      5120.00
   16151.000     0.999829        89400      5851.43
   16263.000     0.999854        89402      6826.67
   18111.000     0.999878        89405      8192.00
   18143.000     0.999890        89406      9102.22
   18303.000     0.999902        89408     10240.00
   18303.000     0.999915        89408     11702.86
   18351.000     0.999927        89409     13653.33
   18607.000     0.999939        89410     16384.00
   18671.000     0.999945        89411     18204.44
   18671.000     0.999951        89411     20480.00
   18799.000     0.999957        89412     23405.71
   18799.000     0.999963        89412     27306.67
   18975.000     0.999969        89413     32768.00
   18975.000     0.999973        89413     36408.89
   18975.000     0.999976        89413     40960.00
   19535.000     0.999979        89414     46811.43
   19535.000     0.999982        89414     54613.33
   19535.000     0.999985        89414     65536.00
   19535.000     0.999986        89414     72817.78
   19535.000     0.999988        89414     81920.00
   20063.000     0.999989        89415     93622.86
   20063.000     1.000000        89415          inf
#[Mean    =     1301.988, StdDeviation   =     1047.319]
#[Max     =    20048.000, Total count    =        89415]
#[Buckets =           27, SubBuckets     =         2048]
----------------------------------------------------------

  Latency Distribution (HdrHistogram - Uncorrected Latency (measured without taking delayed starts into account))
 50.000%  359.00us
 75.000%  448.00us
 90.000%  698.00us
 99.000% 5535.00us
 99.900%11087.00us
 99.990%17615.00us
 99.999%18159.00us
100.000%19327.00us

  Detailed Percentile spectrum:
       Value   Percentile   TotalCount 1/(1-Percentile)

     197.000     0.000000            1         1.00
     272.000     0.100000         9036         1.11
     294.000     0.200000        18124         1.25
     314.000     0.300000        26953         1.43
     335.000     0.400000        35815         1.67
     359.000     0.500000        44948         2.00
     372.000     0.550000        49280         2.22
     387.000     0.600000        53819         2.50
     403.000     0.650000        58160         2.86
     423.000     0.700000        62676         3.33
     448.000     0.750000        67212         4.00
     463.000     0.775000        69390         4.44
     481.000     0.800000        71554         5.00
     506.000     0.825000        73825         5.71
     540.000     0.850000        76008         6.67
     594.000     0.875000        78264         8.00
     635.000     0.887500        79356         8.89
     698.000     0.900000        80486        10.00
     781.000     0.912500        81594        11.43
     888.000     0.925000        82713        13.33
    1054.000     0.937500        83830        16.00
    1186.000     0.943750        84387        17.78
    1364.000     0.950000        84947        20.00
    1593.000     0.956250        85505        22.86
    1853.000     0.962500        86062        26.67
    2235.000     0.968750        86624        32.00
    2513.000     0.971875        86903        35.56
    2817.000     0.975000        87181        40.00
    3197.000     0.978125        87461        45.71
    3635.000     0.981250        87739        53.33
    4275.000     0.984375        88021        64.00
    4563.000     0.985938        88158        71.11
    4923.000     0.987500        88301        80.00
    5319.000     0.989062        88438        91.43
    5719.000     0.990625        88577       106.67
    6235.000     0.992188        88717       128.00
    6491.000     0.992969        88787       142.22
    6799.000     0.993750        88857       160.00
    7247.000     0.994531        88927       182.86
    7651.000     0.995313        88996       213.33
    7971.000     0.996094        89067       256.00
    8135.000     0.996484        89101       284.44
    8423.000     0.996875        89137       320.00
    8687.000     0.997266        89171       365.71
    8967.000     0.997656        89207       426.67
    9359.000     0.998047        89241       512.00
    9511.000     0.998242        89259       568.89
    9679.000     0.998437        89276       640.00
   10071.000     0.998633        89293       731.43
   10671.000     0.998828        89311       853.33
   11191.000     0.999023        89328      1024.00
   11863.000     0.999121        89337      1137.78
   12319.000     0.999219        89347      1280.00
   12631.000     0.999316        89354      1462.86
   12903.000     0.999414        89363      1706.67
   13647.000     0.999512        89372      2048.00
   13807.000     0.999561        89376      2275.56
   13927.000     0.999609        89383      2560.00
   13975.000     0.999658        89385      2925.71
   14343.000     0.999707        89389      3413.33
   15015.000     0.999756        89394      4096.00
   15047.000     0.999780        89396      4551.11
   15167.000     0.999805        89398      5120.00
   15447.000     0.999829        89400      5851.43
   15847.000     0.999854        89402      6826.67
   17615.000     0.999878        89406      8192.00
   17615.000     0.999890        89406      9102.22
   17695.000     0.999902        89407     10240.00
   17711.000     0.999915        89408     11702.86
   17887.000     0.999927        89409     13653.33
   17903.000     0.999939        89410     16384.00
   17935.000     0.999945        89412     18204.44
   17935.000     0.999951        89412     20480.00
   17935.000     0.999957        89412     23405.71
   17935.000     0.999963        89412     27306.67
   18047.000     0.999969        89413     32768.00
   18047.000     0.999973        89413     36408.89
   18047.000     0.999976        89413     40960.00
   18159.000     0.999979        89414     46811.43
   18159.000     0.999982        89414     54613.33
   18159.000     0.999985        89414     65536.00
   18159.000     0.999986        89414     72817.78
   18159.000     0.999988        89414     81920.00
   19327.000     0.999989        89415     93622.86
   19327.000     1.000000        89415          inf
#[Mean    =      564.595, StdDeviation   =      951.279]
#[Max     =    19312.000, Total count    =        89415]
#[Buckets =           27, SubBuckets     =         2048]
----------------------------------------------------------
  89423 requests in 10.00s, 7.50MB read
Requests/sec:   8942.48
Transfer/sec:    768.49KB

