Command: /tmp/wrk2/wrk http://10.0.0.4:8000/index.html -c 256 -t 8 -R 70000 -d 10 -L -U
Return code: 0
STDOUT:
Running 10s test @ http://10.0.0.4:8000/index.html
  8 threads and 256 connections
  Thread Stats   Avg      Stdev     Max   +/- Stdev
    Latency   1279725.836097.98u4788224.0   60.26%
    Req/Sec       -nan      -nan   0.00      0.00%
  Latency Distribution (HdrHistogram - Recorded Latency)
 50.000%1255423.00
 75.000%1950719.00
 90.000%2365439.00
 99.000%3360767.00
 99.900%4415487.00
 99.990%4685823.00
 99.999%4775935.00
100.000%4792319.00

  Detailed Percentile spectrum:
       Value   Percentile   TotalCount 1/(1-Percentile)

     280.000     0.000000            1         1.00
  149247.000     0.100000        49655         1.11
  418815.000     0.200000        99302         1.25
  696319.000     0.300000       148950         1.43
  972799.000     0.400000       198616         1.67
 1255423.000     0.500000       248258         2.00
 1395711.000     0.550000       273092         2.22
 1532927.000     0.600000       297837         2.50
 1672191.000     0.650000       322690         2.86
 1812479.000     0.700000       347583         3.33
 1950719.000     0.750000       372316         4.00
 2019327.000     0.775000       384868         4.44
 2086911.000     0.800000       397266         5.00
 2156543.000     0.825000       409880         5.71
 2224127.000     0.850000       422099         6.67
 2293759.000     0.875000       434517         8.00
 2330623.000     0.887500       440859         8.89
 2365439.000     0.900000       446756        10.00
 2404351.000     0.912500       453222        11.43
 2443263.000     0.925000       459378        13.33
 2484223.000     0.937500       465380        16.00
 2506751.000     0.943750       468564        17.78
 2531327.000     0.950000       471628        20.00
 2559999.000     0.956250       474806        22.86
 2592767.000     0.962500       477887        26.67
 2637823.000     0.968750       480987        32.00
 2664447.000     0.971875       482461        35.56
 2701311.000     0.975000       484025        40.00
 2756607.000     0.978125       485534        45.71
 2852863.000     0.981250       487087        53.33
 2994175.000     0.984375       488642        64.00
 3074047.000     0.985938       489421        71.11
 3172351.000     0.987500       490199        80.00
 3287039.000     0.989062       490968        91.43
 3401727.000     0.990625       491741       106.67
 3518463.000     0.992188       492518       128.00
 3594239.000     0.992969       492910       142.22
 3678207.000     0.993750       493297       160.00
 3760127.000     0.994531       493678       182.86
 3856383.000     0.995313       494067       213.33
 3960831.000     0.996094       494454       256.00
 4018175.000     0.996484       494657       284.44
 4067327.000     0.996875       494841       320.00
 4118527.000     0.997266       495035       365.71
 4173823.000     0.997656       495237       426.67
 4231167.000     0.998047       495433       512.00
 4263935.000     0.998242       495532       568.89
 4292607.000     0.998437       495623       640.00
 4333567.000     0.998633       495716       731.43
 4370431.000     0.998828       495811       853.33
 4423679.000     0.999023       495912      1024.00
 4448255.000     0.999121       495956      1137.78
 4476927.000     0.999219       496011      1280.00
 4501503.000     0.999316       496057      1462.86
 4526079.000     0.999414       496104      1706.67
 4550655.000     0.999512       496157      2048.00
 4558847.000     0.999561       496174      2275.56
 4575231.000     0.999609       496202      2560.00
 4591615.000     0.999658       496228      2925.71
 4607999.000     0.999707       496248      3413.33
 4624383.000     0.999756       496272      4096.00
 4632575.000     0.999780       496283      4551.11
 4644863.000     0.999805       496296      5120.00
 4653055.000     0.999829       496309      5851.43
 4665343.000     0.999854       496323      6826.67
 4673535.000     0.999878       496333      8192.00
 4681727.000     0.999890       496340      9102.22
 4689919.000     0.999902       496348     10240.00
 4694015.000     0.999915       496350     11702.86
 4706303.000     0.999927       496357     13653.33
 4718591.000     0.999939       496363     16384.00
 4722687.000     0.999945       496366     18204.44
 4726783.000     0.999951       496368     20480.00
 4730879.000     0.999957       496371     23405.71
 4739071.000     0.999963       496375     27306.67
 4743167.000     0.999969       496378     32768.00
 4747263.000     0.999973       496379     36408.89
 4751359.000     0.999976       496380     40960.00
 4759551.000     0.999979       496382     46811.43
 4763647.000     0.999982       496384     54613.33
 4767743.000     0.999985       496385     65536.00
 4771839.000     0.999986       496386     72817.78
 4771839.000     0.999988       496386     81920.00
 4775935.000     0.999989       496387     93622.86
 4780031.000     0.999991       496388    109226.67
 4784127.000     0.999992       496390    131072.00
 4784127.000     0.999993       496390    145635.56
 4784127.000     0.999994       496390    163840.00
 4784127.000     0.999995       496390    187245.71
 4784127.000     0.999995       496390    218453.33
 4788223.000     0.999996       496391    262144.00
 4788223.000     0.999997       496391    291271.11
 4788223.000     0.999997       496391    327680.00
 4788223.000     0.999997       496391    374491.43
 4788223.000     0.999998       496391    436906.67
 4792319.000     0.999998       496392    524288.00
 4792319.000     1.000000       496392          inf
#[Mean    =  1279725.989, StdDeviation   =   836097.980]
#[Max     =  4788224.000, Total count    =       496392]
#[Buckets =           27, SubBuckets     =         2048]
----------------------------------------------------------

  Latency Distribution (HdrHistogram - Uncorrected Latency (measured without taking delayed starts into account))
 50.000% 4991.00us
 75.000% 5103.00us
 90.000% 5263.00us
 99.000% 7755.00us
 99.900%14615.00us
 99.990%27055.00us
 99.999%60447.00us
100.000%214655.00u

  Detailed Percentile spectrum:
       Value   Percentile   TotalCount 1/(1-Percentile)

     194.000     0.000000            1         1.00
    4359.000     0.100000        49749         1.11
    4767.000     0.200000        99947         1.25
    4887.000     0.300000       149924         1.43
    4947.000     0.400000       200398         1.67
    4991.000     0.500000       250580         2.00
    5011.000     0.550000       275028         2.22
    5031.000     0.600000       299428         2.50
    5055.000     0.650000       327024         2.86
    5075.000     0.700000       348199         3.33
    5103.000     0.750000       374718         4.00
    5119.000     0.775000       387659         4.44
    5135.000     0.800000       399196         5.00
    5155.000     0.825000       411216         5.71
    5179.000     0.850000       422763         6.67
    5211.000     0.875000       434507         8.00
    5235.000     0.887500       441354         8.89
    5263.000     0.900000       447072        10.00
    5311.000     0.912500       452976        11.43
    5475.000     0.925000       459174        13.33
    6123.000     0.937500       465401        16.00
    6419.000     0.943750       468491        17.78
    6707.000     0.950000       471621        20.00
    6947.000     0.956250       474699        22.86
    7139.000     0.962500       477815        26.67
    7295.000     0.968750       480898        32.00
    7363.000     0.971875       482441        35.56
    7427.000     0.975000       483990        40.00
    7491.000     0.978125       485553        45.71
    7555.000     0.981250       487188        53.33
    7615.000     0.984375       488694        64.00
    7651.000     0.985938       489473        71.11
    7687.000     0.987500       490257        80.00
    7727.000     0.989062       490998        91.43
    7779.000     0.990625       491752       106.67
    7867.000     0.992188       492535       128.00
    7955.000     0.992969       492904       142.22
    8207.000     0.993750       493293       160.00
    8639.000     0.994531       493680       182.86
    8935.000     0.995313       494070       213.33
    9207.000     0.996094       494460       256.00
    9303.000     0.996484       494666       284.44
    9447.000     0.996875       494841       320.00
    9687.000     0.997266       495040       365.71
   10087.000     0.997656       495230       426.67
   10655.000     0.998047       495423       512.00
   10999.000     0.998242       495521       568.89
   11359.000     0.998437       495617       640.00
   11839.000     0.998633       495715       731.43
   12807.000     0.998828       495811       853.33
   14847.000     0.999023       495908      1024.00
   16039.000     0.999121       495957      1137.78
   16879.000     0.999219       496005      1280.00
   18623.000     0.999316       496055      1462.86
   18975.000     0.999414       496104      1706.67
   19183.000     0.999512       496151      2048.00
   19679.000     0.999561       496174      2275.56
   20367.000     0.999609       496199      2560.00
   20927.000     0.999658       496223      2925.71
   22079.000     0.999707       496247      3413.33
   22799.000     0.999756       496271      4096.00
   22895.000     0.999780       496286      4551.11
   23007.000     0.999805       496297      5120.00
   23151.000     0.999829       496309      5851.43
   24783.000     0.999854       496320      6826.67
   25791.000     0.999878       496333      8192.00
   25983.000     0.999890       496338      9102.22
   27183.000     0.999902       496344     10240.00
   28207.000     0.999915       496351     11702.86
   29055.000     0.999927       496356     13653.33
   31935.000     0.999939       496362     16384.00
   34431.000     0.999945       496365     18204.44
   38079.000     0.999951       496368     20480.00
   39775.000     0.999957       496371     23405.71
   41919.000     0.999963       496374     27306.67
   45471.000     0.999969       496377     32768.00
   47647.000     0.999973       496379     36408.89
   48511.000     0.999976       496380     40960.00
   50495.000     0.999979       496382     46811.43
   52191.000     0.999982       496383     54613.33
   55327.000     0.999985       496385     65536.00
   57727.000     0.999986       496386     72817.78
   57727.000     0.999988       496386     81920.00
   60447.000     0.999989       496387     93622.86
   62751.000     0.999991       496388    109226.67
   65503.000     0.999992       496389    131072.00
   65503.000     0.999993       496389    145635.56
   65503.000     0.999994       496389    163840.00
   67839.000     0.999995       496390    187245.71
   67839.000     0.999995       496390    218453.33
   70463.000     0.999996       496391    262144.00
   70463.000     0.999997       496391    291271.11
   70463.000     0.999997       496391    327680.00
   70463.000     0.999997       496391    374491.43
   70463.000     0.999998       496391    436906.67
  214655.000     0.999998       496392    524288.00
  214655.000     1.000000       496392          inf
#[Mean    =     5031.217, StdDeviation   =     1024.397]
#[Max     =   214528.000, Total count    =       496392]
#[Buckets =           27, SubBuckets     =         2048]
----------------------------------------------------------
  496403 requests in 10.00s, 41.66MB read
Requests/sec:  49641.67
Transfer/sec:      4.17MB

