Command: /tmp/wrk2/wrk http://10.0.0.4:8000/index.html -c 256 -t 8 -R 10000 -d 10 -L -U
Return code: 0
STDOUT:
Running 10s test @ http://10.0.0.4:8000/index.html
  8 threads and 256 connections
  Thread Stats   Avg      Stdev     Max   +/- Stdev
    Latency   1333.15u 1670.47us231808.00   97.32%
    Req/Sec       -nan      -nan   0.00      0.00%
  Latency Distribution (HdrHistogram - Recorded Latency)
 50.000% 1199.00us
 75.000% 1569.00us
 90.000% 1920.00us
 99.000% 5559.00us
 99.900%11751.00us
 99.990%18959.00us
 99.999%206847.00u
100.000%231935.00u

  Detailed Percentile spectrum:
       Value   Percentile   TotalCount 1/(1-Percentile)

     238.000     0.000000            1         1.00
     596.000     0.100000         9846         1.11
     769.000     0.200000        19662         1.25
     917.000     0.300000        29493         1.43
    1058.000     0.400000        39327         1.67
    1199.000     0.500000        49118         2.00
    1270.000     0.550000        54051         2.22
    1340.000     0.600000        58939         2.50
    1411.000     0.650000        63843         2.86
    1487.000     0.700000        68771         3.33
    1569.000     0.750000        73648         4.00
    1614.000     0.775000        76104         4.44
    1661.000     0.800000        78576         5.00
    1713.000     0.825000        81022         5.71
    1768.000     0.850000        83459         6.67
    1837.000     0.875000        85927         8.00
    1875.000     0.887500        87143         8.89
    1920.000     0.900000        88383        10.00
    1974.000     0.912500        89602        11.43
    2036.000     0.925000        90819        13.33
    2113.000     0.937500        92047        16.00
    2165.000     0.943750        92668        17.78
    2229.000     0.950000        93275        20.00
    2319.000     0.956250        93898        22.86
    2463.000     0.962500        94504        26.67
    2721.000     0.968750        95114        32.00
    2917.000     0.971875        95423        35.56
    3131.000     0.975000        95729        40.00
    3455.000     0.978125        96035        45.71
    3793.000     0.981250        96341        53.33
    4295.000     0.984375        96647        64.00
    4611.000     0.985938        96801        71.11
    4927.000     0.987500        96954        80.00
    5307.000     0.989062        97109        91.43
    5699.000     0.990625        97262       106.67
    6059.000     0.992188        97416       128.00
    6295.000     0.992969        97493       142.22
    6531.000     0.993750        97569       160.00
    6819.000     0.994531        97645       182.86
    7063.000     0.995313        97721       213.33
    7523.000     0.996094        97798       256.00
    7803.000     0.996484        97836       284.44
    8087.000     0.996875        97875       320.00
    8431.000     0.997266        97914       365.71
    8791.000     0.997656        97951       426.67
    9287.000     0.998047        97991       512.00
    9703.000     0.998242        98009       568.89
   10095.000     0.998437        98028       640.00
   10543.000     0.998633        98047       731.43
   11151.000     0.998828        98066       853.33
   11927.000     0.999023        98087      1024.00
   12271.000     0.999121        98095      1137.78
   12863.000     0.999219        98105      1280.00
   13247.000     0.999316        98114      1462.86
   13959.000     0.999414        98124      1706.67
   14367.000     0.999512        98134      2048.00
   14503.000     0.999561        98139      2275.56
   14663.000     0.999609        98143      2560.00
   15103.000     0.999658        98148      2925.71
   15911.000     0.999707        98153      3413.33
   16959.000     0.999756        98158      4096.00
   17359.000     0.999780        98160      4551.11
   18143.000     0.999805        98162      5120.00
   18399.000     0.999829        98165      5851.43
   18655.000     0.999854        98167      6826.67
   18831.000     0.999878        98170      8192.00
   18959.000     0.999890        98171      9102.22
   19119.000     0.999902        98172     10240.00
   30367.000     0.999915        98173     11702.86
   55423.000     0.999927        98174     13653.33
  105727.000     0.999939        98176     16384.00
  105727.000     0.999945        98176     18204.44
  130879.000     0.999951        98177     20480.00
  130879.000     0.999957        98177     23405.71
  156159.000     0.999963        98178     27306.67
  181375.000     0.999969        98179     32768.00
  181375.000     0.999973        98179     36408.89
  181375.000     0.999976        98179     40960.00
  181375.000     0.999979        98179     46811.43
  206847.000     0.999982        98180     54613.33
  206847.000     0.999985        98180     65536.00
  206847.000     0.999986        98180     72817.78
  206847.000     0.999988        98180     81920.00
  206847.000     0.999989        98180     93622.86
  231935.000     0.999991        98181    109226.67
  231935.000     1.000000        98181          inf
#[Mean    =     1333.155, StdDeviation   =     1670.475]
#[Max     =   231808.000, Total count    =        98181]
#[Buckets =           27, SubBuckets     =         2048]
----------------------------------------------------------

  Latency Distribution (HdrHistogram - Uncorrected Latency (measured without taking delayed starts into account))
 50.000%  405.00us
 75.000%  518.00us
 90.000%  718.00us
 99.000% 4667.00us
 99.900%10455.00us
 99.990%17567.00us
 99.999%18511.00us
100.000%231167.00u

  Detailed Percentile spectrum:
       Value   Percentile   TotalCount 1/(1-Percentile)

     199.000     0.000000            1         1.00
     291.000     0.100000        10128         1.11
     320.000     0.200000        19966         1.25
     347.000     0.300000        29740         1.43
     375.000     0.400000        39583         1.67
     405.000     0.500000        49185         2.00
     422.000     0.550000        54157         2.22
     440.000     0.600000        58919         2.50
     462.000     0.650000        63941         2.86
     487.000     0.700000        68835         3.33
     518.000     0.750000        73724         4.00
     537.000     0.775000        76154         4.44
     559.000     0.800000        78600         5.00
     585.000     0.825000        81085         5.71
     617.000     0.850000        83492         6.67
     659.000     0.875000        85949         8.00
     686.000     0.887500        87163         8.89
     718.000     0.900000        88384        10.00
     759.000     0.912500        89614        11.43
     815.000     0.925000        90843        13.33
     911.000     0.937500        92052        16.00
     994.000     0.943750        92661        17.78
    1131.000     0.950000        93272        20.00
    1330.000     0.956250        93887        22.86
    1559.000     0.962500        94503        26.67
    1872.000     0.968750        95114        32.00
    2071.000     0.971875        95421        35.56
    2301.000     0.975000        95727        40.00
    2605.000     0.978125        96038        45.71
    2937.000     0.981250        96341        53.33
    3437.000     0.984375        96648        64.00
    3757.000     0.985938        96801        71.11
    4083.000     0.987500        96954        80.00
    4459.000     0.989062        97108        91.43
    4815.000     0.990625        97261       106.67
    5175.000     0.992188        97416       128.00
    5423.000     0.992969        97491       142.22
    5667.000     0.993750        97568       160.00
    5915.000     0.994531        97645       182.86
    6143.000     0.995313        97722       213.33
    6443.000     0.996094        97799       256.00
    6663.000     0.996484        97836       284.44
    7159.000     0.996875        97875       320.00
    7575.000     0.997266        97913       365.71
    7927.000     0.997656        97951       426.67
    8431.000     0.998047        97991       512.00
    8735.000     0.998242        98009       568.89
    9303.000     0.998437        98028       640.00
    9575.000     0.998633        98047       731.43
   10127.000     0.998828        98066       853.33
   10655.000     0.999023        98086      1024.00
   11119.000     0.999121        98095      1137.78
   11511.000     0.999219        98105      1280.00
   12111.000     0.999316        98114      1462.86
   12679.000     0.999414        98124      1706.67
   12959.000     0.999512        98134      2048.00
   13535.000     0.999561        98138      2275.56
   13759.000     0.999609        98143      2560.00
   14007.000     0.999658        98148      2925.71
   14231.000     0.999707        98153      3413.33
   14743.000     0.999756        98158      4096.00
   14839.000     0.999780        98160      4551.11
   15295.000     0.999805        98162      5120.00
   16295.000     0.999829        98165      5851.43
   16863.000     0.999854        98168      6826.67
   17535.000     0.999878        98170      8192.00
   17567.000     0.999890        98171      9102.22
   17631.000     0.999902        98172     10240.00
   17775.000     0.999915        98173     11702.86
   17951.000     0.999927        98174     13653.33
   18207.000     0.999939        98176     16384.00
   18207.000     0.999945        98176     18204.44
   18223.000     0.999951        98177     20480.00
   18223.000     0.999957        98177     23405.71
   18319.000     0.999963        98178     27306.67
   18351.000     0.999969        98179     32768.00
   18351.000     0.999973        98179     36408.89
   18351.000     0.999976        98179     40960.00
   18351.000     0.999979        98179     46811.43
   18511.000     0.999982        98180     54613.33
   18511.000     0.999985        98180     65536.00
   18511.000     0.999986        98180     72817.78
   18511.000     0.999988        98180     81920.00
   18511.000     0.999989        98180     93622.86
  231167.000     0.999991        98181    109226.67
  231167.000     1.000000        98181          inf
#[Mean    =      572.408, StdDeviation   =     1099.407]
#[Max     =   231040.000, Total count    =        98181]
#[Buckets =           27, SubBuckets     =         2048]
----------------------------------------------------------
  98197 requests in 10.01s, 8.24MB read
Requests/sec:   9806.35
Transfer/sec:    842.73KB

