Command: /tmp/wrk2/wrk http://10.0.0.4:8000/index.html -c 256 -t 8 -R 5000 -d 10 -L -U
Return code: 0
STDOUT:
Running 10s test @ http://10.0.0.4:8000/index.html
  8 threads and 256 connections
  Thread Stats   Avg      Stdev     Max   +/- Stdev
    Latency   1222.66u  641.22us18624.00u   83.46%
    Req/Sec       -nan      -nan   0.00      0.00%
  Latency Distribution (HdrHistogram - Recorded Latency)
 50.000% 1171.00us
 75.000% 1489.00us
 90.000% 1797.00us
 99.000% 2991.00us
 99.900% 7703.00us
 99.990%17951.00us
 99.999%18639.00us
100.000%18639.00us

  Detailed Percentile spectrum:
       Value   Percentile   TotalCount 1/(1-Percentile)

     243.000     0.000000            2         1.00
     608.000     0.100000         4928         1.11
     775.000     0.200000         9832         1.25
     916.000     0.300000        14759         1.43
    1049.000     0.400000        19675         1.67
    1171.000     0.500000        24578         2.00
    1232.000     0.550000        27055         2.22
    1294.000     0.600000        29517         2.50
    1353.000     0.650000        31960         2.86
    1416.000     0.700000        34407         3.33
    1489.000     0.750000        36861         4.00
    1529.000     0.775000        38094         4.44
    1570.000     0.800000        39318         5.00
    1617.000     0.825000        40563         5.71
    1668.000     0.850000        41779         6.67
    1729.000     0.875000        43014         8.00
    1760.000     0.887500        43621         8.89
    1797.000     0.900000        44241        10.00
    1839.000     0.912500        44848        11.43
    1886.000     0.925000        45465        13.33
    1939.000     0.937500        46083        16.00
    1971.000     0.943750        46388        17.78
    2001.000     0.950000        46692        20.00
    2042.000     0.956250        47001        22.86
    2093.000     0.962500        47309        26.67
    2153.000     0.968750        47614        32.00
    2195.000     0.971875        47770        35.56
    2249.000     0.975000        47920        40.00
    2309.000     0.978125        48073        45.71
    2395.000     0.981250        48225        53.33
    2525.000     0.984375        48379        64.00
    2627.000     0.985938        48455        71.11
    2753.000     0.987500        48533        80.00
    2897.000     0.989062        48611        91.43
    3071.000     0.990625        48686       106.67
    3331.000     0.992188        48764       128.00
    3513.000     0.992969        48801       142.22
    3669.000     0.993750        48839       160.00
    3941.000     0.994531        48879       182.86
    4263.000     0.995313        48916       213.33
    4619.000     0.996094        48955       256.00
    4815.000     0.996484        48974       284.44
    5011.000     0.996875        48993       320.00
    5307.000     0.997266        49013       365.71
    5847.000     0.997656        49031       426.67
    6395.000     0.998047        49051       512.00
    6803.000     0.998242        49060       568.89
    7039.000     0.998437        49070       640.00
    7403.000     0.998633        49079       731.43
    7583.000     0.998828        49089       853.33
    7727.000     0.999023        49099      1024.00
    7779.000     0.999121        49103      1137.78
    8271.000     0.999219        49108      1280.00
    8439.000     0.999316        49113      1462.86
    9095.000     0.999414        49119      1706.67
    9479.000     0.999512        49123      2048.00
   10271.000     0.999561        49125      2275.56
   10879.000     0.999609        49127      2560.00
   11391.000     0.999658        49130      2925.71
   12055.000     0.999707        49132      3413.33
   13463.000     0.999756        49135      4096.00
   13519.000     0.999780        49136      4551.11
   13639.000     0.999805        49137      5120.00
   13687.000     0.999829        49138      5851.43
   13775.000     0.999854        49139      6826.67
   17951.000     0.999878        49141      8192.00
   17951.000     0.999890        49141      9102.22
   18111.000     0.999902        49142     10240.00
   18111.000     0.999915        49142     11702.86
   18143.000     0.999927        49143     13653.33
   18431.000     0.999939        49144     16384.00
   18431.000     0.999945        49144     18204.44
   18431.000     0.999951        49144     20480.00
   18431.000     0.999957        49144     23405.71
   18623.000     0.999963        49145     27306.67
   18623.000     0.999969        49145     32768.00
   18623.000     0.999973        49145     36408.89
   18623.000     0.999976        49145     40960.00
   18623.000     0.999979        49145     46811.43
   18639.000     0.999982        49146     54613.33
   18639.000     1.000000        49146          inf
#[Mean    =     1222.659, StdDeviation   =      641.222]
#[Max     =    18624.000, Total count    =        49146]
#[Buckets =           27, SubBuckets     =         2048]
----------------------------------------------------------

  Latency Distribution (HdrHistogram - Uncorrected Latency (measured without taking delayed starts into account))
 50.000%  411.00us
 75.000%  519.00us
 90.000%  656.00us
 99.000% 2107.00us
 99.900% 6075.00us
 99.990%17407.00us
 99.999%18015.00us
100.000%18015.00us

  Detailed Percentile spectrum:
       Value   Percentile   TotalCount 1/(1-Percentile)

     206.000     0.000000            1         1.00
     290.000     0.100000         4948         1.11
     321.000     0.200000         9994         1.25
     350.000     0.300000        14783         1.43
     381.000     0.400000        19761         1.67
     411.000     0.500000        24606         2.00
     428.000     0.550000        27033         2.22
     447.000     0.600000        29577         2.50
     468.000     0.650000        32018         2.86
     491.000     0.700000        34444         3.33
     519.000     0.750000        36946         4.00
     534.000     0.775000        38155         4.44
     550.000     0.800000        39329         5.00
     570.000     0.825000        40587         5.71
     593.000     0.850000        41786         6.67
     621.000     0.875000        43013         8.00
     637.000     0.887500        43628         8.89
     656.000     0.900000        44241        10.00
     678.000     0.912500        44860        11.43
     705.000     0.925000        45473        13.33
     740.000     0.937500        46085        16.00
     761.000     0.943750        46387        17.78
     790.000     0.950000        46699        20.00
     823.000     0.956250        47002        22.86
     874.000     0.962500        47307        26.67
     968.000     0.968750        47612        32.00
    1043.000     0.971875        47765        35.56
    1166.000     0.975000        47918        40.00
    1309.000     0.978125        48072        45.71
    1445.000     0.981250        48225        53.33
    1610.000     0.984375        48380        64.00
    1716.000     0.985938        48456        71.11
    1846.000     0.987500        48533        80.00
    1999.000     0.989062        48609        91.43
    2169.000     0.990625        48686       106.67
    2367.000     0.992188        48763       128.00
    2533.000     0.992969        48802       142.22
    2673.000     0.993750        48839       160.00
    2927.000     0.994531        48879       182.86
    3155.000     0.995313        48916       213.33
    3489.000     0.996094        48955       256.00
    3681.000     0.996484        48975       284.44
    3795.000     0.996875        48993       320.00
    4057.000     0.997266        49012       365.71
    4315.000     0.997656        49031       426.67
    4739.000     0.998047        49052       512.00
    4875.000     0.998242        49060       568.89
    5167.000     0.998437        49070       640.00
    5471.000     0.998633        49079       731.43
    5859.000     0.998828        49089       853.33
    6143.000     0.999023        49099      1024.00
    6239.000     0.999121        49103      1137.78
    6423.000     0.999219        49108      1280.00
    6879.000     0.999316        49113      1462.86
    7203.000     0.999414        49118      1706.67
    7831.000     0.999512        49123      2048.00
    8079.000     0.999561        49125      2275.56
    8199.000     0.999609        49127      2560.00
    8687.000     0.999658        49130      2925.71
   10087.000     0.999707        49132      3413.33
   12919.000     0.999756        49135      4096.00
   12975.000     0.999780        49136      4551.11
   13055.000     0.999805        49137      5120.00
   13063.000     0.999829        49138      5851.43
   13103.000     0.999854        49139      6826.67
   17407.000     0.999878        49141      8192.00
   17407.000     0.999890        49141      9102.22
   17423.000     0.999902        49142     10240.00
   17423.000     0.999915        49142     11702.86
   17487.000     0.999927        49143     13653.33
   17519.000     0.999939        49144     16384.00
   17519.000     0.999945        49144     18204.44
   17519.000     0.999951        49144     20480.00
   17519.000     0.999957        49144     23405.71
   17567.000     0.999963        49145     27306.67
   17567.000     0.999969        49145     32768.00
   17567.000     0.999973        49145     36408.89
   17567.000     0.999976        49145     40960.00
   17567.000     0.999979        49145     46811.43
   18015.000     0.999982        49146     54613.33
   18015.000     1.000000        49146          inf
#[Mean    =      488.076, StdDeviation   =      459.818]
#[Max     =    18000.000, Total count    =        49146]
#[Buckets =           27, SubBuckets     =         2048]
----------------------------------------------------------
  49158 requests in 10.01s, 4.13MB read
Requests/sec:   4909.16
Transfer/sec:    421.88KB

