Command: /tmp/wrk2/wrk http://10.0.0.4:8000/index.html -c 256 -t 8 -R 6000 -d 10 -L -U
Return code: 0
STDOUT:
Running 10s test @ http://10.0.0.4:8000/index.html
  8 threads and 256 connections
  Thread Stats   Avg      Stdev     Max   +/- Stdev
    Latency   1198.86u  762.55us20608.00u   90.85%
    Req/Sec       -nan      -nan   0.00      0.00%
  Latency Distribution (HdrHistogram - Recorded Latency)
 50.000% 1109.00us
 75.000% 1445.00us
 90.000% 1773.00us
 99.000% 3907.00us
 99.900% 9735.00us
 99.990%19919.00us
 99.999%20495.00us
100.000%20623.00us

  Detailed Percentile spectrum:
       Value   Percentile   TotalCount 1/(1-Percentile)

     226.000     0.000000            1         1.00
     569.000     0.100000         5978         1.11
     725.000     0.200000        11951         1.25
     860.000     0.300000        17928         1.43
     985.000     0.400000        23897         1.67
    1109.000     0.500000        29865         2.00
    1172.000     0.550000        32836         2.22
    1238.000     0.600000        35838         2.50
    1302.000     0.650000        38780         2.86
    1368.000     0.700000        41800         3.33
    1445.000     0.750000        44738         4.00
    1487.000     0.775000        46250         4.44
    1531.000     0.800000        47721         5.00
    1583.000     0.825000        49222         5.71
    1637.000     0.850000        50703         6.67
    1701.000     0.875000        52194         8.00
    1736.000     0.887500        52945         8.89
    1774.000     0.900000        53700        10.00
    1818.000     0.912500        54447        11.43
    1865.000     0.925000        55177        13.33
    1927.000     0.937500        55935        16.00
    1963.000     0.943750        56295        17.78
    2008.000     0.950000        56675        20.00
    2057.000     0.956250        57045        22.86
    2117.000     0.962500        57414        26.67
    2205.000     0.968750        57790        32.00
    2267.000     0.971875        57978        35.56
    2355.000     0.975000        58157        40.00
    2511.000     0.978125        58345        45.71
    2731.000     0.981250        58532        53.33
    3041.000     0.984375        58716        64.00
    3241.000     0.985938        58810        71.11
    3477.000     0.987500        58903        80.00
    3735.000     0.989062        58996        91.43
    4071.000     0.990625        59089       106.67
    4427.000     0.992188        59182       128.00
    4779.000     0.992969        59229       142.22
    5075.000     0.993750        59276       160.00
    5423.000     0.994531        59322       182.86
    5775.000     0.995313        59369       213.33
    6179.000     0.996094        59415       256.00
    6351.000     0.996484        59439       284.44
    6603.000     0.996875        59462       320.00
    6839.000     0.997266        59485       365.71
    7115.000     0.997656        59509       426.67
    7475.000     0.998047        59532       512.00
    7723.000     0.998242        59544       568.89
    8131.000     0.998437        59555       640.00
    8511.000     0.998633        59567       731.43
    9191.000     0.998828        59579       853.33
    9815.000     0.999023        59590      1024.00
   10063.000     0.999121        59596      1137.78
   10207.000     0.999219        59603      1280.00
   10815.000     0.999316        59608      1462.86
   11175.000     0.999414        59614      1706.67
   11495.000     0.999512        59619      2048.00
   11687.000     0.999561        59622      2275.56
   12207.000     0.999609        59625      2560.00
   13599.000     0.999658        59628      2925.71
   14527.000     0.999707        59631      3413.33
   15463.000     0.999756        59634      4096.00
   15495.000     0.999780        59635      4551.11
   15895.000     0.999805        59637      5120.00
   15911.000     0.999829        59638      5851.43
   19103.000     0.999854        59640      6826.67
   19903.000     0.999878        59641      8192.00
   19919.000     0.999890        59642      9102.22
   19999.000     0.999902        59643     10240.00
   19999.000     0.999915        59643     11702.86
   20063.000     0.999927        59644     13653.33
   20271.000     0.999939        59645     16384.00
   20271.000     0.999945        59645     18204.44
   20351.000     0.999951        59646     20480.00
   20351.000     0.999957        59646     23405.71
   20351.000     0.999963        59646     27306.67
   20495.000     0.999969        59647     32768.00
   20495.000     0.999973        59647     36408.89
   20495.000     0.999976        59647     40960.00
   20495.000     0.999979        59647     46811.43
   20495.000     0.999982        59647     54613.33
   20623.000     0.999985        59648     65536.00
   20623.000     1.000000        59648          inf
#[Mean    =     1198.864, StdDeviation   =      762.549]
#[Max     =    20608.000, Total count    =        59648]
#[Buckets =           27, SubBuckets     =         2048]
----------------------------------------------------------

  Latency Distribution (HdrHistogram - Uncorrected Latency (measured without taking delayed starts into account))
 50.000%  369.00us
 75.000%  449.00us
 90.000%  562.00us
 99.000% 2987.00us
 99.900% 8719.00us
 99.990%19519.00us
 99.999%19919.00us
100.000%19967.00us

  Detailed Percentile spectrum:
       Value   Percentile   TotalCount 1/(1-Percentile)

     200.000     0.000000            1         1.00
     278.000     0.100000         6085         1.11
     301.000     0.200000        12035         1.25
     322.000     0.300000        17905         1.43
     345.000     0.400000        23963         1.67
     369.000     0.500000        29966         2.00
     382.000     0.550000        32923         2.22
     396.000     0.600000        35851         2.50
     411.000     0.650000        38777         2.86
     429.000     0.700000        41890         3.33
     449.000     0.750000        44802         4.00
     461.000     0.775000        46323         4.44
     474.000     0.800000        47740         5.00
     490.000     0.825000        49256         5.71
     509.000     0.850000        50746         6.67
     531.000     0.875000        52204         8.00
     546.000     0.887500        52988         8.89
     563.000     0.900000        53720        10.00
     584.000     0.912500        54430        11.43
     611.000     0.925000        55192        13.33
     652.000     0.937500        55925        16.00
     681.000     0.943750        56296        17.78
     724.000     0.950000        56666        20.00
     801.000     0.956250        57041        22.86
     949.000     0.962500        57412        26.67
    1184.000     0.968750        57787        32.00
    1307.000     0.971875        57973        35.56
    1446.000     0.975000        58157        40.00
    1615.000     0.978125        58347        45.71
    1825.000     0.981250        58531        53.33
    2109.000     0.984375        58716        64.00
    2293.000     0.985938        58810        71.11
    2515.000     0.987500        58903        80.00
    2787.000     0.989062        58996        91.43
    3113.000     0.990625        59089       106.67
    3489.000     0.992188        59183       128.00
    3765.000     0.992969        59229       142.22
    4135.000     0.993750        59276       160.00
    4395.000     0.994531        59322       182.86
    4767.000     0.995313        59369       213.33
    5147.000     0.996094        59417       256.00
    5355.000     0.996484        59439       284.44
    5655.000     0.996875        59462       320.00
    5895.000     0.997266        59485       365.71
    6179.000     0.997656        59510       426.67
    6455.000     0.998047        59532       512.00
    6623.000     0.998242        59544       568.89
    6875.000     0.998437        59555       640.00
    7491.000     0.998633        59567       731.43
    8163.000     0.998828        59579       853.33
    8767.000     0.999023        59590      1024.00
    9383.000     0.999121        59596      1137.78
    9679.000     0.999219        59602      1280.00
    9879.000     0.999316        59608      1462.86
   10607.000     0.999414        59614      1706.67
   10831.000     0.999512        59619      2048.00
   10903.000     0.999561        59622      2275.56
   11799.000     0.999609        59625      2560.00
   12575.000     0.999658        59628      2925.71
   14191.000     0.999707        59631      3413.33
   15007.000     0.999756        59634      4096.00
   15063.000     0.999780        59635      4551.11
   15199.000     0.999805        59637      5120.00
   15271.000     0.999829        59638      5851.43
   18143.000     0.999854        59640      6826.67
   19471.000     0.999878        59641      8192.00
   19519.000     0.999890        59642      9102.22
   19535.000     0.999902        59643     10240.00
   19535.000     0.999915        59643     11702.86
   19583.000     0.999927        59644     13653.33
   19743.000     0.999939        59645     16384.00
   19743.000     0.999945        59645     18204.44
   19887.000     0.999951        59646     20480.00
   19887.000     0.999957        59646     23405.71
   19887.000     0.999963        59646     27306.67
   19919.000     0.999969        59647     32768.00
   19919.000     0.999973        59647     36408.89
   19919.000     0.999976        59647     40960.00
   19919.000     0.999979        59647     46811.43
   19919.000     0.999982        59647     54613.33
   19967.000     0.999985        59648     65536.00
   19967.000     1.000000        59648          inf
#[Mean    =      471.411, StdDeviation   =      626.964]
#[Max     =    19952.000, Total count    =        59648]
#[Buckets =           27, SubBuckets     =         2048]
----------------------------------------------------------
  59659 requests in 10.00s, 5.01MB read
Requests/sec:   5965.36
Transfer/sec:    512.65KB

