Command: /tmp/wrk2/wrk http://10.0.0.4:8000/index.html -c 256 -t 8 -R 3000 -d 10 -L -U
Return code: 0
STDOUT:
Running 10s test @ http://10.0.0.4:8000/index.html
  8 threads and 256 connections
  Thread Stats   Avg      Stdev     Max   +/- Stdev
    Latency   1326.76u  791.28us19424.00u   92.36%
    Req/Sec       -nan      -nan   0.00      0.00%
  Latency Distribution (HdrHistogram - Recorded Latency)
 50.000% 1230.00us
 75.000% 1540.00us
 90.000% 1875.00us
 99.000% 4167.00us
 99.900%10943.00us
 99.990%19007.00us
 99.999%19439.00us
100.000%19439.00us

  Detailed Percentile spectrum:
       Value   Percentile   TotalCount 1/(1-Percentile)

     280.000     0.000000            1         1.00
     725.000     0.100000         2963         1.11
     877.000     0.200000         5914         1.25
     999.000     0.300000         8872         1.43
    1116.000     0.400000        11837         1.67
    1230.000     0.500000        14788         2.00
    1287.000     0.550000        16252         2.22
    1346.000     0.600000        17741         2.50
    1404.000     0.650000        19210         2.86
    1468.000     0.700000        20682         3.33
    1540.000     0.750000        22156         4.00
    1580.000     0.775000        22904         4.44
    1626.000     0.800000        23630         5.00
    1677.000     0.825000        24379         5.71
    1735.000     0.850000        25113         6.67
    1798.000     0.875000        25848         8.00
    1835.000     0.887500        26216         8.89
    1876.000     0.900000        26590        10.00
    1923.000     0.912500        26957        11.43
    1978.000     0.925000        27327        13.33
    2041.000     0.937500        27693        16.00
    2079.000     0.943750        27885        17.78
    2127.000     0.950000        28064        20.00
    2187.000     0.956250        28249        22.86
    2259.000     0.962500        28431        26.67
    2381.000     0.968750        28615        32.00
    2455.000     0.971875        28707        35.56
    2545.000     0.975000        28799        40.00
    2715.000     0.978125        28891        45.71
    3007.000     0.981250        28985        53.33
    3333.000     0.984375        29077        64.00
    3561.000     0.985938        29122        71.11
    3869.000     0.987500        29168        80.00
    4033.000     0.989062        29214        91.43
    4287.000     0.990625        29261       106.67
    4643.000     0.992188        29307       128.00
    4863.000     0.992969        29331       142.22
    5119.000     0.993750        29353       160.00
    5403.000     0.994531        29376       182.86
    5759.000     0.995313        29399       213.33
    6203.000     0.996094        29422       256.00
    6455.000     0.996484        29435       284.44
    6815.000     0.996875        29445       320.00
    6995.000     0.997266        29457       365.71
    7639.000     0.997656        29468       426.67
    8351.000     0.998047        29480       512.00
    9631.000     0.998242        29486       568.89
   10007.000     0.998437        29491       640.00
   10743.000     0.998633        29497       731.43
   10879.000     0.998828        29504       853.33
   10983.000     0.999023        29510      1024.00
   11063.000     0.999121        29512      1137.78
   11071.000     0.999219        29514      1280.00
   11207.000     0.999316        29517      1462.86
   11535.000     0.999414        29520      1706.67
   13415.000     0.999512        29523      2048.00
   14319.000     0.999561        29525      2275.56
   14663.000     0.999609        29526      2560.00
   14775.000     0.999658        29527      2925.71
   15183.000     0.999707        29529      3413.33
   15455.000     0.999756        29530      4096.00
   18495.000     0.999780        29531      4551.11
   18671.000     0.999805        29532      5120.00
   18671.000     0.999829        29532      5851.43
   18895.000     0.999854        29533      6826.67
   19007.000     0.999878        29534      8192.00
   19007.000     0.999890        29534      9102.22
   19183.000     0.999902        29535     10240.00
   19183.000     0.999915        29535     11702.86
   19183.000     0.999927        29535     13653.33
   19279.000     0.999939        29536     16384.00
   19279.000     0.999945        29536     18204.44
   19279.000     0.999951        29536     20480.00
   19279.000     0.999957        29536     23405.71
   19279.000     0.999963        29536     27306.67
   19439.000     0.999969        29537     32768.00
   19439.000     1.000000        29537          inf
#[Mean    =     1326.760, StdDeviation   =      791.282]
#[Max     =    19424.000, Total count    =        29537]
#[Buckets =           27, SubBuckets     =         2048]
----------------------------------------------------------

  Latency Distribution (HdrHistogram - Uncorrected Latency (measured without taking delayed starts into account))
 50.000%  473.00us
 75.000%  625.00us
 90.000%  802.00us
 99.000% 3167.00us
 99.900% 8647.00us
 99.990%18415.00us
 99.999%18671.00us
100.000%18671.00us

  Detailed Percentile spectrum:
       Value   Percentile   TotalCount 1/(1-Percentile)

     216.000     0.000000            1         1.00
     325.000     0.100000         2982         1.11
     362.000     0.200000         5949         1.25
     397.000     0.300000         8915         1.43
     433.000     0.400000        11887         1.67
     473.000     0.500000        14800         2.00
     497.000     0.550000        16254         2.22
     523.000     0.600000        17751         2.50
     553.000     0.650000        19203         2.86
     587.000     0.700000        20676         3.33
     625.000     0.750000        22157         4.00
     645.000     0.775000        22901         4.44
     667.000     0.800000        23645         5.00
     695.000     0.825000        24396         5.71
     723.000     0.850000        25111         6.67
     756.000     0.875000        25847         8.00
     776.000     0.887500        26219         8.89
     802.000     0.900000        26602        10.00
     826.000     0.912500        26964        11.43
     857.000     0.925000        27328        13.33
     901.000     0.937500        27692        16.00
     933.000     0.943750        27880        17.78
     973.000     0.950000        28065        20.00
    1031.000     0.956250        28246        22.86
    1133.000     0.962500        28431        26.67
    1315.000     0.968750        28615        32.00
    1432.000     0.971875        28707        35.56
    1564.000     0.975000        28802        40.00
    1741.000     0.978125        28891        45.71
    1979.000     0.981250        28985        53.33
    2361.000     0.984375        29076        64.00
    2543.000     0.985938        29123        71.11
    2765.000     0.987500        29168        80.00
    3015.000     0.989062        29214        91.43
    3241.000     0.990625        29261       106.67
    3599.000     0.992188        29307       128.00
    3741.000     0.992969        29330       142.22
    3891.000     0.993750        29353       160.00
    4151.000     0.994531        29376       182.86
    4435.000     0.995313        29399       213.33
    4791.000     0.996094        29422       256.00
    5043.000     0.996484        29434       284.44
    5295.000     0.996875        29445       320.00
    5495.000     0.997266        29457       365.71
    5839.000     0.997656        29468       426.67
    6243.000     0.998047        29480       512.00
    6579.000     0.998242        29486       568.89
    6815.000     0.998437        29491       640.00
    6975.000     0.998633        29497       731.43
    7455.000     0.998828        29503       853.33
    8903.000     0.999023        29509      1024.00
    9303.000     0.999121        29512      1137.78
    9351.000     0.999219        29514      1280.00
    9703.000     0.999316        29517      1462.86
   10503.000     0.999414        29520      1706.67
   12671.000     0.999512        29523      2048.00
   12847.000     0.999561        29525      2275.56
   12991.000     0.999609        29526      2560.00
   13455.000     0.999658        29527      2925.71
   14143.000     0.999707        29529      3413.33
   14791.000     0.999756        29530      4096.00
   18015.000     0.999780        29531      4551.11
   18047.000     0.999805        29532      5120.00
   18047.000     0.999829        29532      5851.43
   18287.000     0.999854        29533      6826.67
   18415.000     0.999878        29534      8192.00
   18415.000     0.999890        29534      9102.22
   18559.000     0.999902        29535     10240.00
   18559.000     0.999915        29535     11702.86
   18559.000     0.999927        29535     13653.33
   18655.000     0.999939        29536     16384.00
   18655.000     0.999945        29536     18204.44
   18655.000     0.999951        29536     20480.00
   18655.000     0.999957        29536     23405.71
   18655.000     0.999963        29536     27306.67
   18671.000     0.999969        29537     32768.00
   18671.000     1.000000        29537          inf
#[Mean    =      588.460, StdDeviation   =      628.433]
#[Max     =    18656.000, Total count    =        29537]
#[Buckets =           27, SubBuckets     =         2048]
----------------------------------------------------------
  29546 requests in 10.05s, 2.48MB read
Requests/sec:   2940.94
Transfer/sec:    252.74KB

