Command: /tmp/wrk2/wrk http://10.0.0.4:8000/index.html -c 256 -t 8 -R 2000 -d 10 -L -U
Return code: 0
STDOUT:
Running 10s test @ http://10.0.0.4:8000/index.html
  8 threads and 256 connections
  Thread Stats   Avg      Stdev     Max   +/- Stdev
    Latency   1373.04u  856.13us27200.00u   94.25%
    Req/Sec       -nan      -nan   0.00      0.00%
  Latency Distribution (HdrHistogram - Recorded Latency)
 50.000% 1282.00us
 75.000% 1567.00us
 90.000% 1872.00us
 99.000% 4423.00us
 99.900%12271.00us
 99.990%22607.00us
 99.999%27215.00us
100.000%27215.00us

  Detailed Percentile spectrum:
       Value   Percentile   TotalCount 1/(1-Percentile)

     272.000     0.000000            1         1.00
     769.000     0.100000         1982         1.11
     931.000     0.200000         3952         1.25
    1059.000     0.300000         5926         1.43
    1174.000     0.400000         7908         1.67
    1282.000     0.500000         9885         2.00
    1337.000     0.550000        10874         2.22
    1390.000     0.600000        11861         2.50
    1444.000     0.650000        12840         2.86
    1501.000     0.700000        13820         3.33
    1567.000     0.750000        14813         4.00
    1602.000     0.775000        15308         4.44
    1640.000     0.800000        15797         5.00
    1688.000     0.825000        16290         5.71
    1737.000     0.850000        16782         6.67
    1797.000     0.875000        17284         8.00
    1833.000     0.887500        17525         8.89
    1872.000     0.900000        17771        10.00
    1923.000     0.912500        18018        11.43
    1988.000     0.925000        18263        13.33
    2057.000     0.937500        18510        16.00
    2099.000     0.943750        18637        17.78
    2143.000     0.950000        18757        20.00
    2203.000     0.956250        18880        22.86
    2285.000     0.962500        19005        26.67
    2411.000     0.968750        19126        32.00
    2503.000     0.971875        19187        35.56
    2619.000     0.975000        19249        40.00
    2833.000     0.978125        19311        45.71
    3033.000     0.981250        19372        53.33
    3307.000     0.984375        19434        64.00
    3449.000     0.985938        19465        71.11
    3737.000     0.987500        19496        80.00
    4067.000     0.989062        19527        91.43
    4567.000     0.990625        19557       106.67
    4967.000     0.992188        19588       128.00
    5155.000     0.992969        19604       142.22
    5707.000     0.993750        19619       160.00
    6399.000     0.994531        19635       182.86
    7131.000     0.995313        19650       213.33
    7567.000     0.996094        19665       256.00
    7695.000     0.996484        19673       284.44
    7875.000     0.996875        19681       320.00
    8059.000     0.997266        19689       365.71
    8391.000     0.997656        19696       426.67
    9079.000     0.998047        19704       512.00
    9207.000     0.998242        19708       568.89
    9415.000     0.998437        19712       640.00
    9607.000     0.998633        19716       731.43
    9943.000     0.998828        19719       853.33
   12383.000     0.999023        19723      1024.00
   12503.000     0.999121        19725      1137.78
   12751.000     0.999219        19727      1280.00
   13615.000     0.999316        19729      1462.86
   14279.000     0.999414        19731      1706.67
   16575.000     0.999512        19733      2048.00
   16607.000     0.999561        19734      2275.56
   16751.000     0.999609        19735      2560.00
   16831.000     0.999658        19736      2925.71
   16895.000     0.999707        19737      3413.33
   17071.000     0.999756        19738      4096.00
   17071.000     0.999780        19738      4551.11
   17295.000     0.999805        19739      5120.00
   17295.000     0.999829        19739      5851.43
   22607.000     0.999854        19740      6826.67
   22607.000     0.999878        19740      8192.00
   22607.000     0.999890        19740      9102.22
   22735.000     0.999902        19741     10240.00
   22735.000     0.999915        19741     11702.86
   22735.000     0.999927        19741     13653.33
   22735.000     0.999939        19741     16384.00
   22735.000     0.999945        19741     18204.44
   27215.000     0.999951        19742     20480.00
   27215.000     1.000000        19742          inf
#[Mean    =     1373.039, StdDeviation   =      856.129]
#[Max     =    27200.000, Total count    =        19742]
#[Buckets =           27, SubBuckets     =         2048]
----------------------------------------------------------

  Latency Distribution (HdrHistogram - Uncorrected Latency (measured without taking delayed starts into account))
 50.000%  505.00us
 75.000%  646.00us
 90.000%  821.00us
 99.000% 3185.00us
 99.900%11783.00us
 99.990%22207.00us
 99.999%26783.00us
100.000%26783.00us

  Detailed Percentile spectrum:
       Value   Percentile   TotalCount 1/(1-Percentile)

     237.000     0.000000            1         1.00
     344.000     0.100000         1982         1.11
     387.000     0.200000         3963         1.25
     426.000     0.300000         5931         1.43
     464.000     0.400000         7908         1.67
     505.000     0.500000         9897         2.00
     526.000     0.550000        10860         2.22
     550.000     0.600000        11874         2.50
     577.000     0.650000        12853         2.86
     608.000     0.700000        13833         3.33
     646.000     0.750000        14823         4.00
     665.000     0.775000        15313         4.44
     688.000     0.800000        15795         5.00
     714.000     0.825000        16294         5.71
     745.000     0.850000        16793         6.67
     779.000     0.875000        17283         8.00
     798.000     0.887500        17528         8.89
     821.000     0.900000        17770        10.00
     848.000     0.912500        18023        11.43
     883.000     0.925000        18263        13.33
     931.000     0.937500        18510        16.00
     965.000     0.943750        18633        17.78
    1006.000     0.950000        18755        20.00
    1065.000     0.956250        18881        22.86
    1169.000     0.962500        19002        26.67
    1387.000     0.968750        19126        32.00
    1523.000     0.971875        19188        35.56
    1689.000     0.975000        19249        40.00
    1845.000     0.978125        19311        45.71
    2095.000     0.981250        19372        53.33
    2397.000     0.984375        19434        64.00
    2541.000     0.985938        19466        71.11
    2775.000     0.987500        19496        80.00
    3089.000     0.989062        19528        91.43
    3275.000     0.990625        19558       106.67
    3659.000     0.992188        19588       128.00
    3969.000     0.992969        19605       142.22
    4191.000     0.993750        19620       160.00
    4675.000     0.994531        19635       182.86
    5075.000     0.995313        19650       213.33
    5671.000     0.996094        19665       256.00
    6343.000     0.996484        19673       284.44
    7075.000     0.996875        19681       320.00
    7255.000     0.997266        19689       365.71
    7651.000     0.997656        19696       426.67
    8063.000     0.998047        19704       512.00
    8335.000     0.998242        19708       568.89
    8439.000     0.998437        19712       640.00
    8751.000     0.998633        19716       731.43
    9015.000     0.998828        19719       853.33
   11831.000     0.999023        19723      1024.00
   12007.000     0.999121        19725      1137.78
   12159.000     0.999219        19727      1280.00
   12279.000     0.999316        19729      1462.86
   14135.000     0.999414        19731      1706.67
   16031.000     0.999512        19733      2048.00
   16039.000     0.999561        19734      2275.56
   16183.000     0.999609        19735      2560.00
   16191.000     0.999658        19736      2925.71
   16463.000     0.999707        19737      3413.33
   16511.000     0.999756        19738      4096.00
   16511.000     0.999780        19738      4551.11
   16527.000     0.999805        19739      5120.00
   16527.000     0.999829        19739      5851.43
   22207.000     0.999854        19740      6826.67
   22207.000     0.999878        19740      8192.00
   22207.000     0.999890        19740      9102.22
   22703.000     0.999902        19741     10240.00
   22703.000     0.999915        19741     11702.86
   22703.000     0.999927        19741     13653.33
   22703.000     0.999939        19741     16384.00
   22703.000     0.999945        19741     18204.44
   26783.000     0.999951        19742     20480.00
   26783.000     1.000000        19742          inf
#[Mean    =      624.007, StdDeviation   =      743.187]
#[Max     =    26768.000, Total count    =        19742]
#[Buckets =           27, SubBuckets     =         2048]
----------------------------------------------------------
  19750 requests in 10.09s, 1.66MB read
Requests/sec:   1957.33
Transfer/sec:    168.21KB

