Command: /home/vjabrayilov/machnet/examples/scripts/../../release_build/examples/webclient/webclient http://10.0.0.5:8000/index.html -c 3 -t 3 -R 60000 -d 10 -L -U
Return code: 0
STDOUT:
Running 10s test @ http://10.0.0.5:8000/index.html
  3 threads and 3 connections
[INFO] sock_connect: Connected successfully to 10.0.0.5:8000 and c->thread_start=1751399484276336
[INFO] sock_connect: Connected successfully to 10.0.0.5:8000 and c->thread_start=1751399484276599
[INFO] sock_connect: Connected successfully to 10.0.0.5:8000 and c->thread_start=1751399484276878
  Thread calibration: mean lat.: 61.794ms, rate sampling interval: 223ms
  Thread calibration: mean lat.: 54.874ms, rate sampling interval: 197ms
  Thread calibration: mean lat.: 47.229ms, rate sampling interval: 169ms
  Thread Stats   Avg      Stdev     Max   +/- Stdev
    Latency   130270.616043.67us157568.00   62.23%
    Req/Sec    19.69k    22.86    19.73k    67.39%
  Latency Distribution (HdrHistogram - Recorded Latency)
 50.000%131839.00u
 75.000%143615.00u
 90.000%150783.00u
 99.000%156287.00u
 99.900%157439.00u
 99.990%157567.00u
 99.999%157695.00u
100.000%157695.00u

  Detailed Percentile spectrum:
       Value   Percentile   TotalCount 1/(1-Percentile)

   93631.000     0.000000           44         1.00
  107135.000     0.100000        17564         1.11
  115135.000     0.200000        35114         1.25
  121855.000     0.300000        52741         1.43
  127103.000     0.400000        70244         1.67
  131839.000     0.500000        87972         2.00
  134143.000     0.550000        96747         2.22
  136319.000     0.600000       105271         2.50
  138751.000     0.650000       114193         2.86
  141183.000     0.700000       122928         3.33
  143615.000     0.750000       131634         4.00
  144895.000     0.775000       136095         4.44
  146047.000     0.800000       140700         5.00
  147071.000     0.825000       144689         5.71
  148223.000     0.850000       149101         6.67
  149503.000     0.875000       153689         8.00
  150783.000     0.900000       158024        10.00
  151423.000     0.912500       160408        11.43
  151935.000     0.925000       162292        13.33
  152703.000     0.937500       164817        16.00
  152959.000     0.943750       165614        17.78
  153343.000     0.950000       166900        20.00
  153727.000     0.956250       168067        22.86
  154111.000     0.962500       169049        26.67
  154495.000     0.968750       170061        32.00
  154751.000     0.971875       170734        35.56
  154879.000     0.975000       171008        40.00
  155135.000     0.978125       171540        45.71
  155391.000     0.981250       172113        53.33
  155647.000     0.984375       172679        64.00
  155903.000     0.987500       173235        80.00
  156031.000     0.989063       173462        91.43
  156287.000     0.990625       173768       106.67
  156543.000     0.992188       174108       128.00
  156671.000     0.993750       174278       160.00
  156799.000     0.994531       174440       182.86
  156927.000     0.995313       174636       213.33
  157055.000     0.996094       174824       256.00
  157055.000     0.996484       174824       284.44
  157183.000     0.996875       174979       320.00
  157183.000     0.997266       174979       365.71
  157183.000     0.997656       174979       426.67
  157311.000     0.998047       175067       512.00
  157311.000     0.998242       175067       568.89
  157439.000     0.998437       175224       640.00
  157439.000     0.998633       175224       731.43
  157439.000     0.998828       175224       853.33
  157439.000     0.999023       175224      1024.00
  157439.000     0.999121       175224      1137.78
  157567.000     0.999219       175370      1280.00
  157567.000     0.999316       175370      1462.86
  157567.000     0.999414       175370      1706.67
  157567.000     0.999512       175370      2048.00
  157567.000     0.999561       175370      2275.56
  157567.000     0.999609       175370      2560.00
  157567.000     0.999658       175370      2925.71
  157567.000     0.999707       175370      3413.33
  157567.000     0.999756       175370      4096.00
  157567.000     0.999805       175370      5120.00
  157567.000     0.999829       175370      5851.43
  157567.000     0.999854       175370      6826.67
  157567.000     0.999878       175370      8192.00
  157567.000     0.999902       175370     10240.00
  157567.000     0.999915       175370     11702.86
  157567.000     0.999927       175370     13653.33
  157567.000     0.999939       175370     16384.00
  157567.000     0.999951       175370     20480.00
  157567.000     0.999957       175370     23405.71
  157567.000     0.999963       175370     27306.67
  157567.000     0.999969       175370     32768.00
  157567.000     0.999973       175370     36408.89
  157567.000     0.999976       175370     40960.00
  157567.000     0.999979       175370     46811.43
  157567.000     0.999982       175370     54613.33
  157695.000     0.999985       175373     65536.00
  157695.000     1.000000       175373          inf
#[Mean    =   130270.610, StdDeviation   =    16043.674]
#[Max     =   157568.000, Total count    =       175373]
#[Buckets =           27, SubBuckets     =         2048]
----------------------------------------------------------

  Latency Distribution (HdrHistogram - Uncorrected Latency (measured without taking delayed starts into account))
 50.000%   49.00us
 75.000%   49.00us
 90.000%   50.00us
 99.000%   55.00us
 99.900%   63.00us
 99.990%  106.00us
 99.999%  161.00us
100.000%  167.00us

  Detailed Percentile spectrum:
       Value   Percentile   TotalCount 1/(1-Percentile)

      47.000     0.000000         1725         1.00
      48.000     0.100000        77349         1.11
      48.000     0.200000        77349         1.25
      48.000     0.300000        77349         1.43
      48.000     0.400000        77349         1.67
      49.000     0.500000       147091         2.00
      49.000     0.550000       147091         2.22
      49.000     0.600000       147091         2.50
      49.000     0.650000       147091         2.86
      49.000     0.700000       147091         3.33
      49.000     0.750000       147091         4.00
      49.000     0.775000       147091         4.44
      49.000     0.800000       147091         5.00
      49.000     0.825000       147091         5.71
      50.000     0.850000       164239         6.67
      50.000     0.875000       164239         8.00
      50.000     0.900000       164239        10.00
      50.000     0.912500       164239        11.43
      50.000     0.925000       164239        13.33
      51.000     0.937500       168275        16.00
      51.000     0.943750       168275        17.78
      51.000     0.950000       168275        20.00
      51.000     0.956250       168275        22.86
      52.000     0.962500       169790        26.67
      53.000     0.968750       171588        32.00
      53.000     0.971875       171588        35.56
      53.000     0.975000       171588        40.00
      53.000     0.978125       171588        45.71
      54.000     0.981250       173020        53.33
      54.000     0.984375       173020        64.00
      55.000     0.987500       173960        80.00
      55.000     0.989063       173960        91.43
      55.000     0.990625       173960       106.67
      56.000     0.992188       174522       128.00
      56.000     0.993750       174522       160.00
      56.000     0.994531       174522       182.86
      57.000     0.995313       174795       213.33
      57.000     0.996094       174795       256.00
      57.000     0.996484       174795       284.44
      58.000     0.996875       174933       320.00
      58.000     0.997266       174933       365.71
      59.000     0.997656       175030       426.67
      60.000     0.998047       175094       512.00
      60.000     0.998242       175094       568.89
      61.000     0.998437       175149       640.00
      61.000     0.998633       175149       731.43
      62.000     0.998828       175189       853.33
      63.000     0.999023       175221      1024.00
      63.000     0.999121       175221      1137.78
      64.000     0.999219       175242      1280.00
      65.000     0.999316       175261      1462.86
      66.000     0.999414       175278      1706.67
      67.000     0.999512       175296      2048.00
      67.000     0.999561       175296      2275.56
      68.000     0.999609       175305      2560.00
      70.000     0.999658       175318      2925.71
      71.000     0.999707       175327      3413.33
      72.000     0.999756       175331      4096.00
      75.000     0.999805       175341      5120.00
      79.000     0.999829       175345      5851.43
      83.000     0.999854       175348      6826.67
     100.000     0.999878       175352      8192.00
     109.000     0.999902       175356     10240.00
     119.000     0.999915       175360     11702.86
     128.000     0.999927       175361     13653.33
     131.000     0.999939       175363     16384.00
     135.000     0.999951       175365     20480.00
     138.000     0.999957       175367     23405.71
     138.000     0.999963       175367     27306.67
     139.000     0.999969       175368     32768.00
     148.000     0.999973       175369     36408.89
     148.000     0.999976       175369     40960.00
     154.000     0.999979       175370     46811.43
     154.000     0.999982       175370     54613.33
     161.000     0.999985       175371     65536.00
     161.000     0.999986       175371     72817.78
     161.000     0.999988       175371     81920.00
     165.000     0.999989       175372     93622.86
     165.000     0.999991       175372    109226.67
     165.000     0.999992       175372    131072.00
     165.000     0.999993       175372    145635.56
     165.000     0.999994       175372    163840.00
     167.000     0.999995       175373    187245.71
     167.000     1.000000       175373          inf
#[Mean    =       48.918, StdDeviation   =        1.731]
#[Max     =      167.000, Total count    =       175373]
#[Buckets =           27, SubBuckets     =         2048]
----------------------------------------------------------
  590658 requests in 13.97s, 56.33MB read
  Socket errors: connect 0, read 0, write 0, timeout 2
Requests/sec:  59065.80
Transfer/sec:      5.63MB

STDERR:
[WARNING] script_wrk_connect is not implemented...
Checking for file descriptor...
Got a file descriptor!
Checking for file descriptor...
Got a file descriptor!
Checking for file descriptor...
Got a file descriptor!

