Command: /home/vjabrayilov/machnet/examples/scripts/../../release_build/examples/webclient/webclient http://10.0.0.5:8000/index.html -c 4 -t 4 -R 75000 -d 10 -L -U
Return code: 0
STDOUT:
Running 10s test @ http://10.0.0.5:8000/index.html
  4 threads and 4 connections
[INFO] sock_connect: Connected successfully to 10.0.0.5:8000 and c->thread_start=1751401403413890
[INFO] sock_connect: Connected successfully to 10.0.0.5:8000 and c->thread_start=1751401403414203
[INFO] sock_connect: Connected successfully to 10.0.0.5:8000 and c->thread_start=1751401403414610
[INFO] sock_connect: Connected successfully to 10.0.0.5:8000 and c->thread_start=1751401403415022
  Thread calibration: mean lat.: 0.051ms, rate sampling interval: 10ms
  Thread calibration: mean lat.: 4.090ms, rate sampling interval: 14ms
  Thread calibration: mean lat.: 0.056ms, rate sampling interval: 10ms
  Thread calibration: mean lat.: 0.058ms, rate sampling interval: 10ms
  Thread Stats   Avg      Stdev     Max   +/- Stdev
    Latency   570.38us  840.67us2726.00us   79.07%
    Req/Sec    14.47k     7.92k   19.40k    76.96%
  Latency Distribution (HdrHistogram - Recorded Latency)
 50.000%   77.00us
 75.000%  570.00us
 90.000% 2183.00us
 99.000% 2449.00us
 99.900% 2495.00us
 99.990% 2705.00us
 99.999% 2725.00us
100.000% 2727.00us

  Detailed Percentile spectrum:
       Value   Percentile   TotalCount 1/(1-Percentile)

      47.000     0.000000          143         1.00
      49.000     0.100000        22343         1.11
      50.000     0.200000        55790         1.25
      51.000     0.300000        70347         1.43
      55.000     0.400000        82904         1.67
      77.000     0.500000       102133         2.00
     108.000     0.550000       112413         2.22
     151.000     0.600000       122692         2.50
     211.000     0.650000       132667         2.86
     346.000     0.700000       142861         3.33
     570.000     0.750000       153067         4.00
    1167.000     0.775000       158176         4.44
    1599.000     0.800000       163261         5.00
    2039.000     0.825000       168414         5.71
    2081.000     0.850000       173946         6.67
    2153.000     0.875000       179167         8.00
    2183.000     0.900000       184063        10.00
    2205.000     0.912500       186293        11.43
    2211.000     0.925000       188905        13.33
    2255.000     0.937500       191361        16.00
    2291.000     0.943750       192663        17.78
    2307.000     0.950000       194464        20.00
    2309.000     0.956250       195926        22.86
    2313.000     0.962500       197128        26.67
    2315.000     0.968750       198039        32.00
    2319.000     0.971875       198579        35.56
    2325.000     0.975000       199020        40.00
    2347.000     0.978125       199618        45.71
    2361.000     0.981250       200298        53.33
    2413.000     0.984375       200991        64.00
    2419.000     0.987500       201536        80.00
    2449.000     0.989063       202572        91.43
    2449.000     0.990625       202572       106.67
    2449.000     0.992188       202572       128.00
    2451.000     0.993750       202919       160.00
    2453.000     0.994531       203059       182.86
    2459.000     0.995313       203127       213.33
    2475.000     0.996094       203359       256.00
    2475.000     0.996484       203359       284.44
    2479.000     0.996875       203514       320.00
    2481.000     0.997266       203712       365.71
    2481.000     0.997656       203712       426.67
    2481.000     0.998047       203712       512.00
    2483.000     0.998242       203784       568.89
    2483.000     0.998437       203784       640.00
    2485.000     0.998633       203826       731.43
    2487.000     0.998828       203855       853.33
    2497.000     0.999023       203878      1024.00
    2513.000     0.999121       203897      1137.78
    2535.000     0.999219       203918      1280.00
    2569.000     0.999316       203939      1462.86
    2593.000     0.999414       203957      1706.67
    2615.000     0.999512       203977      2048.00
    2631.000     0.999561       203988      2275.56
    2639.000     0.999609       203999      2560.00
    2645.000     0.999658       204007      2925.71
    2659.000     0.999707       204020      3413.33
    2667.000     0.999756       204027      4096.00
    2679.000     0.999805       204037      5120.00
    2687.000     0.999829       204042      5851.43
    2695.000     0.999854       204047      6826.67
    2703.000     0.999878       204055      8192.00
    2705.000     0.999902       204059     10240.00
    2705.000     0.999915       204059     11702.86
    2707.000     0.999927       204062     13653.33
    2709.000     0.999939       204064     16384.00
    2713.000     0.999951       204068     20480.00
    2713.000     0.999957       204068     23405.71
    2715.000     0.999963       204069     27306.67
    2717.000     0.999969       204070     32768.00
    2719.000     0.999973       204071     36408.89
    2721.000     0.999976       204072     40960.00
    2721.000     0.999979       204072     46811.43
    2723.000     0.999982       204073     54613.33
    2723.000     0.999985       204073     65536.00
    2725.000     0.999986       204075     72817.78
    2725.000     0.999988       204075     81920.00
    2725.000     0.999989       204075     93622.86
    2725.000     0.999991       204075    109226.67
    2725.000     0.999992       204075    131072.00
    2725.000     0.999993       204075    145635.56
    2725.000     0.999994       204075    163840.00
    2725.000     0.999995       204075    187245.71
    2727.000     0.999995       204076    218453.33
    2727.000     1.000000       204076          inf
#[Mean    =      570.376, StdDeviation   =      840.666]
#[Max     =     2726.000, Total count    =       204076]
#[Buckets =           27, SubBuckets     =         2048]
----------------------------------------------------------

  Latency Distribution (HdrHistogram - Uncorrected Latency (measured without taking delayed starts into account))
 50.000%   49.00us
 75.000%   51.00us
 90.000%   53.00us
 99.000%   58.00us
 99.900%  149.00us
 99.990%  225.00us
 99.999%  253.00us
100.000%  265.00us

  Detailed Percentile spectrum:
       Value   Percentile   TotalCount 1/(1-Percentile)

      47.000     0.000000         2897         1.00
      48.000     0.100000        63995         1.11
      48.000     0.200000        63995         1.25
      48.000     0.300000        63995         1.43
      49.000     0.400000       124358         1.67
      49.000     0.500000       124358         2.00
      49.000     0.550000       124358         2.22
      49.000     0.600000       124358         2.50
      50.000     0.650000       151862         2.86
      50.000     0.700000       151862         3.33
      51.000     0.750000       166436         4.00
      51.000     0.775000       166436         4.44
      51.000     0.800000       166436         5.00
      52.000     0.825000       181009         5.71
      52.000     0.850000       181009         6.67
      52.000     0.875000       181009         8.00
      53.000     0.900000       191682        10.00
      53.000     0.912500       191682        11.43
      53.000     0.925000       191682        13.33
      53.000     0.937500       191682        16.00
      54.000     0.943750       195978        17.78
      54.000     0.950000       195978        20.00
      54.000     0.956250       195978        22.86
      55.000     0.962500       198607        26.67
      55.000     0.968750       198607        32.00
      55.000     0.971875       198607        35.56
      56.000     0.975000       200673        40.00
      56.000     0.978125       200673        45.71
      56.000     0.981250       200673        53.33
      57.000     0.984375       201612        64.00
      57.000     0.987500       201612        80.00
      58.000     0.989063       202136        91.43
      59.000     0.990625       202485       106.67
      59.000     0.992188       202485       128.00
      61.000     0.993750       202867       160.00
      62.000     0.994531       202979       182.86
      65.000     0.995313       203161       213.33
      70.000     0.996094       203295       256.00
      75.000     0.996484       203361       284.44
      83.000     0.996875       203445       320.00
      93.000     0.997266       203520       365.71
     106.000     0.997656       203605       426.67
     117.000     0.998047       203678       512.00
     124.000     0.998242       203719       568.89
     128.000     0.998437       203758       640.00
     135.000     0.998633       203799       731.43
     141.000     0.998828       203837       853.33
     150.000     0.999023       203879      1024.00
     157.000     0.999121       203899      1137.78
     162.000     0.999219       203919      1280.00
     168.000     0.999316       203938      1462.86
     173.000     0.999414       203957      1706.67
     182.000     0.999512       203982      2048.00
     183.000     0.999561       203988      2275.56
     187.000     0.999609       203998      2560.00
     194.000     0.999658       204009      2925.71
     198.000     0.999707       204019      3413.33
     205.000     0.999756       204028      4096.00
     212.000     0.999805       204041      5120.00
     214.000     0.999829       204042      5851.43
     217.000     0.999854       204047      6826.67
     223.000     0.999878       204052      8192.00
     225.000     0.999902       204057     10240.00
     229.000     0.999915       204060     11702.86
     233.000     0.999927       204062     13653.33
     237.000     0.999939       204065     16384.00
     239.000     0.999951       204067     20480.00
     241.000     0.999957       204068     23405.71
     242.000     0.999963       204069     27306.67
     245.000     0.999969       204070     32768.00
     247.000     0.999973       204071     36408.89
     248.000     0.999976       204072     40960.00
     248.000     0.999979       204072     46811.43
     249.000     0.999982       204073     54613.33
     249.000     0.999985       204073     65536.00
     253.000     0.999986       204074     72817.78
     253.000     0.999988       204074     81920.00
     253.000     0.999989       204074     93622.86
     256.000     0.999991       204075    109226.67
     256.000     0.999992       204075    131072.00
     256.000     0.999993       204075    145635.56
     256.000     0.999994       204075    163840.00
     256.000     0.999995       204075    187245.71
     265.000     0.999995       204076    218453.33
     265.000     1.000000       204076          inf
#[Mean    =       50.052, StdDeviation   =        5.815]
#[Max     =      265.000, Total count    =       204076]
#[Buckets =           27, SubBuckets     =         2048]
----------------------------------------------------------
  693826 requests in 14.97s, 66.17MB read
  Socket errors: connect 0, read 0, write 0, timeout 4
Requests/sec:  69382.60
Transfer/sec:      6.62MB

STDERR:
[WARNING] script_wrk_connect is not implemented...
Checking for file descriptor...
Got a file descriptor!
Checking for file descriptor...
Got a file descriptor!
Checking for file descriptor...
Got a file descriptor!
Checking for file descriptor...
Got a file descriptor!

