Command: /home/vjabrayilov/machnet/examples/scripts/../../release_build/examples/webclient/webclient http://10.0.0.5:8000/index.html -c 1 -t 1 -R 1000 -d 10 -L -U
Return code: 0
STDOUT:
Running 10s test @ http://10.0.0.5:8000/index.html
  1 threads and 1 connections
[INFO] sock_connect: Connected successfully to 10.0.0.5:8000 and c->thread_start=1751320973223275
  Thread calibration: mean lat.: 0.049ms, rate sampling interval: 10ms
  Thread Stats   Avg      Stdev     Max   +/- Stdev
    Latency    50.69us    7.23us 318.00us   97.85%
    Req/Sec     1.00k     7.83     1.10k    99.38%
  Latency Distribution (HdrHistogram - Recorded Latency)
 50.000%   50.00us
 75.000%   51.00us
 90.000%   54.00us
 99.000%   61.00us
 99.900%   72.00us
 99.990%  318.00us
 99.999%  318.00us
100.000%  318.00us

  Detailed Percentile spectrum:
       Value   Percentile   TotalCount 1/(1-Percentile)

      47.000     0.000000           15         1.00
      48.000     0.100000          202         1.11
      49.000     0.200000          719         1.25
      49.000     0.300000          719         1.43
      49.000     0.400000          719         1.67
      50.000     0.500000         1176         2.00
      50.000     0.550000         1176         2.22
      50.000     0.600000         1176         2.50
      50.000     0.650000         1176         2.86
      50.000     0.700000         1176         3.33
      51.000     0.750000         1318         4.00
      51.000     0.775000         1318         4.44
      51.000     0.800000         1318         5.00
      52.000     0.825000         1368         5.71
      53.000     0.850000         1415         6.67
      54.000     0.875000         1471         8.00
      54.000     0.900000         1471        10.00
      55.000     0.912500         1511        11.43
      55.000     0.925000         1511        13.33
      56.000     0.937500         1548        16.00
      56.000     0.943750         1548        17.78
      56.000     0.950000         1548        20.00
      57.000     0.956250         1574        22.86
      57.000     0.962500         1574        26.67
      58.000     0.968750         1593        32.00
      58.000     0.971875         1593        35.56
      58.000     0.975000         1593        40.00
      58.000     0.978125         1593        45.71
      59.000     0.981250         1604        53.33
      59.000     0.984375         1604        64.00
      60.000     0.987500         1609        80.00
      61.000     0.989063         1615        91.43
      61.000     0.990625         1615       106.67
      62.000     0.992188         1617       128.00
      63.000     0.993750         1618       160.00
      65.000     0.994531         1622       182.86
      65.000     0.995313         1622       213.33
      65.000     0.996094         1622       256.00
      70.000     0.996484         1623       284.44
      70.000     0.996875         1623       320.00
      71.000     0.997266         1624       365.71
      72.000     0.997656         1626       426.67
      72.000     0.998047         1626       512.00
      72.000     0.998242         1626       568.89
      72.000     0.998437         1626       640.00
      72.000     0.998633         1626       731.43
      80.000     0.998828         1627       853.33
      80.000     0.999023         1627      1024.00
      80.000     0.999121         1627      1137.78
      80.000     0.999219         1627      1280.00
      80.000     0.999316         1627      1462.86
     318.000     0.999414         1628      1706.67
     318.000     1.000000         1628          inf
#[Mean    =       50.689, StdDeviation   =        7.231]
#[Max     =      318.000, Total count    =         1628]
#[Buckets =           27, SubBuckets     =         2048]
----------------------------------------------------------

  Latency Distribution (HdrHistogram - Uncorrected Latency (measured without taking delayed starts into account))
 50.000%   48.00us
 75.000%   49.00us
 90.000%   53.00us
 99.000%   58.00us
 99.900%   69.00us
 99.990%   70.00us
 99.999%   70.00us
100.000%   70.00us

  Detailed Percentile spectrum:
       Value   Percentile   TotalCount 1/(1-Percentile)

      46.000     0.000000           71         1.00
      47.000     0.100000          597         1.11
      47.000     0.200000          597         1.25
      47.000     0.300000          597         1.43
      48.000     0.400000         1152         1.67
      48.000     0.500000         1152         2.00
      48.000     0.550000         1152         2.22
      48.000     0.600000         1152         2.50
      48.000     0.650000         1152         2.86
      48.000     0.700000         1152         3.33
      49.000     0.750000         1317         4.00
      49.000     0.775000         1317         4.44
      49.000     0.800000         1317         5.00
      50.000     0.825000         1368         5.71
      51.000     0.850000         1417         6.67
      52.000     0.875000         1459         8.00
      53.000     0.900000         1505        10.00
      53.000     0.912500         1505        11.43
      54.000     0.925000         1550        13.33
      54.000     0.937500         1550        16.00
      54.000     0.943750         1550        17.78
      54.000     0.950000         1550        20.00
      55.000     0.956250         1578        22.86
      55.000     0.962500         1578        26.67
      55.000     0.968750         1578        32.00
      56.000     0.971875         1599        35.56
      56.000     0.975000         1599        40.00
      56.000     0.978125         1599        45.71
      56.000     0.981250         1599        53.33
      57.000     0.984375         1608        64.00
      57.000     0.987500         1608        80.00
      58.000     0.989063         1613        91.43
      58.000     0.990625         1613       106.67
      59.000     0.992188         1618       128.00
      59.000     0.993750         1618       160.00
      60.000     0.994531         1621       182.86
      60.000     0.995313         1621       213.33
      62.000     0.996094         1622       256.00
      63.000     0.996484         1624       284.44
      63.000     0.996875         1624       320.00
      63.000     0.997266         1624       365.71
      68.000     0.997656         1625       426.67
      68.000     0.998047         1625       512.00
      69.000     0.998242         1626       568.89
      69.000     0.998437         1626       640.00
      69.000     0.998633         1626       731.43
      70.000     0.998828         1628       853.33
      70.000     1.000000         1628          inf
#[Mean    =       48.693, StdDeviation   =        2.683]
#[Max     =       70.000, Total count    =         1628]
#[Buckets =           27, SubBuckets     =         2048]
----------------------------------------------------------
  10001 requests in 11.63s, 0.95MB read
Requests/sec:   1000.10
Transfer/sec:     97.67KB

STDERR:
[WARNING] script_wrk_connect is not implemented...
Checking for file descriptor...
Got a file descriptor!

