Command: /home/vjabrayilov/machnet/examples/scripts/../../release_build/examples/webclient/webclient http://10.0.0.5:8000/index.html -c 3 -t 3 -R 40000 -d 10 -L -U
Return code: 0
STDOUT:
Running 10s test @ http://10.0.0.5:8000/index.html
  3 threads and 3 connections
[INFO] sock_connect: Connected successfully to 10.0.0.5:8000 and c->thread_start=1751399429147218
[INFO] sock_connect: Connected successfully to 10.0.0.5:8000 and c->thread_start=1751399429147315
[INFO] sock_connect: Connected successfully to 10.0.0.5:8000 and c->thread_start=1751399429147544
  Thread calibration: mean lat.: 0.050ms, rate sampling interval: 10ms
  Thread calibration: mean lat.: 0.051ms, rate sampling interval: 10ms
  Thread calibration: mean lat.: 0.050ms, rate sampling interval: 10ms
  Thread Stats   Avg      Stdev     Max   +/- Stdev
    Latency    51.12us    4.30us 356.00us   97.86%
    Req/Sec    13.39k    47.01    13.80k    82.52%
  Latency Distribution (HdrHistogram - Recorded Latency)
 50.000%   51.00us
 75.000%   51.00us
 90.000%   52.00us
 99.000%   60.00us
 99.900%   78.00us
 99.990%  272.00us
 99.999%  341.00us
100.000%  356.00us

  Detailed Percentile spectrum:
       Value   Percentile   TotalCount 1/(1-Percentile)

      48.000     0.000000           58         1.00
      50.000     0.100000        35304         1.11
      50.000     0.200000        35304         1.25
      50.000     0.300000        35304         1.43
      50.000     0.400000        35304         1.67
      51.000     0.500000        67960         2.00
      51.000     0.550000        67960         2.22
      51.000     0.600000        67960         2.50
      51.000     0.650000        67960         2.86
      51.000     0.700000        67960         3.33
      51.000     0.750000        67960         4.00
      51.000     0.775000        67960         4.44
      52.000     0.800000        80441         5.00
      52.000     0.825000        80441         5.71
      52.000     0.850000        80441         6.67
      52.000     0.875000        80441         8.00
      52.000     0.900000        80441        10.00
      52.000     0.912500        80441        11.43
      53.000     0.925000        81904        13.33
      53.000     0.937500        81904        16.00
      54.000     0.943750        83465        17.78
      54.000     0.950000        83465        20.00
      55.000     0.956250        84753        22.86
      55.000     0.962500        84753        26.67
      55.000     0.968750        84753        32.00
      56.000     0.971875        85443        35.56
      56.000     0.975000        85443        40.00
      56.000     0.978125        85443        45.71
      57.000     0.981250        85839        53.33
      58.000     0.984375        86064        64.00
      59.000     0.987500        86338        80.00
      60.000     0.989063        86605        91.43
      60.000     0.990625        86605       106.67
      61.000     0.992188        86753       128.00
      62.000     0.993750        86865       160.00
      62.000     0.994531        86865       182.86
      63.000     0.995313        86965       213.33
      64.000     0.996094        87045       256.00
      64.000     0.996484        87045       284.44
      64.000     0.996875        87045       320.00
      65.000     0.997266        87103       365.71
      66.000     0.997656        87145       426.67
      66.000     0.998047        87145       512.00
      67.000     0.998242        87163       568.89
      69.000     0.998437        87190       640.00
      70.000     0.998633        87201       731.43
      72.000     0.998828        87213       853.33
      78.000     0.999023        87232      1024.00
      83.000     0.999121        87242      1137.78
      90.000     0.999219        87249      1280.00
     101.000     0.999316        87256      1462.86
     112.000     0.999414        87264      1706.67
     119.000     0.999512        87273      2048.00
     131.000     0.999561        87277      2275.56
     135.000     0.999609        87281      2560.00
     146.000     0.999658        87286      2925.71
     156.000     0.999707        87290      3413.33
     182.000     0.999756        87294      4096.00
     214.000     0.999805        87298      5120.00
     236.000     0.999829        87301      5851.43
     254.000     0.999854        87303      6826.67
     265.000     0.999878        87305      8192.00
     283.000     0.999902        87307     10240.00
     289.000     0.999915        87308     11702.86
     293.000     0.999927        87309     13653.33
     307.000     0.999939        87310     16384.00
     312.000     0.999951        87311     20480.00
     317.000     0.999957        87312     23405.71
     317.000     0.999963        87312     27306.67
     332.000     0.999969        87313     32768.00
     332.000     0.999973        87313     36408.89
     332.000     0.999976        87313     40960.00
     341.000     0.999979        87314     46811.43
     341.000     0.999982        87314     54613.33
     341.000     0.999985        87314     65536.00
     341.000     0.999986        87314     72817.78
     341.000     0.999988        87314     81920.00
     356.000     0.999989        87315     93622.86
     356.000     1.000000        87315          inf
#[Mean    =       51.116, StdDeviation   =        4.305]
#[Max     =      356.000, Total count    =        87315]
#[Buckets =           27, SubBuckets     =         2048]
----------------------------------------------------------

  Latency Distribution (HdrHistogram - Uncorrected Latency (measured without taking delayed starts into account))
 50.000%   49.00us
 75.000%   50.00us
 90.000%   51.00us
 99.000%   57.00us
 99.900%   65.00us
 99.990%  116.00us
 99.999%  152.00us
100.000%  154.00us

  Detailed Percentile spectrum:
       Value   Percentile   TotalCount 1/(1-Percentile)

      47.000     0.000000          200         1.00
      48.000     0.100000        30591         1.11
      48.000     0.200000        30591         1.25
      48.000     0.300000        30591         1.43
      49.000     0.400000        65465         1.67
      49.000     0.500000        65465         2.00
      49.000     0.550000        65465         2.22
      49.000     0.600000        65465         2.50
      49.000     0.650000        65465         2.86
      49.000     0.700000        65465         3.33
      50.000     0.750000        78441         4.00
      50.000     0.775000        78441         4.44
      50.000     0.800000        78441         5.00
      50.000     0.825000        78441         5.71
      50.000     0.850000        78441         6.67
      50.000     0.875000        78441         8.00
      51.000     0.900000        81915        10.00
      51.000     0.912500        81915        11.43
      51.000     0.925000        81915        13.33
      51.000     0.937500        81915        16.00
      52.000     0.943750        83553        17.78
      52.000     0.950000        83553        20.00
      52.000     0.956250        83553        22.86
      53.000     0.962500        84782        26.67
      53.000     0.968750        84782        32.00
      54.000     0.971875        85514        35.56
      54.000     0.975000        85514        40.00
      54.000     0.978125        85514        45.71
      55.000     0.981250        85969        53.33
      55.000     0.984375        85969        64.00
      57.000     0.987500        86457        80.00
      57.000     0.989063        86457        91.43
      58.000     0.990625        86722       106.67
      58.000     0.992188        86722       128.00
      59.000     0.993750        86861       160.00
      59.000     0.994531        86861       182.86
      60.000     0.995313        86946       213.33
      61.000     0.996094        87038       256.00
      61.000     0.996484        87038       284.44
      62.000     0.996875        87116       320.00
      62.000     0.997266        87116       365.71
      62.000     0.997656        87116       426.67
      63.000     0.998047        87171       512.00
      63.000     0.998242        87171       568.89
      64.000     0.998437        87210       640.00
      64.000     0.998633        87210       731.43
      65.000     0.998828        87231       853.33
      65.000     0.999023        87231      1024.00
      66.000     0.999121        87244      1137.78
      67.000     0.999219        87258      1280.00
      67.000     0.999316        87258      1462.86
      68.000     0.999414        87267      1706.67
      69.000     0.999512        87276      2048.00
      70.000     0.999561        87279      2275.56
      71.000     0.999609        87281      2560.00
      73.000     0.999658        87288      2925.71
      75.000     0.999707        87290      3413.33
      76.000     0.999756        87294      4096.00
      81.000     0.999805        87298      5120.00
      95.000     0.999829        87302      5851.43
     100.000     0.999854        87303      6826.67
     111.000     0.999878        87305      8192.00
     124.000     0.999902        87307     10240.00
     133.000     0.999915        87308     11702.86
     135.000     0.999927        87309     13653.33
     138.000     0.999939        87310     16384.00
     144.000     0.999951        87311     20480.00
     147.000     0.999957        87312     23405.71
     147.000     0.999963        87312     27306.67
     151.000     0.999969        87313     32768.00
     151.000     0.999973        87313     36408.89
     151.000     0.999976        87313     40960.00
     152.000     0.999979        87314     46811.43
     152.000     0.999982        87314     54613.33
     152.000     0.999985        87314     65536.00
     152.000     0.999986        87314     72817.78
     152.000     0.999988        87314     81920.00
     154.000     0.999989        87315     93622.86
     154.000     1.000000        87315          inf
#[Mean    =       49.231, StdDeviation   =        2.076]
#[Max     =      154.000, Total count    =        87315]
#[Buckets =           27, SubBuckets     =         2048]
----------------------------------------------------------
  400002 requests in 13.19s, 38.15MB read
  Socket errors: connect 0, read 0, write 0, timeout 2
Requests/sec:  40000.20
Transfer/sec:      3.81MB

STDERR:
[WARNING] script_wrk_connect is not implemented...
Checking for file descriptor...
Got a file descriptor!
Checking for file descriptor...
Got a file descriptor!
Checking for file descriptor...
Got a file descriptor!

