Command: /home/vjabrayilov/machnet/examples/scripts/../../release_build/examples/webclient/webclient http://10.0.0.5:8000/index.html -c 4 -t 4 -R 60000 -d 10 -L -U
Return code: 0
STDOUT:
Running 10s test @ http://10.0.0.5:8000/index.html
  4 threads and 4 connections
[INFO] sock_connect: Connected successfully to 10.0.0.5:8000 and c->thread_start=1751401358560763
[INFO] sock_connect: Connected successfully to 10.0.0.5:8000 and c->thread_start=1751401358561033
[INFO] sock_connect: Connected successfully to 10.0.0.5:8000 and c->thread_start=1751401358561280
[INFO] sock_connect: Connected successfully to 10.0.0.5:8000 and c->thread_start=1751401358561503
  Thread calibration: mean lat.: 0.050ms, rate sampling interval: 10ms
  Thread calibration: mean lat.: 0.050ms, rate sampling interval: 10ms
  Thread calibration: mean lat.: 0.051ms, rate sampling interval: 10ms
  Thread calibration: mean lat.: 0.051ms, rate sampling interval: 10ms
  Thread Stats   Avg      Stdev     Max   +/- Stdev
    Latency    51.10us    4.89us 409.00us   98.41%
    Req/Sec    11.69k     6.22k   15.60k    77.92%
  Latency Distribution (HdrHistogram - Recorded Latency)
 50.000%   51.00us
 75.000%   51.00us
 90.000%   52.00us
 99.000%   58.00us
 99.900%   92.00us
 99.990%  289.00us
 99.999%  381.00us
100.000%  409.00us

  Detailed Percentile spectrum:
       Value   Percentile   TotalCount 1/(1-Percentile)

      48.000     0.000000          184         1.00
      50.000     0.100000        64054         1.11
      50.000     0.200000        64054         1.25
      50.000     0.300000        64054         1.43
      50.000     0.400000        64054         1.67
      51.000     0.500000       128176         2.00
      51.000     0.550000       128176         2.22
      51.000     0.600000       128176         2.50
      51.000     0.650000       128176         2.86
      51.000     0.700000       128176         3.33
      51.000     0.750000       128176         4.00
      51.000     0.775000       128176         4.44
      51.000     0.800000       128176         5.00
      52.000     0.825000       144097         5.71
      52.000     0.850000       144097         6.67
      52.000     0.875000       144097         8.00
      52.000     0.900000       144097        10.00
      53.000     0.912500       149809        11.43
      53.000     0.925000       149809        13.33
      53.000     0.937500       149809        16.00
      53.000     0.943750       149809        17.78
      54.000     0.950000       152620        20.00
      54.000     0.956250       152620        22.86
      54.000     0.962500       152620        26.67
      55.000     0.968750       154635        32.00
      55.000     0.971875       154635        35.56
      55.000     0.975000       154635        40.00
      56.000     0.978125       155935        45.71
      56.000     0.981250       155935        53.33
      57.000     0.984375       156631        64.00
      57.000     0.987500       156631        80.00
      58.000     0.989063       157000        91.43
      58.000     0.990625       157000       106.67
      59.000     0.992188       157279       128.00
      61.000     0.993750       157643       160.00
      61.000     0.994531       157643       182.86
      62.000     0.995313       157750       213.33
      64.000     0.996094       157887       256.00
      65.000     0.996484       157930       284.44
      66.000     0.996875       157968       320.00
      68.000     0.997266       158067       365.71
      69.000     0.997656       158120       426.67
      70.000     0.998047       158156       512.00
      71.000     0.998242       158182       568.89
      75.000     0.998437       158217       640.00
      77.000     0.998633       158248       731.43
      81.000     0.998828       158274       853.33
      94.000     0.999023       158303      1024.00
     105.000     0.999121       158318      1137.78
     117.000     0.999219       158336      1280.00
     126.000     0.999316       158349      1462.86
     139.000     0.999414       158366      1706.67
     149.000     0.999512       158380      2048.00
     155.000     0.999561       158388      2275.56
     166.000     0.999609       158396      2560.00
     179.000     0.999658       158403      2925.71
     192.000     0.999707       158412      3413.33
     212.000     0.999756       158419      4096.00
     241.000     0.999805       158427      5120.00
     250.000     0.999829       158430      5851.43
     267.000     0.999854       158434      6826.67
     283.000     0.999878       158438      8192.00
     297.000     0.999902       158442     10240.00
     305.000     0.999915       158445     11702.86
     314.000     0.999927       158447     13653.33
     319.000     0.999939       158448     16384.00
     325.000     0.999951       158450     20480.00
     329.000     0.999957       158451     23405.71
     335.000     0.999963       158452     27306.67
     351.000     0.999969       158453     32768.00
     351.000     0.999973       158453     36408.89
     364.000     0.999976       158454     40960.00
     364.000     0.999979       158454     46811.43
     381.000     0.999982       158455     54613.33
     381.000     0.999985       158455     65536.00
     381.000     0.999986       158455     72817.78
     397.000     0.999988       158456     81920.00
     397.000     0.999989       158456     93622.86
     397.000     0.999991       158456    109226.67
     397.000     0.999992       158456    131072.00
     397.000     0.999993       158456    145635.56
     409.000     0.999994       158457    163840.00
     409.000     1.000000       158457          inf
#[Mean    =       51.097, StdDeviation   =        4.890]
#[Max     =      409.000, Total count    =       158457]
#[Buckets =           27, SubBuckets     =         2048]
----------------------------------------------------------

  Latency Distribution (HdrHistogram - Uncorrected Latency (measured without taking delayed starts into account))
 50.000%   49.00us
 75.000%   49.00us
 90.000%   50.00us
 99.000%   54.00us
 99.900%   61.00us
 99.990%  115.00us
 99.999%  178.00us
100.000%  194.00us

  Detailed Percentile spectrum:
       Value   Percentile   TotalCount 1/(1-Percentile)

      47.000     0.000000          578         1.00
      48.000     0.100000        54815         1.11
      48.000     0.200000        54815         1.25
      48.000     0.300000        54815         1.43
      49.000     0.400000       128742         1.67
      49.000     0.500000       128742         2.00
      49.000     0.550000       128742         2.22
      49.000     0.600000       128742         2.50
      49.000     0.650000       128742         2.86
      49.000     0.700000       128742         3.33
      49.000     0.750000       128742         4.00
      49.000     0.775000       128742         4.44
      49.000     0.800000       128742         5.00
      50.000     0.825000       146834         5.71
      50.000     0.850000       146834         6.67
      50.000     0.875000       146834         8.00
      50.000     0.900000       146834        10.00
      50.000     0.912500       146834        11.43
      50.000     0.925000       146834        13.33
      51.000     0.937500       151797        16.00
      51.000     0.943750       151797        17.78
      51.000     0.950000       151797        20.00
      51.000     0.956250       151797        22.86
      52.000     0.962500       154113        26.67
      52.000     0.968750       154113        32.00
      52.000     0.971875       154113        35.56
      53.000     0.975000       156074        40.00
      53.000     0.978125       156074        45.71
      53.000     0.981250       156074        53.33
      53.000     0.984375       156074        64.00
      54.000     0.987500       157197        80.00
      54.000     0.989063       157197        91.43
      54.000     0.990625       157197       106.67
      55.000     0.992188       157720       128.00
      55.000     0.993750       157720       160.00
      55.000     0.994531       157720       182.86
      55.000     0.995313       157720       213.33
      56.000     0.996094       157949       256.00
      56.000     0.996484       157949       284.44
      57.000     0.996875       158092       320.00
      57.000     0.997266       158092       365.71
      57.000     0.997656       158092       426.67
      58.000     0.998047       158167       512.00
      59.000     0.998242       158234       568.89
      59.000     0.998437       158234       640.00
      60.000     0.998633       158288       731.43
      60.000     0.998828       158288       853.33
      61.000     0.999023       158338      1024.00
      61.000     0.999121       158338      1137.78
      61.000     0.999219       158338      1280.00
      62.000     0.999316       158373      1462.86
      62.000     0.999414       158373      1706.67
      63.000     0.999512       158390      2048.00
      63.000     0.999561       158390      2275.56
      64.000     0.999609       158396      2560.00
      65.000     0.999658       158408      2925.71
      66.000     0.999707       158418      3413.33
      67.000     0.999756       158424      4096.00
      69.000     0.999805       158428      5120.00
      71.000     0.999829       158431      5851.43
      76.000     0.999854       158434      6826.67
      82.000     0.999878       158438      8192.00
     120.000     0.999902       158442     10240.00
     132.000     0.999915       158444     11702.86
     145.000     0.999927       158446     13653.33
     148.000     0.999939       158448     16384.00
     152.000     0.999951       158450     20480.00
     156.000     0.999957       158451     23405.71
     158.000     0.999963       158452     27306.67
     162.000     0.999969       158453     32768.00
     162.000     0.999973       158453     36408.89
     169.000     0.999976       158454     40960.00
     169.000     0.999979       158454     46811.43
     178.000     0.999982       158455     54613.33
     178.000     0.999985       158455     65536.00
     178.000     0.999986       158455     72817.78
     183.000     0.999988       158456     81920.00
     183.000     0.999989       158456     93622.86
     183.000     0.999991       158456    109226.67
     183.000     0.999992       158456    131072.00
     183.000     0.999993       158456    145635.56
     194.000     0.999994       158457    163840.00
     194.000     1.000000       158457          inf
#[Mean    =       49.031, StdDeviation   =        1.703]
#[Max     =      194.000, Total count    =       158457]
#[Buckets =           27, SubBuckets     =         2048]
----------------------------------------------------------
  555072 requests in 14.89s, 52.94MB read
  Socket errors: connect 0, read 0, write 0, timeout 4
Requests/sec:  55507.20
Transfer/sec:      5.29MB

STDERR:
[WARNING] script_wrk_connect is not implemented...
Checking for file descriptor...
Got a file descriptor!
Checking for file descriptor...
Got a file descriptor!
Checking for file descriptor...
Got a file descriptor!
Checking for file descriptor...
Got a file descriptor!

