Command: /home/vjabrayilov/machnet/examples/scripts/../../release_build/examples/webclient/webclient http://10.0.0.5:8000/index.html -c 4 -t 4 -R 70000 -d 10 -L -U
Return code: 0
STDOUT:
Running 10s test @ http://10.0.0.5:8000/index.html
  4 threads and 4 connections
[INFO] sock_connect: Connected successfully to 10.0.0.5:8000 and c->thread_start=1751401388436304
[INFO] sock_connect: Connected successfully to 10.0.0.5:8000 and c->thread_start=1751401388436612
[INFO] sock_connect: Connected successfully to 10.0.0.5:8000 and c->thread_start=1751401388437072
[INFO] sock_connect: Connected successfully to 10.0.0.5:8000 and c->thread_start=1751401388437469
  Thread calibration: mean lat.: 0.051ms, rate sampling interval: 10ms
  Thread calibration: mean lat.: 0.062ms, rate sampling interval: 10ms
  Thread calibration: mean lat.: 0.050ms, rate sampling interval: 10ms
  Thread calibration: mean lat.: 0.051ms, rate sampling interval: 10ms
  Thread Stats   Avg      Stdev     Max   +/- Stdev
    Latency    51.71us    7.79us 407.00us   98.22%
    Req/Sec    13.73k     7.20k   18.20k    78.41%
  Latency Distribution (HdrHistogram - Recorded Latency)
 50.000%   50.00us
 75.000%   51.00us
 90.000%   56.00us
 99.000%   63.00us
 99.900%  144.00us
 99.990%  346.00us
 99.999%  398.00us
100.000%  407.00us

  Detailed Percentile spectrum:
       Value   Percentile   TotalCount 1/(1-Percentile)

      47.000     0.000000           17         1.00
      49.000     0.100000        32983         1.11
      50.000     0.200000       106898         1.25
      50.000     0.300000       106898         1.43
      50.000     0.400000       106898         1.67
      50.000     0.500000       106898         2.00
      50.000     0.550000       106898         2.22
      51.000     0.600000       145242         2.50
      51.000     0.650000       145242         2.86
      51.000     0.700000       145242         3.33
      51.000     0.750000       145242         4.00
      52.000     0.775000       148742         4.44
      54.000     0.800000       156260         5.00
      55.000     0.825000       169873         5.71
      55.000     0.850000       169873         6.67
      55.000     0.875000       169873         8.00
      56.000     0.900000       182115        10.00
      56.000     0.912500       182115        11.43
      56.000     0.925000       182115        13.33
      56.000     0.937500       182115        16.00
      56.000     0.943750       182115        17.78
      56.000     0.950000       182115        20.00
      56.000     0.956250       182115        22.86
      57.000     0.962500       184513        26.67
      57.000     0.968750       184513        32.00
      58.000     0.971875       185538        35.56
      59.000     0.975000       186283        40.00
      59.000     0.978125       186283        45.71
      60.000     0.981250       187057        53.33
      61.000     0.984375       187804        64.00
      62.000     0.987500       188311        80.00
      63.000     0.989063       188649        91.43
      64.000     0.990625       188864       106.67
      65.000     0.992188       189019       128.00
      68.000     0.993750       189256       160.00
      72.000     0.994531       189405       182.86
      75.000     0.995313       189559       213.33
      87.000     0.996094       189703       256.00
      96.000     0.996484       189806       284.44
      97.000     0.996875       189908       320.00
      98.000     0.997266       189992       365.71
      99.000     0.997656       190011       426.67
     106.000     0.998047       190069       512.00
     113.000     0.998242       190106       568.89
     120.000     0.998437       190143       640.00
     128.000     0.998633       190180       731.43
     136.000     0.998828       190217       853.33
     145.000     0.999023       190257      1024.00
     153.000     0.999121       190274      1137.78
     170.000     0.999219       190292      1280.00
     196.000     0.999316       190310      1462.86
     215.000     0.999414       190329      1706.67
     240.000     0.999512       190348      2048.00
     253.000     0.999561       190357      2275.56
     265.000     0.999609       190366      2560.00
     279.000     0.999658       190375      2925.71
     295.000     0.999707       190385      3413.33
     307.000     0.999756       190394      4096.00
     320.000     0.999805       190403      5120.00
     328.000     0.999829       190408      5851.43
     334.000     0.999854       190413      6826.67
     340.000     0.999878       190417      8192.00
     352.000     0.999902       190422     10240.00
     357.000     0.999915       190424     11702.86
     364.000     0.999927       190427     13653.33
     369.000     0.999939       190429     16384.00
     377.000     0.999951       190431     20480.00
     380.000     0.999957       190432     23405.71
     386.000     0.999963       190434     27306.67
     389.000     0.999969       190435     32768.00
     389.000     0.999973       190435     36408.89
     393.000     0.999976       190436     40960.00
     393.000     0.999979       190436     46811.43
     395.000     0.999982       190437     54613.33
     398.000     0.999985       190438     65536.00
     398.000     0.999986       190438     72817.78
     398.000     0.999988       190438     81920.00
     398.000     0.999989       190438     93622.86
     402.000     0.999991       190439    109226.67
     402.000     0.999992       190439    131072.00
     402.000     0.999993       190439    145635.56
     402.000     0.999994       190439    163840.00
     402.000     0.999995       190439    187245.71
     407.000     0.999995       190440    218453.33
     407.000     1.000000       190440          inf
#[Mean    =       51.708, StdDeviation   =        7.794]
#[Max     =      407.000, Total count    =       190440]
#[Buckets =           27, SubBuckets     =         2048]
----------------------------------------------------------

  Latency Distribution (HdrHistogram - Uncorrected Latency (measured without taking delayed starts into account))
 50.000%   49.00us
 75.000%   49.00us
 90.000%   54.00us
 99.000%   57.00us
 99.900%   64.00us
 99.990%  113.00us
 99.999%  149.00us
100.000%  160.00us

  Detailed Percentile spectrum:
       Value   Percentile   TotalCount 1/(1-Percentile)

      47.000     0.000000         3003         1.00
      48.000     0.100000        90779         1.11
      48.000     0.200000        90779         1.25
      48.000     0.300000        90779         1.43
      48.000     0.400000        90779         1.67
      49.000     0.500000       147523         2.00
      49.000     0.550000       147523         2.22
      49.000     0.600000       147523         2.50
      49.000     0.650000       147523         2.86
      49.000     0.700000       147523         3.33
      49.000     0.750000       147523         4.00
      50.000     0.775000       152978         4.44
      50.000     0.800000       152978         5.00
      52.000     0.825000       158951         5.71
      53.000     0.850000       168950         6.67
      53.000     0.875000       168950         8.00
      54.000     0.900000       181614        10.00
      54.000     0.912500       181614        11.43
      54.000     0.925000       181614        13.33
      54.000     0.937500       181614        16.00
      54.000     0.943750       181614        17.78
      54.000     0.950000       181614        20.00
      55.000     0.956250       187405        22.86
      55.000     0.962500       187405        26.67
      55.000     0.968750       187405        32.00
      55.000     0.971875       187405        35.56
      55.000     0.975000       187405        40.00
      55.000     0.978125       187405        45.71
      55.000     0.981250       187405        53.33
      56.000     0.984375       188378        64.00
      56.000     0.987500       188378        80.00
      56.000     0.989063       188378        91.43
      57.000     0.990625       188655       106.67
      58.000     0.992188       188986       128.00
      59.000     0.993750       189399       160.00
      59.000     0.994531       189399       182.86
      60.000     0.995313       189798       213.33
      60.000     0.996094       189798       256.00
      60.000     0.996484       189798       284.44
      61.000     0.996875       190024       320.00
      61.000     0.997266       190024       365.71
      61.000     0.997656       190024       426.67
      62.000     0.998047       190139       512.00
      62.000     0.998242       190139       568.89
      63.000     0.998437       190200       640.00
      63.000     0.998633       190200       731.43
      64.000     0.998828       190257       853.33
      64.000     0.999023       190257      1024.00
      65.000     0.999121       190295      1137.78
      65.000     0.999219       190295      1280.00
      66.000     0.999316       190329      1462.86
      66.000     0.999414       190329      1706.67
      68.000     0.999512       190360      2048.00
      68.000     0.999561       190360      2275.56
      69.000     0.999609       190372      2560.00
      70.000     0.999658       190379      2925.71
      71.000     0.999707       190386      3413.33
      74.000     0.999756       190395      4096.00
      77.000     0.999805       190404      5120.00
      80.000     0.999829       190408      5851.43
      83.000     0.999854       190413      6826.67
     100.000     0.999878       190417      8192.00
     121.000     0.999902       190422     10240.00
     126.000     0.999915       190424     11702.86
     129.000     0.999927       190428     13653.33
     133.000     0.999939       190430     16384.00
     138.000     0.999951       190431     20480.00
     140.000     0.999957       190433     23405.71
     143.000     0.999963       190435     27306.67
     143.000     0.999969       190435     32768.00
     143.000     0.999973       190435     36408.89
     144.000     0.999976       190436     40960.00
     144.000     0.999979       190436     46811.43
     146.000     0.999982       190437     54613.33
     149.000     0.999985       190438     65536.00
     149.000     0.999986       190438     72817.78
     149.000     0.999988       190438     81920.00
     149.000     0.999989       190438     93622.86
     156.000     0.999991       190439    109226.67
     156.000     0.999992       190439    131072.00
     156.000     0.999993       190439    145635.56
     156.000     0.999994       190439    163840.00
     156.000     0.999995       190439    187245.71
     160.000     0.999995       190440    218453.33
     160.000     1.000000       190440          inf
#[Mean    =       49.513, StdDeviation   =        2.591]
#[Max     =      160.000, Total count    =       190440]
#[Buckets =           27, SubBuckets     =         2048]
----------------------------------------------------------
  647585 requests in 14.97s, 61.76MB read
  Socket errors: connect 0, read 0, write 0, timeout 4
Requests/sec:  64758.50
Transfer/sec:      6.18MB

STDERR:
[WARNING] script_wrk_connect is not implemented...
Checking for file descriptor...
Got a file descriptor!
Checking for file descriptor...
Got a file descriptor!
Checking for file descriptor...
Got a file descriptor!
Checking for file descriptor...
Got a file descriptor!

