Command: /home/vjabrayilov/machnet/examples/scripts/../../release_build/examples/webclient/webclient http://10.0.0.5:8000/index.html -c 4 -t 4 -R 65000 -d 10 -L -U
Return code: 0
STDOUT:
Running 10s test @ http://10.0.0.5:8000/index.html
  4 threads and 4 connections
[INFO] sock_connect: Connected successfully to 10.0.0.5:8000 and c->thread_start=1751401373460692
[INFO] sock_connect: Connected successfully to 10.0.0.5:8000 and c->thread_start=1751401373460952
[INFO] sock_connect: Connected successfully to 10.0.0.5:8000 and c->thread_start=1751401373461206
[INFO] sock_connect: Connected successfully to 10.0.0.5:8000 and c->thread_start=1751401373461468
  Thread calibration: mean lat.: 0.052ms, rate sampling interval: 10ms
  Thread calibration: mean lat.: 0.056ms, rate sampling interval: 10ms
  Thread calibration: mean lat.: 0.050ms, rate sampling interval: 10ms
  Thread calibration: mean lat.: 0.051ms, rate sampling interval: 10ms
  Thread Stats   Avg      Stdev     Max   +/- Stdev
    Latency    52.48us    6.45us 410.00us   98.42%
    Req/Sec    12.78k     6.71k   16.90k    78.35%
  Latency Distribution (HdrHistogram - Recorded Latency)
 50.000%   51.00us
 75.000%   54.00us
 90.000%   56.00us
 99.000%   61.00us
 99.900%  123.00us
 99.990%  338.00us
 99.999%  402.00us
100.000%  410.00us

  Detailed Percentile spectrum:
       Value   Percentile   TotalCount 1/(1-Percentile)

      48.000     0.000000          256         1.00
      50.000     0.100000        62145         1.11
      50.000     0.200000        62145         1.25
      50.000     0.300000        62145         1.43
      51.000     0.400000       100123         1.67
      51.000     0.500000       100123         2.00
      51.000     0.550000       100123         2.22
      52.000     0.600000       108571         2.50
      53.000     0.650000       127547         2.86
      53.000     0.700000       127547         3.33
      54.000     0.750000       137213         4.00
      54.000     0.775000       137213         4.44
      55.000     0.800000       144807         5.00
      56.000     0.825000       160000         5.71
      56.000     0.850000       160000         6.67
      56.000     0.875000       160000         8.00
      56.000     0.900000       160000        10.00
      57.000     0.912500       169541        11.43
      57.000     0.925000       169541        13.33
      57.000     0.937500       169541        16.00
      57.000     0.943750       169541        17.78
      57.000     0.950000       169541        20.00
      57.000     0.956250       169541        22.86
      58.000     0.962500       171941        26.67
      58.000     0.968750       171941        32.00
      58.000     0.971875       171941        35.56
      59.000     0.975000       173927        40.00
      59.000     0.978125       173927        45.71
      59.000     0.981250       173927        53.33
      60.000     0.984375       174641        64.00
      60.000     0.987500       174641        80.00
      61.000     0.989063       175106        91.43
      61.000     0.990625       175106       106.67
      62.000     0.992188       175503       128.00
      63.000     0.993750       175766       160.00
      63.000     0.994531       175766       182.86
      64.000     0.995313       175928       213.33
      65.000     0.996094       176064       256.00
      66.000     0.996484       176144       284.44
      67.000     0.996875       176206       320.00
      68.000     0.997266       176253       365.71
      70.000     0.997656       176306       426.67
      75.000     0.998047       176377       512.00
      80.000     0.998242       176410       568.89
      90.000     0.998437       176447       640.00
      99.000     0.998633       176480       731.43
     111.000     0.998828       176513       853.33
     125.000     0.999023       176549      1024.00
     130.000     0.999121       176565      1137.78
     137.000     0.999219       176582      1280.00
     146.000     0.999316       176600      1462.86
     154.000     0.999414       176618      1706.67
     179.000     0.999512       176634      2048.00
     199.000     0.999561       176643      2275.56
     214.000     0.999609       176652      2560.00
     236.000     0.999658       176660      2925.71
     259.000     0.999707       176669      3413.33
     278.000     0.999756       176677      4096.00
     299.000     0.999805       176687      5120.00
     308.000     0.999829       176690      5851.43
     318.000     0.999854       176695      6826.67
     329.000     0.999878       176700      8192.00
     340.000     0.999902       176704     10240.00
     346.000     0.999915       176705     11702.86
     358.000     0.999927       176709     13653.33
     367.000     0.999939       176711     16384.00
     377.000     0.999951       176713     20480.00
     377.000     0.999957       176713     23405.71
     387.000     0.999963       176715     27306.67
     387.000     0.999969       176715     32768.00
     397.000     0.999973       176717     36408.89
     397.000     0.999976       176717     40960.00
     397.000     0.999979       176717     46811.43
     397.000     0.999982       176717     54613.33
     402.000     0.999985       176718     65536.00
     402.000     0.999986       176718     72817.78
     402.000     0.999988       176718     81920.00
     406.000     0.999989       176719     93622.86
     406.000     0.999991       176719    109226.67
     406.000     0.999992       176719    131072.00
     406.000     0.999993       176719    145635.56
     406.000     0.999994       176719    163840.00
     410.000     0.999995       176720    187245.71
     410.000     1.000000       176720          inf
#[Mean    =       52.477, StdDeviation   =        6.449]
#[Max     =      410.000, Total count    =       176720]
#[Buckets =           27, SubBuckets     =         2048]
----------------------------------------------------------

  Latency Distribution (HdrHistogram - Uncorrected Latency (measured without taking delayed starts into account))
 50.000%   49.00us
 75.000%   52.00us
 90.000%   54.00us
 99.000%   58.00us
 99.900%   65.00us
 99.990%  120.00us
 99.999%  157.00us
100.000%  163.00us

  Detailed Percentile spectrum:
       Value   Percentile   TotalCount 1/(1-Percentile)

      47.000     0.000000         1148         1.00
      48.000     0.100000        54576         1.11
      48.000     0.200000        54576         1.25
      48.000     0.300000        54576         1.43
      49.000     0.400000        99668         1.67
      49.000     0.500000        99668         2.00
      49.000     0.550000        99668         2.22
      50.000     0.600000       108514         2.50
      51.000     0.650000       125321         2.86
      51.000     0.700000       125321         3.33
      52.000     0.750000       136595         4.00
      53.000     0.775000       145179         4.44
      53.000     0.800000       145179         5.00
      54.000     0.825000       159945         5.71
      54.000     0.850000       159945         6.67
      54.000     0.875000       159945         8.00
      54.000     0.900000       159945        10.00
      55.000     0.912500       169289        11.43
      55.000     0.925000       169289        13.33
      55.000     0.937500       169289        16.00
      55.000     0.943750       169289        17.78
      55.000     0.950000       169289        20.00
      55.000     0.956250       169289        22.86
      56.000     0.962500       172235        26.67
      56.000     0.968750       172235        32.00
      56.000     0.971875       172235        35.56
      57.000     0.975000       174333        40.00
      57.000     0.978125       174333        45.71
      57.000     0.981250       174333        53.33
      57.000     0.984375       174333        64.00
      58.000     0.987500       175138        80.00
      58.000     0.989063       175138        91.43
      58.000     0.990625       175138       106.67
      59.000     0.992188       175610       128.00
      60.000     0.993750       175954       160.00
      60.000     0.994531       175954       182.86
      60.000     0.995313       175954       213.33
      61.000     0.996094       176197       256.00
      61.000     0.996484       176197       284.44
      61.000     0.996875       176197       320.00
      62.000     0.997266       176341       365.71
      62.000     0.997656       176341       426.67
      63.000     0.998047       176459       512.00
      63.000     0.998242       176459       568.89
      63.000     0.998437       176459       640.00
      64.000     0.998633       176521       731.43
      64.000     0.998828       176521       853.33
      65.000     0.999023       176566      1024.00
      65.000     0.999121       176566      1137.78
      66.000     0.999219       176595      1280.00
      67.000     0.999316       176612      1462.86
      68.000     0.999414       176627      1706.67
      69.000     0.999512       176645      2048.00
      69.000     0.999561       176645      2275.56
      70.000     0.999609       176655      2560.00
      71.000     0.999658       176663      2925.71
      72.000     0.999707       176669      3413.33
      74.000     0.999756       176680      4096.00
      76.000     0.999805       176686      5120.00
      78.000     0.999829       176691      5851.43
      80.000     0.999854       176695      6826.67
     112.000     0.999878       176699      8192.00
     121.000     0.999902       176703     10240.00
     131.000     0.999915       176705     11702.86
     136.000     0.999927       176708     13653.33
     138.000     0.999939       176710     16384.00
     141.000     0.999951       176712     20480.00
     143.000     0.999957       176713     23405.71
     149.000     0.999963       176714     27306.67
     150.000     0.999969       176715     32768.00
     152.000     0.999973       176716     36408.89
     152.000     0.999976       176716     40960.00
     153.000     0.999979       176717     46811.43
     153.000     0.999982       176717     54613.33
     157.000     0.999985       176718     65536.00
     157.000     0.999986       176718     72817.78
     157.000     0.999988       176718     81920.00
     159.000     0.999989       176719     93622.86
     159.000     0.999991       176719    109226.67
     159.000     0.999992       176719    131072.00
     159.000     0.999993       176719    145635.56
     159.000     0.999994       176719    163840.00
     163.000     0.999995       176720    187245.71
     163.000     1.000000       176720          inf
#[Mean    =       50.419, StdDeviation   =        2.915]
#[Max     =      163.000, Total count    =       176720]
#[Buckets =           27, SubBuckets     =         2048]
----------------------------------------------------------
  601330 requests in 14.97s, 57.35MB read
  Socket errors: connect 0, read 0, write 0, timeout 4
Requests/sec:  60133.00
Transfer/sec:      5.73MB

STDERR:
[WARNING] script_wrk_connect is not implemented...
Checking for file descriptor...
Got a file descriptor!
Checking for file descriptor...
Got a file descriptor!
Checking for file descriptor...
Got a file descriptor!
Checking for file descriptor...
Got a file descriptor!

