Command: /home/vjabrayilov/machnet/examples/scripts/../../release_build/examples/webclient/webclient http://10.0.0.5:8000/index.html -c 3 -t 3 -R 50000 -d 10 -L -U
Return code: 0
STDOUT:
Running 10s test @ http://10.0.0.5:8000/index.html
  3 threads and 3 connections
[INFO] sock_connect: Connected successfully to 10.0.0.5:8000 and c->thread_start=1751399456317789
[INFO] sock_connect: Connected successfully to 10.0.0.5:8000 and c->thread_start=1751399456318040
[INFO] sock_connect: Connected successfully to 10.0.0.5:8000 and c->thread_start=1751399456318232
  Thread calibration: mean lat.: 0.051ms, rate sampling interval: 10ms
  Thread calibration: mean lat.: 0.055ms, rate sampling interval: 10ms
  Thread calibration: mean lat.: 0.050ms, rate sampling interval: 10ms
  Thread Stats   Avg      Stdev     Max   +/- Stdev
    Latency    58.09us   66.53us1428.00us   98.72%
    Req/Sec    16.70k   191.60    18.40k    97.86%
  Latency Distribution (HdrHistogram - Recorded Latency)
 50.000%   50.00us
 75.000%   54.00us
 90.000%   56.00us
 99.000%  256.00us
 99.900% 1080.00us
 99.990% 1377.00us
 99.999% 1426.00us
100.000% 1428.00us

  Detailed Percentile spectrum:
       Value   Percentile   TotalCount 1/(1-Percentile)

      48.000     0.000000          391         1.00
      49.000     0.100000        20369         1.11
      50.000     0.200000        81261         1.25
      50.000     0.300000        81261         1.43
      50.000     0.400000        81261         1.67
      50.000     0.500000        81261         2.00
      51.000     0.550000       103885         2.22
      51.000     0.600000       103885         2.50
      51.000     0.650000       103885         2.86
      52.000     0.700000       107283         3.33
      54.000     0.750000       113768         4.00
      55.000     0.775000       129017         4.44
      55.000     0.800000       129017         5.00
      55.000     0.825000       129017         5.71
      55.000     0.850000       129017         6.67
      56.000     0.875000       139909         8.00
      56.000     0.900000       139909        10.00
      56.000     0.912500       139909        11.43
      56.000     0.925000       139909        13.33
      56.000     0.937500       139909        16.00
      57.000     0.943750       142197        17.78
      57.000     0.950000       142197        20.00
      57.000     0.956250       142197        22.86
      58.000     0.962500       143242        26.67
      59.000     0.968750       143920        32.00
      60.000     0.971875       144378        35.56
      62.000     0.975000       145065        40.00
      63.000     0.978125       145377        45.71
      65.000     0.981250       145792        53.33
      74.000     0.984375       146232        64.00
     136.000     0.987500       146670        80.00
     205.000     0.989063       146902        91.43
     294.000     0.990625       147132       106.67
     409.000     0.992188       147364       128.00
     499.000     0.993750       147600       160.00
     545.000     0.994531       147713       182.86
     602.000     0.995313       147830       213.33
     689.000     0.996094       147945       256.00
     733.000     0.996484       148002       284.44
     777.000     0.996875       148061       320.00
     820.000     0.997266       148118       365.71
     860.000     0.997656       148177       426.67
     907.000     0.998047       148236       512.00
     933.000     0.998242       148264       568.89
     963.000     0.998437       148292       640.00
     999.000     0.998633       148321       731.43
    1042.000     0.998828       148350       853.33
    1086.000     0.999023       148379      1024.00
    1109.000     0.999121       148394      1137.78
    1136.000     0.999219       148408      1280.00
    1161.000     0.999316       148423      1462.86
    1185.000     0.999414       148437      1706.67
    1214.000     0.999512       148452      2048.00
    1221.000     0.999561       148459      2275.56
    1226.000     0.999609       148466      2560.00
    1255.000     0.999658       148474      2925.71
    1277.000     0.999707       148481      3413.33
    1304.000     0.999756       148488      4096.00
    1323.000     0.999805       148495      5120.00
    1342.000     0.999829       148499      5851.43
    1359.000     0.999854       148503      6826.67
    1368.000     0.999878       148506      8192.00
    1378.000     0.999902       148510     10240.00
    1386.000     0.999915       148512     11702.86
    1388.000     0.999927       148514     13653.33
    1391.000     0.999939       148515     16384.00
    1406.000     0.999951       148518     20480.00
    1406.000     0.999957       148518     23405.71
    1415.000     0.999963       148519     27306.67
    1416.000     0.999969       148520     32768.00
    1416.000     0.999973       148520     36408.89
    1423.000     0.999976       148521     40960.00
    1423.000     0.999979       148521     46811.43
    1425.000     0.999982       148522     54613.33
    1425.000     0.999985       148522     65536.00
    1425.000     0.999986       148522     72817.78
    1426.000     0.999988       148523     81920.00
    1426.000     0.999989       148523     93622.86
    1426.000     0.999991       148523    109226.67
    1426.000     0.999992       148523    131072.00
    1426.000     0.999993       148523    145635.56
    1428.000     0.999994       148524    163840.00
    1428.000     1.000000       148524          inf
#[Mean    =       58.093, StdDeviation   =       66.531]
#[Max     =     1428.000, Total count    =       148524]
#[Buckets =           27, SubBuckets     =         2048]
----------------------------------------------------------

  Latency Distribution (HdrHistogram - Uncorrected Latency (measured without taking delayed starts into account))
 50.000%   49.00us
 75.000%   51.00us
 90.000%   54.00us
 99.000%   60.00us
 99.900%   97.00us
 99.990%  148.00us
 99.999%  207.00us
100.000%  214.00us

  Detailed Percentile spectrum:
       Value   Percentile   TotalCount 1/(1-Percentile)

      47.000     0.000000         1230         1.00
      48.000     0.100000        73392         1.11
      48.000     0.200000        73392         1.25
      48.000     0.300000        73392         1.43
      48.000     0.400000        73392         1.67
      49.000     0.500000       104854         2.00
      49.000     0.550000       104854         2.22
      49.000     0.600000       104854         2.50
      49.000     0.650000       104854         2.86
      49.000     0.700000       104854         3.33
      51.000     0.750000       111784         4.00
      52.000     0.775000       115894         4.44
      53.000     0.800000       129769         5.00
      53.000     0.825000       129769         5.71
      53.000     0.850000       129769         6.67
      54.000     0.875000       141257         8.00
      54.000     0.900000       141257        10.00
      54.000     0.912500       141257        11.43
      54.000     0.925000       141257        13.33
      54.000     0.937500       141257        16.00
      54.000     0.943750       141257        17.78
      54.000     0.950000       141257        20.00
      55.000     0.956250       144401        22.86
      55.000     0.962500       144401        26.67
      55.000     0.968750       144401        32.00
      55.000     0.971875       144401        35.56
      56.000     0.975000       145412        40.00
      56.000     0.978125       145412        45.71
      57.000     0.981250       146045        53.33
      58.000     0.984375       146470        64.00
      59.000     0.987500       146809        80.00
      60.000     0.989063       147090        91.43
      61.000     0.990625       147365       106.67
      61.000     0.992188       147365       128.00
      63.000     0.993750       147750       160.00
      63.000     0.994531       147750       182.86
      64.000     0.995313       147876       213.33
      66.000     0.996094       147980       256.00
      67.000     0.996484       148025       284.44
      68.000     0.996875       148065       320.00
      70.000     0.997266       148120       365.71
      73.000     0.997656       148184       426.67
      76.000     0.998047       148234       512.00
      79.000     0.998242       148264       568.89
      81.000     0.998437       148292       640.00
      86.000     0.998633       148327       731.43
      92.000     0.998828       148350       853.33
      98.000     0.999023       148381      1024.00
     101.000     0.999121       148396      1137.78
     104.000     0.999219       148408      1280.00
     111.000     0.999316       148427      1462.86
     116.000     0.999414       148438      1706.67
     119.000     0.999512       148457      2048.00
     120.000     0.999561       148463      2275.56
     121.000     0.999609       148468      2560.00
     124.000     0.999658       148475      2925.71
     128.000     0.999707       148481      3413.33
     133.000     0.999756       148488      4096.00
     139.000     0.999805       148496      5120.00
     142.000     0.999829       148499      5851.43
     143.000     0.999854       148504      6826.67
     144.000     0.999878       148507      8192.00
     150.000     0.999902       148512     10240.00
     150.000     0.999915       148512     11702.86
     153.000     0.999927       148514     13653.33
     154.000     0.999939       148515     16384.00
     158.000     0.999951       148517     20480.00
     164.000     0.999957       148518     23405.71
     172.000     0.999963       148519     27306.67
     186.000     0.999969       148520     32768.00
     186.000     0.999973       148520     36408.89
     190.000     0.999976       148521     40960.00
     190.000     0.999979       148521     46811.43
     196.000     0.999982       148522     54613.33
     196.000     0.999985       148522     65536.00
     196.000     0.999986       148522     72817.78
     207.000     0.999988       148523     81920.00
     207.000     0.999989       148523     93622.86
     207.000     0.999991       148523    109226.67
     207.000     0.999992       148523    131072.00
     207.000     0.999993       148523    145635.56
     214.000     0.999994       148524    163840.00
     214.000     1.000000       148524          inf
#[Mean    =       49.906, StdDeviation   =        3.820]
#[Max     =      214.000, Total count    =       148524]
#[Buckets =           27, SubBuckets     =         2048]
----------------------------------------------------------
  500001 requests in 13.97s, 47.68MB read
  Socket errors: connect 0, read 0, write 0, timeout 2
Requests/sec:  50000.10
Transfer/sec:      4.77MB

STDERR:
[WARNING] script_wrk_connect is not implemented...
Checking for file descriptor...
Got a file descriptor!
Checking for file descriptor...
Got a file descriptor!
Checking for file descriptor...
Got a file descriptor!

