Command: /home/vjabrayilov/machnet/examples/scripts/../../release_build/examples/webclient/webclient http://10.0.0.5:8000/index.html -c 4 -t 4 -R 80000 -d 10 -L -U
Return code: 0
STDOUT:
Running 10s test @ http://10.0.0.5:8000/index.html
  4 threads and 4 connections
[INFO] sock_connect: Connected successfully to 10.0.0.5:8000 and c->thread_start=1751401418391458
[INFO] sock_connect: Connected successfully to 10.0.0.5:8000 and c->thread_start=1751401418391647
[INFO] sock_connect: Connected successfully to 10.0.0.5:8000 and c->thread_start=1751401418391843
[INFO] sock_connect: Connected successfully to 10.0.0.5:8000 and c->thread_start=1751401418392033
  Thread calibration: mean lat.: 119.189ms, rate sampling interval: 495ms
  Thread calibration: mean lat.: 115.598ms, rate sampling interval: 465ms
  Thread calibration: mean lat.: 108.045ms, rate sampling interval: 424ms
  Thread calibration: mean lat.: 109.899ms, rate sampling interval: 400ms
  Thread Stats   Avg      Stdev     Max   +/- Stdev
    Latency   308463.737621.23us367616.00   60.32%
    Req/Sec    14.74k     8.14k   19.67k    76.67%
  Latency Distribution (HdrHistogram - Recorded Latency)
 50.000%311807.00u
 75.000%342015.00u
 90.000%355071.00u
 99.000%365567.00u
 99.900%367359.00u
 99.990%367615.00u
 99.999%367871.00u
100.000%367871.00u

  Detailed Percentile spectrum:
       Value   Percentile   TotalCount 1/(1-Percentile)

  222335.000     0.000000           62         1.00
  253183.000     0.100000        21032         1.11
  272639.000     0.200000        42216         1.25
  286975.000     0.300000        63156         1.43
  298495.000     0.400000        84089         1.67
  311807.000     0.500000       105213         2.00
  319487.000     0.550000       115677         2.22
  325887.000     0.600000       126011         2.50
  331007.000     0.650000       136535         2.86
  336383.000     0.700000       147175         3.33
  342015.000     0.750000       157915         4.00
  344319.000     0.775000       162699         4.44
  346879.000     0.800000       168018         5.00
  349439.000     0.825000       173631         5.71
  351487.000     0.850000       179036         6.67
  353279.000     0.875000       184110         8.00
  355071.000     0.900000       189272        10.00
  356095.000     0.912500       192219        11.43
  356863.000     0.925000       194266        13.33
  358399.000     0.937500       197133        16.00
  359167.000     0.943750       198111        17.78
  359935.000     0.950000       199393        20.00
  360959.000     0.956250       200721        22.86
  361983.000     0.962500       202373        26.67
  362751.000     0.968750       203595        32.00
  363007.000     0.971875       204036        35.56
  363519.000     0.975000       204855        40.00
  364031.000     0.978125       205529        45.71
  364287.000     0.981250       205926        53.33
  364799.000     0.984375       206731        64.00
  365311.000     0.987500       207447        80.00
  365567.000     0.989063       207836        91.43
  365823.000     0.990625       208224       106.67
  365823.000     0.992188       208224       128.00
  366079.000     0.993750       208597       160.00
  366335.000     0.994531       208958       182.86
  366335.000     0.995313       208958       213.33
  366591.000     0.996094       209397       256.00
  366591.000     0.996484       209397       284.44
  366591.000     0.996875       209397       320.00
  366591.000     0.997266       209397       365.71
  366591.000     0.997656       209397       426.67
  366847.000     0.998047       209513       512.00
  366847.000     0.998242       209513       568.89
  367103.000     0.998437       209586       640.00
  367103.000     0.998633       209586       731.43
  367359.000     0.998828       209714       853.33
  367359.000     0.999023       209714      1024.00
  367359.000     0.999121       209714      1137.78
  367359.000     0.999219       209714      1280.00
  367615.000     0.999316       209845      1462.86
  367615.000     0.999414       209845      1706.67
  367615.000     0.999512       209845      2048.00
  367615.000     0.999561       209845      2275.56
  367615.000     0.999609       209845      2560.00
  367615.000     0.999658       209845      2925.71
  367615.000     0.999707       209845      3413.33
  367615.000     0.999756       209845      4096.00
  367615.000     0.999805       209845      5120.00
  367615.000     0.999829       209845      5851.43
  367615.000     0.999854       209845      6826.67
  367615.000     0.999878       209845      8192.00
  367615.000     0.999902       209845     10240.00
  367615.000     0.999915       209845     11702.86
  367615.000     0.999927       209845     13653.33
  367871.000     0.999939       209859     16384.00
  367871.000     1.000000       209859          inf
#[Mean    =   308463.756, StdDeviation   =    37621.227]
#[Max     =   367616.000, Total count    =       209859]
#[Buckets =           27, SubBuckets     =         2048]
----------------------------------------------------------

  Latency Distribution (HdrHistogram - Uncorrected Latency (measured without taking delayed starts into account))
 50.000%   49.00us
 75.000%   50.00us
 90.000%   52.00us
 99.000%   59.00us
 99.900%   87.00us
 99.990%  122.00us
 99.999%  160.00us
100.000%  175.00us

  Detailed Percentile spectrum:
       Value   Percentile   TotalCount 1/(1-Percentile)

      46.000     0.000000            1         1.00
      48.000     0.100000        56720         1.11
      48.000     0.200000        56720         1.25
      49.000     0.300000       140381         1.43
      49.000     0.400000       140381         1.67
      49.000     0.500000       140381         2.00
      49.000     0.550000       140381         2.22
      49.000     0.600000       140381         2.50
      49.000     0.650000       140381         2.86
      50.000     0.700000       178103         3.33
      50.000     0.750000       178103         4.00
      50.000     0.775000       178103         4.44
      50.000     0.800000       178103         5.00
      50.000     0.825000       178103         5.71
      51.000     0.850000       188330         6.67
      51.000     0.875000       188330         8.00
      52.000     0.900000       193129        10.00
      52.000     0.912500       193129        11.43
      53.000     0.925000       198713        13.33
      53.000     0.937500       198713        16.00
      53.000     0.943750       198713        17.78
      54.000     0.950000       202212        20.00
      54.000     0.956250       202212        22.86
      54.000     0.962500       202212        26.67
      55.000     0.968750       204304        32.00
      55.000     0.971875       204304        35.56
      56.000     0.975000       205955        40.00
      56.000     0.978125       205955        45.71
      56.000     0.981250       205955        53.33
      57.000     0.984375       206959        64.00
      58.000     0.987500       207536        80.00
      59.000     0.989063       207945        91.43
      59.000     0.990625       207945       106.67
      60.000     0.992188       208249       128.00
      62.000     0.993750       208776       160.00
      62.000     0.994531       208776       182.86
      63.000     0.995313       208938       213.33
      64.000     0.996094       209072       256.00
      65.000     0.996484       209167       284.44
      66.000     0.996875       209233       320.00
      68.000     0.997266       209302       365.71
      71.000     0.997656       209407       426.67
      73.000     0.998047       209457       512.00
      75.000     0.998242       209494       568.89
      78.000     0.998437       209543       640.00
      80.000     0.998633       209580       731.43
      84.000     0.998828       209621       853.33
      87.000     0.999023       209656      1024.00
      89.000     0.999121       209676      1137.78
      91.000     0.999219       209700      1280.00
      93.000     0.999316       209719      1462.86
      96.000     0.999414       209743      1706.67
      99.000     0.999512       209761      2048.00
     100.000     0.999561       209769      2275.56
     101.000     0.999609       209779      2560.00
     103.000     0.999658       209788      2925.71
     106.000     0.999707       209800      3413.33
     108.000     0.999756       209809      4096.00
     110.000     0.999805       209820      5120.00
     111.000     0.999829       209825      5851.43
     113.000     0.999854       209829      6826.67
     117.000     0.999878       209834      8192.00
     122.000     0.999902       209840     10240.00
     124.000     0.999915       209842     11702.86
     126.000     0.999927       209844     13653.33
     136.000     0.999939       209847     16384.00
     139.000     0.999951       209849     20480.00
     141.000     0.999957       209851     23405.71
     148.000     0.999963       209852     27306.67
     153.000     0.999969       209853     32768.00
     154.000     0.999973       209854     36408.89
     154.000     0.999976       209854     40960.00
     156.000     0.999979       209855     46811.43
     157.000     0.999982       209856     54613.33
     157.000     0.999985       209856     65536.00
     160.000     0.999986       209857     72817.78
     160.000     0.999988       209857     81920.00
     160.000     0.999989       209857     93622.86
     166.000     0.999991       209858    109226.67
     166.000     0.999992       209858    131072.00
     166.000     0.999993       209858    145635.56
     166.000     0.999994       209858    163840.00
     166.000     0.999995       209858    187245.71
     175.000     0.999995       209859    218453.33
     175.000     1.000000       209859          inf
#[Mean    =       49.640, StdDeviation   =        2.881]
#[Max     =      175.000, Total count    =       209859]
#[Buckets =           27, SubBuckets     =         2048]
----------------------------------------------------------
  712132 requests in 14.97s, 67.91MB read
  Socket errors: connect 0, read 0, write 0, timeout 4
Requests/sec:  71213.20
Transfer/sec:      6.79MB

STDERR:
[WARNING] script_wrk_connect is not implemented...
Checking for file descriptor...
Got a file descriptor!
Checking for file descriptor...
Got a file descriptor!
Checking for file descriptor...
Got a file descriptor!
Checking for file descriptor...
Got a file descriptor!

