Command: /home/vjabrayilov/machnet/examples/scripts/../../release_build/examples/webclient/webclient http://10.0.0.5:8000/index.html -c 3 -t 3 -R 55000 -d 10 -L -U
Return code: 0
STDOUT:
Running 10s test @ http://10.0.0.5:8000/index.html
  3 threads and 3 connections
[INFO] sock_connect: Connected successfully to 10.0.0.5:8000 and c->thread_start=1751399470296703
[INFO] sock_connect: Connected successfully to 10.0.0.5:8000 and c->thread_start=1751399470296893
[INFO] sock_connect: Connected successfully to 10.0.0.5:8000 and c->thread_start=1751399470297099
  Thread calibration: mean lat.: 0.050ms, rate sampling interval: 10ms
  Thread calibration: mean lat.: 0.050ms, rate sampling interval: 10ms
  Thread calibration: mean lat.: 0.050ms, rate sampling interval: 10ms
  Thread Stats   Avg      Stdev     Max   +/- Stdev
    Latency    50.75us    7.90us 366.00us   97.89%
    Req/Sec    18.41k    33.06    18.90k    97.74%
  Latency Distribution (HdrHistogram - Recorded Latency)
 50.000%   50.00us
 75.000%   50.00us
 90.000%   51.00us
 99.000%   76.00us
 99.900%  157.00us
 99.990%  328.00us
 99.999%  362.00us
100.000%  366.00us

  Detailed Percentile spectrum:
       Value   Percentile   TotalCount 1/(1-Percentile)

      47.000     0.000000           13         1.00
      49.000     0.100000        45418         1.11
      49.000     0.200000        45418         1.25
      50.000     0.300000       136487         1.43
      50.000     0.400000       136487         1.67
      50.000     0.500000       136487         2.00
      50.000     0.550000       136487         2.22
      50.000     0.600000       136487         2.50
      50.000     0.650000       136487         2.86
      50.000     0.700000       136487         3.33
      50.000     0.750000       136487         4.00
      50.000     0.775000       136487         4.44
      50.000     0.800000       136487         5.00
      50.000     0.825000       136487         5.71
      51.000     0.850000       150040         6.67
      51.000     0.875000       150040         8.00
      51.000     0.900000       150040        10.00
      51.000     0.912500       150040        11.43
      52.000     0.925000       152983        13.33
      53.000     0.937500       154733        16.00
      53.000     0.943750       154733        17.78
      54.000     0.950000       156225        20.00
      55.000     0.956250       157591        22.86
      55.000     0.962500       157591        26.67
      56.000     0.968750       158686        32.00
      57.000     0.971875       159336        35.56
      57.000     0.975000       159336        40.00
      59.000     0.978125       159950        45.71
      62.000     0.981250       160472        53.33
      67.000     0.984375       161010        64.00
      69.000     0.987500       161496        80.00
      71.000     0.989063       161622        91.43
      79.000     0.990625       162019       106.67
      80.000     0.992188       162246       128.00
      81.000     0.993750       162441       160.00
      82.000     0.994531       162520       182.86
      84.000     0.995313       162634       213.33
      87.000     0.996094       162774       256.00
      89.000     0.996484       162844       284.44
      92.000     0.996875       162905       320.00
      97.000     0.997266       162956       365.71
     105.000     0.997656       163020       426.67
     113.000     0.998047       163079       512.00
     118.000     0.998242       163114       568.89
     123.000     0.998437       163140       640.00
     131.000     0.998633       163173       731.43
     143.000     0.998828       163203       853.33
     159.000     0.999023       163235      1024.00
     170.000     0.999121       163251      1137.78
     184.000     0.999219       163268      1280.00
     205.000     0.999316       163283      1462.86
     228.000     0.999414       163300      1706.67
     245.000     0.999512       163315      2048.00
     256.000     0.999561       163324      2275.56
     269.000     0.999609       163331      2560.00
     279.000     0.999658       163340      2925.71
     289.000     0.999707       163347      3413.33
     300.000     0.999756       163356      4096.00
     308.000     0.999805       163363      5120.00
     313.000     0.999829       163367      5851.43
     319.000     0.999854       163371      6826.67
     325.000     0.999878       163376      8192.00
     329.000     0.999902       163379     10240.00
     332.000     0.999915       163381     11702.86
     337.000     0.999927       163383     13653.33
     341.000     0.999939       163385     16384.00
     342.000     0.999951       163387     20480.00
     347.000     0.999957       163388     23405.71
     350.000     0.999963       163389     27306.67
     354.000     0.999969       163390     32768.00
     354.000     0.999973       163390     36408.89
     358.000     0.999976       163391     40960.00
     358.000     0.999979       163391     46811.43
     362.000     0.999982       163392     54613.33
     362.000     0.999985       163392     65536.00
     362.000     0.999986       163392     72817.78
     364.000     0.999988       163393     81920.00
     364.000     0.999989       163393     93622.86
     364.000     0.999991       163393    109226.67
     364.000     0.999992       163393    131072.00
     364.000     0.999993       163393    145635.56
     366.000     0.999994       163394    163840.00
     366.000     1.000000       163394          inf
#[Mean    =       50.754, StdDeviation   =        7.903]
#[Max     =      366.000, Total count    =       163394]
#[Buckets =           27, SubBuckets     =         2048]
----------------------------------------------------------

  Latency Distribution (HdrHistogram - Uncorrected Latency (measured without taking delayed starts into account))
 50.000%   48.00us
 75.000%   49.00us
 90.000%   49.00us
 99.000%   55.00us
 99.900%   61.00us
 99.990%  114.00us
 99.999%  158.00us
100.000%  185.00us

  Detailed Percentile spectrum:
       Value   Percentile   TotalCount 1/(1-Percentile)

      47.000     0.000000         7632         1.00
      48.000     0.100000       112318         1.11
      48.000     0.200000       112318         1.25
      48.000     0.300000       112318         1.43
      48.000     0.400000       112318         1.67
      48.000     0.500000       112318         2.00
      48.000     0.550000       112318         2.22
      48.000     0.600000       112318         2.50
      48.000     0.650000       112318         2.86
      49.000     0.700000       151408         3.33
      49.000     0.750000       151408         4.00
      49.000     0.775000       151408         4.44
      49.000     0.800000       151408         5.00
      49.000     0.825000       151408         5.71
      49.000     0.850000       151408         6.67
      49.000     0.875000       151408         8.00
      49.000     0.900000       151408        10.00
      49.000     0.912500       151408        11.43
      49.000     0.925000       151408        13.33
      50.000     0.937500       155972        16.00
      50.000     0.943750       155972        17.78
      50.000     0.950000       155972        20.00
      51.000     0.956250       157543        22.86
      51.000     0.962500       157543        26.67
      52.000     0.968750       158856        32.00
      52.000     0.971875       158856        35.56
      53.000     0.975000       160499        40.00
      53.000     0.978125       160499        45.71
      53.000     0.981250       160499        53.33
      54.000     0.984375       161682        64.00
      54.000     0.987500       161682        80.00
      54.000     0.989063       161682        91.43
      55.000     0.990625       162303       106.67
      55.000     0.992188       162303       128.00
      56.000     0.993750       162702       160.00
      56.000     0.994531       162702       182.86
      56.000     0.995313       162702       213.33
      57.000     0.996094       162892       256.00
      57.000     0.996484       162892       284.44
      57.000     0.996875       162892       320.00
      58.000     0.997266       163011       365.71
      59.000     0.997656       163102       426.67
      59.000     0.998047       163102       512.00
      60.000     0.998242       163185       568.89
      60.000     0.998437       163185       640.00
      60.000     0.998633       163185       731.43
      61.000     0.998828       163242       853.33
      61.000     0.999023       163242      1024.00
      62.000     0.999121       163269      1137.78
      62.000     0.999219       163269      1280.00
      63.000     0.999316       163291      1462.86
      64.000     0.999414       163310      1706.67
      65.000     0.999512       163319      2048.00
      66.000     0.999561       163330      2275.56
      67.000     0.999609       163338      2560.00
      68.000     0.999658       163346      2925.71
      69.000     0.999707       163352      3413.33
      70.000     0.999756       163355      4096.00
      72.000     0.999805       163364      5120.00
      74.000     0.999829       163367      5851.43
      96.000     0.999854       163371      6826.67
     112.000     0.999878       163376      8192.00
     115.000     0.999902       163379     10240.00
     116.000     0.999915       163381     11702.86
     125.000     0.999927       163385     13653.33
     125.000     0.999939       163385     16384.00
     129.000     0.999951       163387     20480.00
     131.000     0.999957       163389     23405.71
     131.000     0.999963       163389     27306.67
     139.000     0.999969       163390     32768.00
     139.000     0.999973       163390     36408.89
     141.000     0.999976       163391     40960.00
     141.000     0.999979       163391     46811.43
     158.000     0.999982       163392     54613.33
     158.000     0.999985       163392     65536.00
     158.000     0.999986       163392     72817.78
     176.000     0.999988       163393     81920.00
     176.000     0.999989       163393     93622.86
     176.000     0.999991       163393    109226.67
     176.000     0.999992       163393    131072.00
     176.000     0.999993       163393    145635.56
     185.000     0.999994       163394    163840.00
     185.000     1.000000       163394          inf
#[Mean    =       48.509, StdDeviation   =        1.672]
#[Max     =      185.000, Total count    =       163394]
#[Buckets =           27, SubBuckets     =         2048]
----------------------------------------------------------
  550002 requests in 13.97s, 52.45MB read
  Socket errors: connect 0, read 0, write 0, timeout 2
Requests/sec:  55000.20
Transfer/sec:      5.25MB

STDERR:
[WARNING] script_wrk_connect is not implemented...
Checking for file descriptor...
Got a file descriptor!
Checking for file descriptor...
Got a file descriptor!
Checking for file descriptor...
Got a file descriptor!

