Command: /home/vjabrayilov/machnet/examples/scripts/../../release_build/examples/webclient/webclient http://10.0.0.5:8000/index.html -c 3 -t 3 -R 45000 -d 10 -L -U
Return code: 0
STDOUT:
Running 10s test @ http://10.0.0.5:8000/index.html
  3 threads and 3 connections
[INFO] sock_connect: Connected successfully to 10.0.0.5:8000 and c->thread_start=1751399442339579
[INFO] sock_connect: Connected successfully to 10.0.0.5:8000 and c->thread_start=1751399442339778
[INFO] sock_connect: Connected successfully to 10.0.0.5:8000 and c->thread_start=1751399442339962
  Thread calibration: mean lat.: 0.056ms, rate sampling interval: 10ms
  Thread calibration: mean lat.: 0.050ms, rate sampling interval: 10ms
  Thread calibration: mean lat.: 0.050ms, rate sampling interval: 10ms
  Thread Stats   Avg      Stdev     Max   +/- Stdev
    Latency    50.39us    4.25us 361.00us   96.97%
    Req/Sec    15.01k    28.94    15.50k    99.55%
  Latency Distribution (HdrHistogram - Recorded Latency)
 50.000%   50.00us
 75.000%   50.00us
 90.000%   51.00us
 99.000%   58.00us
 99.900%   75.00us
 99.990%  279.00us
 99.999%  345.00us
100.000%  361.00us

  Detailed Percentile spectrum:
       Value   Percentile   TotalCount 1/(1-Percentile)

      48.000     0.000000         1067         1.00
      49.000     0.100000        28250         1.11
      49.000     0.200000        28250         1.25
      50.000     0.300000       105223         1.43
      50.000     0.400000       105223         1.67
      50.000     0.500000       105223         2.00
      50.000     0.550000       105223         2.22
      50.000     0.600000       105223         2.50
      50.000     0.650000       105223         2.86
      50.000     0.700000       105223         3.33
      50.000     0.750000       105223         4.00
      50.000     0.775000       105223         4.44
      51.000     0.800000       124234         5.00
      51.000     0.825000       124234         5.71
      51.000     0.850000       124234         6.67
      51.000     0.875000       124234         8.00
      51.000     0.900000       124234        10.00
      51.000     0.912500       124234        11.43
      51.000     0.925000       124234        13.33
      52.000     0.937500       126437        16.00
      52.000     0.943750       126437        17.78
      53.000     0.950000       127438        20.00
      54.000     0.956250       128277        22.86
      55.000     0.962500       129589        26.67
      55.000     0.968750       129589        32.00
      56.000     0.971875       130822        35.56
      56.000     0.975000       130822        40.00
      56.000     0.978125       130822        45.71
      57.000     0.981250       131609        53.33
      57.000     0.984375       131609        64.00
      58.000     0.987500       132494        80.00
      58.000     0.989063       132494        91.43
      58.000     0.990625       132494       106.67
      59.000     0.992188       132881       128.00
      59.000     0.993750       132881       160.00
      60.000     0.994531       133032       182.86
      60.000     0.995313       133032       213.33
      61.000     0.996094       133177       256.00
      61.000     0.996484       133177       284.44
      62.000     0.996875       133269       320.00
      63.000     0.997266       133315       365.71
      64.000     0.997656       133340       426.67
      67.000     0.998047       133386       512.00
      68.000     0.998242       133423       568.89
      69.000     0.998437       133455       640.00
      70.000     0.998633       133466       731.43
      72.000     0.998828       133488       853.33
      76.000     0.999023       133514      1024.00
      82.000     0.999121       133525      1137.78
      89.000     0.999219       133538      1280.00
      98.000     0.999316       133551      1462.86
     109.000     0.999414       133564      1706.67
     119.000     0.999512       133577      2048.00
     126.000     0.999561       133584      2275.56
     134.000     0.999609       133590      2560.00
     141.000     0.999658       133598      2925.71
     154.000     0.999707       133603      3413.33
     187.000     0.999756       133610      4096.00
     212.000     0.999805       133616      5120.00
     229.000     0.999829       133620      5851.43
     245.000     0.999854       133623      6826.67
     262.000     0.999878       133626      8192.00
     279.000     0.999902       133629     10240.00
     292.000     0.999915       133631     11702.86
     304.000     0.999927       133633     13653.33
     308.000     0.999939       133634     16384.00
     319.000     0.999951       133636     20480.00
     325.000     0.999957       133637     23405.71
     326.000     0.999963       133638     27306.67
     326.000     0.999969       133638     32768.00
     329.000     0.999973       133639     36408.89
     329.000     0.999976       133639     40960.00
     340.000     0.999979       133640     46811.43
     340.000     0.999982       133640     54613.33
     340.000     0.999985       133640     65536.00
     345.000     0.999986       133641     72817.78
     345.000     0.999988       133641     81920.00
     345.000     0.999989       133641     93622.86
     345.000     0.999991       133641    109226.67
     345.000     0.999992       133641    131072.00
     361.000     0.999993       133642    145635.56
     361.000     1.000000       133642          inf
#[Mean    =       50.388, StdDeviation   =        4.252]
#[Max     =      361.000, Total count    =       133642]
#[Buckets =           27, SubBuckets     =         2048]
----------------------------------------------------------

  Latency Distribution (HdrHistogram - Uncorrected Latency (measured without taking delayed starts into account))
 50.000%   48.00us
 75.000%   48.00us
 90.000%   49.00us
 99.000%   56.00us
 99.900%   62.00us
 99.990%  109.00us
 99.999%  143.00us
100.000%  161.00us

  Detailed Percentile spectrum:
       Value   Percentile   TotalCount 1/(1-Percentile)

      47.000     0.000000         3720         1.00
      48.000     0.100000       100255         1.11
      48.000     0.200000       100255         1.25
      48.000     0.300000       100255         1.43
      48.000     0.400000       100255         1.67
      48.000     0.500000       100255         2.00
      48.000     0.550000       100255         2.22
      48.000     0.600000       100255         2.50
      48.000     0.650000       100255         2.86
      48.000     0.700000       100255         3.33
      48.000     0.750000       100255         4.00
      49.000     0.775000       124787         4.44
      49.000     0.800000       124787         5.00
      49.000     0.825000       124787         5.71
      49.000     0.850000       124787         6.67
      49.000     0.875000       124787         8.00
      49.000     0.900000       124787        10.00
      49.000     0.912500       124787        11.43
      49.000     0.925000       124787        13.33
      50.000     0.937500       127223        16.00
      50.000     0.943750       127223        17.78
      50.000     0.950000       127223        20.00
      51.000     0.956250       128185        22.86
      52.000     0.962500       128790        26.67
      53.000     0.968750       129857        32.00
      54.000     0.971875       131011        35.56
      54.000     0.975000       131011        40.00
      54.000     0.978125       131011        45.71
      55.000     0.981250       131848        53.33
      55.000     0.984375       131848        64.00
      56.000     0.987500       132669        80.00
      56.000     0.989063       132669        91.43
      56.000     0.990625       132669       106.67
      56.000     0.992188       132669       128.00
      57.000     0.993750       133113       160.00
      57.000     0.994531       133113       182.86
      57.000     0.995313       133113       213.33
      58.000     0.996094       133253       256.00
      58.000     0.996484       133253       284.44
      58.000     0.996875       133253       320.00
      59.000     0.997266       133369       365.71
      59.000     0.997656       133369       426.67
      60.000     0.998047       133461       512.00
      60.000     0.998242       133461       568.89
      60.000     0.998437       133461       640.00
      60.000     0.998633       133461       731.43
      61.000     0.998828       133500       853.33
      62.000     0.999023       133518      1024.00
      63.000     0.999121       133531      1137.78
      64.000     0.999219       133540      1280.00
      66.000     0.999316       133566      1462.86
      66.000     0.999414       133566      1706.67
      67.000     0.999512       133581      2048.00
      68.000     0.999561       133589      2275.56
      69.000     0.999609       133593      2560.00
      70.000     0.999658       133604      2925.71
      70.000     0.999707       133604      3413.33
      72.000     0.999756       133615      4096.00
      73.000     0.999805       133618      5120.00
      75.000     0.999829       133620      5851.43
      81.000     0.999854       133623      6826.67
      88.000     0.999878       133626      8192.00
     109.000     0.999902       133629     10240.00
     115.000     0.999915       133631     11702.86
     123.000     0.999927       133633     13653.33
     125.000     0.999939       133634     16384.00
     131.000     0.999951       133636     20480.00
     133.000     0.999957       133637     23405.71
     139.000     0.999963       133638     27306.67
     139.000     0.999969       133638     32768.00
     140.000     0.999973       133639     36408.89
     140.000     0.999976       133639     40960.00
     141.000     0.999979       133640     46811.43
     141.000     0.999982       133640     54613.33
     141.000     0.999985       133640     65536.00
     143.000     0.999986       133641     72817.78
     143.000     0.999988       133641     81920.00
     143.000     0.999989       133641     93622.86
     143.000     0.999991       133641    109226.67
     143.000     0.999992       133641    131072.00
     161.000     0.999993       133642    145635.56
     161.000     1.000000       133642          inf
#[Mean    =       48.506, StdDeviation   =        1.769]
#[Max     =      161.000, Total count    =       133642]
#[Buckets =           27, SubBuckets     =         2048]
----------------------------------------------------------
  450003 requests in 13.97s, 42.92MB read
  Socket errors: connect 0, read 0, write 0, timeout 2
Requests/sec:  45000.30
Transfer/sec:      4.29MB

STDERR:
[WARNING] script_wrk_connect is not implemented...
Checking for file descriptor...
Got a file descriptor!
Checking for file descriptor...
Got a file descriptor!
Checking for file descriptor...
Got a file descriptor!

