Command: /tmp/wrk2/wrk http://10.10.1.1:8000/index.html -c 32 -t 1 -R 20000 -d 10 -L -U
Return code: 0
STDOUT:
Running 10s test @ http://10.10.1.1:8000/index.html
  1 threads and 32 connections
  Thread Stats   Avg      Stdev     Max   +/- Stdev
    Latency   1650.20u  739.47us8704.00us   65.52%
    Req/Sec       -nan      -nan   0.00      0.00%
  Latency Distribution (HdrHistogram - Recorded Latency)
 50.000% 1557.00us
 75.000% 2127.00us
 90.000% 2733.00us
 99.000% 3377.00us
 99.900% 4583.00us
 99.990% 6051.00us
 99.999% 8131.00us
100.000% 8711.00us

  Detailed Percentile spectrum:
       Value   Percentile   TotalCount 1/(1-Percentile)

     155.000     0.000000            1         1.00
     754.000     0.100000        18048         1.11
     983.000     0.200000        36029         1.25
    1186.000     0.300000        54052         1.43
    1375.000     0.400000        72031         1.67
    1557.000     0.500000        90021         2.00
    1645.000     0.550000        98977         2.22
    1741.000     0.600000       108032         2.50
    1848.000     0.650000       117033         2.86
    1973.000     0.700000       125994         3.33
    2127.000     0.750000       134969         4.00
    2213.000     0.775000       139541         4.44
    2307.000     0.800000       144018         5.00
    2409.000     0.825000       148542         5.71
    2509.000     0.850000       152966         6.67
    2619.000     0.875000       157484         8.00
    2673.000     0.887500       159699         8.89
    2733.000     0.900000       161992        10.00
    2797.000     0.912500       164235        11.43
    2863.000     0.925000       166459        13.33
    2933.000     0.937500       168706        16.00
    2971.000     0.943750       169821        17.78
    3013.000     0.950000       170970        20.00
    3055.000     0.956250       172078        22.86
    3101.000     0.962500       173246        26.67
    3149.000     0.968750       174353        32.00
    3173.000     0.971875       174887        35.56
    3203.000     0.975000       175470        40.00
    3233.000     0.978125       176030        45.71
    3263.000     0.981250       176575        53.33
    3299.000     0.984375       177157        64.00
    3319.000     0.985938       177431        71.11
    3341.000     0.987500       177722        80.00
    3363.000     0.989062       177987        91.43
    3389.000     0.990625       178264       106.67
    3421.000     0.992188       178545       128.00
    3441.000     0.992969       178686       142.22
    3461.000     0.993750       178821       160.00
    3487.000     0.994531       178964       182.86
    3519.000     0.995313       179106       213.33
    3557.000     0.996094       179241       256.00
    3581.000     0.996484       179310       284.44
    3619.000     0.996875       179381       320.00
    3661.000     0.997266       179449       365.71
    3737.000     0.997656       179522       426.67
    3895.000     0.998047       179593       512.00
    4049.000     0.998242       179625       568.89
    4159.000     0.998437       179660       640.00
    4279.000     0.998633       179696       731.43
    4455.000     0.998828       179732       853.33
    4619.000     0.999023       179769      1024.00
    4679.000     0.999121       179784      1137.78
    4771.000     0.999219       179801      1280.00
    4843.000     0.999316       179818      1462.86
    4935.000     0.999414       179836      1706.67
    5083.000     0.999512       179854      2048.00
    5151.000     0.999561       179862      2275.56
    5247.000     0.999609       179871      2560.00
    5335.000     0.999658       179880      2925.71
    5467.000     0.999707       179889      3413.33
    5615.000     0.999756       179898      4096.00
    5667.000     0.999780       179902      4551.11
    5755.000     0.999805       179906      5120.00
    5843.000     0.999829       179911      5851.43
    5907.000     0.999854       179915      6826.67
    6011.000     0.999878       179920      8192.00
    6031.000     0.999890       179922      9102.22
    6051.000     0.999902       179924     10240.00
    6271.000     0.999915       179926     11702.86
    6451.000     0.999927       179928     13653.33
    6767.000     0.999939       179931     16384.00
    6911.000     0.999945       179932     18204.44
    7231.000     0.999951       179933     20480.00
    7379.000     0.999957       179934     23405.71
    7395.000     0.999963       179935     27306.67
    7411.000     0.999969       179936     32768.00
    7555.000     0.999973       179937     36408.89
    7555.000     0.999976       179937     40960.00
    7659.000     0.999979       179938     46811.43
    7659.000     0.999982       179938     54613.33
    8131.000     0.999985       179939     65536.00
    8131.000     0.999986       179939     72817.78
    8131.000     0.999988       179939     81920.00
    8139.000     0.999989       179940     93622.86
    8139.000     0.999991       179940    109226.67
    8139.000     0.999992       179940    131072.00
    8139.000     0.999993       179940    145635.56
    8139.000     0.999994       179940    163840.00
    8711.000     0.999995       179941    187245.71
    8711.000     1.000000       179941          inf
#[Mean    =     1650.202, StdDeviation   =      739.473]
#[Max     =     8704.000, Total count    =       179941]
#[Buckets =           27, SubBuckets     =         2048]
----------------------------------------------------------

  Latency Distribution (HdrHistogram - Uncorrected Latency (measured without taking delayed starts into account))
 50.000%  741.00us
 75.000%  947.00us
 90.000% 1138.00us
 99.000% 1441.00us
 99.900% 1853.00us
 99.990% 2091.00us
 99.999% 7055.00us
100.000% 8399.00us

  Detailed Percentile spectrum:
       Value   Percentile   TotalCount 1/(1-Percentile)

      88.000     0.000000            1         1.00
     437.000     0.100000        18068         1.11
     529.000     0.200000        36142         1.25
     603.000     0.300000        54214         1.43
     672.000     0.400000        72175         1.67
     741.000     0.500000        90030         2.00
     777.000     0.550000        99017         2.22
     814.000     0.600000       107969         2.50
     854.000     0.650000       117090         2.86
     898.000     0.700000       126091         3.33
     947.000     0.750000       135004         4.00
     974.000     0.775000       139619         4.44
    1002.000     0.800000       144102         5.00
    1031.000     0.825000       148479         5.71
    1063.000     0.850000       152969         6.67
    1099.000     0.875000       157530         8.00
    1118.000     0.887500       159798         8.89
    1138.000     0.900000       162016        10.00
    1159.000     0.912500       164264        11.43
    1182.000     0.925000       166506        13.33
    1208.000     0.937500       168739        16.00
    1222.000     0.943750       169845        17.78
    1237.000     0.950000       170975        20.00
    1254.000     0.956250       172132        22.86
    1273.000     0.962500       173241        26.67
    1295.000     0.968750       174379        32.00
    1308.000     0.971875       174918        35.56
    1323.000     0.975000       175468        40.00
    1339.000     0.978125       176019        45.71
    1359.000     0.981250       176582        53.33
    1381.000     0.984375       177133        64.00
    1396.000     0.985938       177436        71.11
    1411.000     0.987500       177707        80.00
    1430.000     0.989062       177985        91.43
    1450.000     0.990625       178268       106.67
    1475.000     0.992188       178538       128.00
    1496.000     0.992969       178685       142.22
    1515.000     0.993750       178823       160.00
    1539.000     0.994531       178960       182.86
    1570.000     0.995313       179100       213.33
    1600.000     0.996094       179240       256.00
    1618.000     0.996484       179312       284.44
    1637.000     0.996875       179382       320.00
    1662.000     0.997266       179450       365.71
    1691.000     0.997656       179520       426.67
    1721.000     0.998047       179590       512.00
    1739.000     0.998242       179626       568.89
    1764.000     0.998437       179660       640.00
    1795.000     0.998633       179695       731.43
    1828.000     0.998828       179732       853.33
    1858.000     0.999023       179766      1024.00
    1877.000     0.999121       179785      1137.78
    1892.000     0.999219       179801      1280.00
    1907.000     0.999316       179818      1462.86
    1920.000     0.999414       179836      1706.67
    1938.000     0.999512       179854      2048.00
    1948.000     0.999561       179865      2275.56
    1955.000     0.999609       179872      2560.00
    1966.000     0.999658       179881      2925.71
    1976.000     0.999707       179889      3413.33
    1993.000     0.999756       179898      4096.00
    2000.000     0.999780       179902      4551.11
    2003.000     0.999805       179906      5120.00
    2017.000     0.999829       179911      5851.43
    2047.000     0.999854       179915      6826.67
    2075.000     0.999878       179920      8192.00
    2079.000     0.999890       179922      9102.22
    2107.000     0.999902       179924     10240.00
    2129.000     0.999915       179927     11702.86
    2149.000     0.999927       179928     13653.33
    2843.000     0.999939       179931     16384.00
    3289.000     0.999945       179932     18204.44
    3759.000     0.999951       179933     20480.00
    4347.000     0.999957       179934     23405.71
    4931.000     0.999963       179935     27306.67
    5355.000     0.999969       179936     32768.00
    5967.000     0.999973       179937     36408.89
    5967.000     0.999976       179937     40960.00
    6595.000     0.999979       179938     46811.43
    6595.000     0.999982       179938     54613.33
    7055.000     0.999985       179939     65536.00
    7055.000     0.999986       179939     72817.78
    7055.000     0.999988       179939     81920.00
    7723.000     0.999989       179940     93622.86
    7723.000     0.999991       179940    109226.67
    7723.000     0.999992       179940    131072.00
    7723.000     0.999993       179940    145635.56
    7723.000     0.999994       179940    163840.00
    8399.000     0.999995       179941    187245.71
    8399.000     1.000000       179941          inf
#[Mean    =      767.418, StdDeviation   =      272.618]
#[Max     =     8392.000, Total count    =       179941]
#[Buckets =           27, SubBuckets     =         2048]
----------------------------------------------------------
  179947 requests in 10.00s, 15.10MB read
Requests/sec:  17993.16
Transfer/sec:      1.51MB

