Command: /tmp/wrk2/wrk http://10.10.1.1:8000/index.html -c 32 -t 1 -R 1000 -d 10 -L -U
Return code: 0
STDOUT:
Running 10s test @ http://10.10.1.1:8000/index.html
  1 threads and 32 connections
  Thread Stats   Avg      Stdev     Max   +/- Stdev
    Latency   1293.71u  450.99us2654.00us   63.48%
    Req/Sec       -nan      -nan   0.00      0.00%
  Latency Distribution (HdrHistogram - Recorded Latency)
 50.000% 1259.00us
 75.000% 1627.00us
 90.000% 1917.00us
 99.000% 2319.00us
 99.900% 2555.00us
 99.990% 2653.00us
 99.999% 2655.00us
100.000% 2655.00us

  Detailed Percentile spectrum:
       Value   Percentile   TotalCount 1/(1-Percentile)

     254.000     0.000000            1         1.00
     722.000     0.100000          999         1.11
     866.000     0.200000         1988         1.25
     999.000     0.300000         2983         1.43
    1125.000     0.400000         3975         1.67
    1259.000     0.500000         4976         2.00
    1334.000     0.550000         5466         2.22
    1407.000     0.600000         5964         2.50
    1474.000     0.650000         6469         2.86
    1543.000     0.700000         6956         3.33
    1627.000     0.750000         7457         4.00
    1670.000     0.775000         7703         4.44
    1716.000     0.800000         7959         5.00
    1762.000     0.825000         8200         5.71
    1811.000     0.850000         8451         6.67
    1859.000     0.875000         8698         8.00
    1891.000     0.887500         8821         8.89
    1918.000     0.900000         8953        10.00
    1945.000     0.912500         9069        11.43
    1981.000     0.925000         9191        13.33
    2022.000     0.937500         9315        16.00
    2038.000     0.943750         9381        17.78
    2059.000     0.950000         9446        20.00
    2083.000     0.956250         9502        22.86
    2115.000     0.962500         9565        26.67
    2163.000     0.968750         9629        32.00
    2183.000     0.971875         9659        35.56
    2201.000     0.975000         9688        40.00
    2223.000     0.978125         9720        45.71
    2247.000     0.981250         9753        53.33
    2271.000     0.984375         9783        64.00
    2281.000     0.985938         9799        71.11
    2293.000     0.987500         9812        80.00
    2313.000     0.989062         9829        91.43
    2323.000     0.990625         9843       106.67
    2343.000     0.992188         9859       128.00
    2357.000     0.992969         9870       142.22
    2365.000     0.993750         9875       160.00
    2385.000     0.994531         9883       182.86
    2395.000     0.995313         9891       213.33
    2413.000     0.996094         9898       256.00
    2433.000     0.996484         9902       284.44
    2443.000     0.996875         9906       320.00
    2449.000     0.997266         9909       365.71
    2479.000     0.997656         9913       426.67
    2509.000     0.998047         9918       512.00
    2511.000     0.998242         9919       568.89
    2517.000     0.998437         9921       640.00
    2541.000     0.998633         9924       731.43
    2553.000     0.998828         9925       853.33
    2557.000     0.999023         9927      1024.00
    2565.000     0.999121         9928      1137.78
    2577.000     0.999219         9929      1280.00
    2589.000     0.999316         9930      1462.86
    2597.000     0.999414         9931      1706.67
    2599.000     0.999512         9932      2048.00
    2599.000     0.999561         9932      2275.56
    2609.000     0.999609         9933      2560.00
    2609.000     0.999658         9933      2925.71
    2613.000     0.999707         9934      3413.33
    2613.000     0.999756         9934      4096.00
    2613.000     0.999780         9934      4551.11
    2653.000     0.999805         9935      5120.00
    2653.000     0.999829         9935      5851.43
    2653.000     0.999854         9935      6826.67
    2653.000     0.999878         9935      8192.00
    2653.000     0.999890         9935      9102.22
    2655.000     0.999902         9936     10240.00
    2655.000     1.000000         9936          inf
#[Mean    =     1293.709, StdDeviation   =      450.986]
#[Max     =     2654.000, Total count    =         9936]
#[Buckets =           27, SubBuckets     =         2048]
----------------------------------------------------------

  Latency Distribution (HdrHistogram - Uncorrected Latency (measured without taking delayed starts into account))
 50.000%  507.00us
 75.000%  594.00us
 90.000%  634.00us
 99.000%  687.00us
 99.900%  719.00us
 99.990%  733.00us
 99.999%  752.00us
100.000%  752.00us

  Detailed Percentile spectrum:
       Value   Percentile   TotalCount 1/(1-Percentile)

     143.000     0.000000            1         1.00
     391.000     0.100000         1024         1.11
     425.000     0.200000         2008         1.25
     467.000     0.300000         3000         1.43
     489.000     0.400000         3993         1.67
     507.000     0.500000         4985         2.00
     519.000     0.550000         5480         2.22
     538.000     0.600000         5987         2.50
     558.000     0.650000         6488         2.86
     578.000     0.700000         6961         3.33
     594.000     0.750000         7467         4.00
     601.000     0.775000         7722         4.44
     606.000     0.800000         7956         5.00
     613.000     0.825000         8240         5.71
     619.000     0.850000         8494         6.67
     625.000     0.875000         8713         8.00
     630.000     0.887500         8842         8.89
     634.000     0.900000         8943        10.00
     640.000     0.912500         9080        11.43
     645.000     0.925000         9193        13.33
     650.000     0.937500         9320        16.00
     653.000     0.943750         9388        17.78
     656.000     0.950000         9440        20.00
     660.000     0.956250         9522        22.86
     663.000     0.962500         9578        26.67
     667.000     0.968750         9630        32.00
     669.000     0.971875         9664        35.56
     672.000     0.975000         9697        40.00
     675.000     0.978125         9735        45.71
     677.000     0.981250         9758        53.33
     680.000     0.984375         9783        64.00
     682.000     0.985938         9797        71.11
     684.000     0.987500         9813        80.00
     686.000     0.989062         9835        91.43
     688.000     0.990625         9845       106.67
     691.000     0.992188         9861       128.00
     694.000     0.992969         9872       142.22
     696.000     0.993750         9876       160.00
     698.000     0.994531         9888       182.86
     699.000     0.995313         9890       213.33
     704.000     0.996094         9899       256.00
     705.000     0.996484         9903       284.44
     706.000     0.996875         9906       320.00
     707.000     0.997266         9910       365.71
     709.000     0.997656         9913       426.67
     712.000     0.998047         9918       512.00
     713.000     0.998242         9919       568.89
     715.000     0.998437         9922       640.00
     716.000     0.998633         9923       731.43
     718.000     0.998828         9925       853.33
     721.000     0.999023         9928      1024.00
     721.000     0.999121         9928      1137.78
     722.000     0.999219         9929      1280.00
     723.000     0.999316         9930      1462.86
     727.000     0.999414         9932      1706.67
     727.000     0.999512         9932      2048.00
     727.000     0.999561         9932      2275.56
     728.000     0.999609         9933      2560.00
     728.000     0.999658         9933      2925.71
     729.000     0.999707         9934      3413.33
     729.000     0.999756         9934      4096.00
     729.000     0.999780         9934      4551.11
     733.000     0.999805         9935      5120.00
     733.000     0.999829         9935      5851.43
     733.000     0.999854         9935      6826.67
     733.000     0.999878         9935      8192.00
     733.000     0.999890         9935      9102.22
     752.000     0.999902         9936     10240.00
     752.000     1.000000         9936          inf
#[Mean    =      511.212, StdDeviation   =       97.963]
#[Max     =      752.000, Total count    =         9936]
#[Buckets =           27, SubBuckets     =         2048]
----------------------------------------------------------
  9937 requests in 10.00s, 853.96KB read
Requests/sec:    993.65
Transfer/sec:     85.39KB

