Command: /tmp/wrk2/wrk http://10.10.1.1:8000/index.html -c 32 -t 1 -R 40000 -d 10 -L -U
Return code: 0
STDOUT:
Running 10s test @ http://10.10.1.1:8000/index.html
  1 threads and 32 connections
  Thread Stats   Avg      Stdev     Max   +/- Stdev
    Latency   1059.64u  542.23us5092.00us   71.24%
    Req/Sec       -nan      -nan   0.00      0.00%
  Latency Distribution (HdrHistogram - Recorded Latency)
 50.000%  955.00us
 75.000% 1357.00us
 90.000% 1785.00us
 99.000% 2699.00us
 99.900% 3429.00us
 99.990% 4491.00us
 99.999% 4999.00us
100.000% 5095.00us

  Detailed Percentile spectrum:
       Value   Percentile   TotalCount 1/(1-Percentile)

      81.000     0.000000            1         1.00
     460.000     0.100000        39767         1.11
     591.000     0.200000        79484         1.25
     714.000     0.300000       119187         1.43
     831.000     0.400000       158857         1.67
     955.000     0.500000       198685         2.00
    1021.000     0.550000       218383         2.22
    1095.000     0.600000       238219         2.50
    1175.000     0.650000       258120         2.86
    1262.000     0.700000       277921         3.33
    1357.000     0.750000       297642         4.00
    1407.000     0.775000       307659         4.44
    1461.000     0.800000       317558         5.00
    1521.000     0.825000       327387         5.71
    1590.000     0.850000       337319         6.67
    1677.000     0.875000       347265         8.00
    1726.000     0.887500       352171         8.89
    1785.000     0.900000       357185        10.00
    1855.000     0.912500       362150        11.43
    1934.000     0.925000       367059        13.33
    2029.000     0.937500       372010        16.00
    2081.000     0.943750       374484        17.78
    2141.000     0.950000       377033        20.00
    2199.000     0.956250       379503        22.86
    2269.000     0.962500       381971        26.67
    2345.000     0.968750       384443        32.00
    2385.000     0.971875       385673        35.56
    2429.000     0.975000       386913        40.00
    2475.000     0.978125       388174        45.71
    2525.000     0.981250       389373        53.33
    2579.000     0.984375       390612        64.00
    2611.000     0.985938       391250        71.11
    2645.000     0.987500       391875        80.00
    2679.000     0.989062       392496        91.43
    2715.000     0.990625       393093       106.67
    2761.000     0.992188       393713       128.00
    2787.000     0.992969       394033       142.22
    2813.000     0.993750       394329       160.00
    2845.000     0.994531       394653       182.86
    2879.000     0.995313       394958       213.33
    2919.000     0.996094       395272       256.00
    2941.000     0.996484       395417       284.44
    2969.000     0.996875       395568       320.00
    3005.000     0.997266       395724       365.71
    3049.000     0.997656       395877       426.67
    3103.000     0.998047       396035       512.00
    3139.000     0.998242       396108       568.89
    3185.000     0.998437       396185       640.00
    3245.000     0.998633       396262       731.43
    3327.000     0.998828       396339       853.33
    3439.000     0.999023       396417      1024.00
    3509.000     0.999121       396456      1137.78
    3565.000     0.999219       396495      1280.00
    3655.000     0.999316       396533      1462.86
    3741.000     0.999414       396572      1706.67
    3841.000     0.999512       396611      2048.00
    3901.000     0.999561       396630      2275.56
    3959.000     0.999609       396649      2560.00
    3989.000     0.999658       396669      2925.71
    4075.000     0.999707       396688      3413.33
    4155.000     0.999756       396708      4096.00
    4199.000     0.999780       396717      4551.11
    4243.000     0.999805       396727      5120.00
    4315.000     0.999829       396738      5851.43
    4355.000     0.999854       396746      6826.67
    4411.000     0.999878       396756      8192.00
    4467.000     0.999890       396761      9102.22
    4519.000     0.999902       396767     10240.00
    4595.000     0.999915       396772     11702.86
    4619.000     0.999927       396775     13653.33
    4675.000     0.999939       396780     16384.00
    4707.000     0.999945       396784     18204.44
    4727.000     0.999951       396785     20480.00
    4763.000     0.999957       396788     23405.71
    4831.000     0.999963       396790     27306.67
    4839.000     0.999969       396792     32768.00
    4883.000     0.999973       396794     36408.89
    4919.000     0.999976       396796     40960.00
    4919.000     0.999979       396796     46811.43
    4963.000     0.999982       396798     54613.33
    4963.000     0.999985       396798     65536.00
    4971.000     0.999986       396799     72817.78
    4999.000     0.999988       396800     81920.00
    4999.000     0.999989       396800     93622.86
    5019.000     0.999991       396801    109226.67
    5019.000     0.999992       396801    131072.00
    5039.000     0.999993       396802    145635.56
    5039.000     0.999994       396802    163840.00
    5039.000     0.999995       396802    187245.71
    5071.000     0.999995       396803    218453.33
    5071.000     0.999996       396803    262144.00
    5071.000     0.999997       396803    291271.11
    5071.000     0.999997       396803    327680.00
    5071.000     0.999997       396803    374491.43
    5095.000     0.999998       396804    436906.67
    5095.000     1.000000       396804          inf
#[Mean    =     1059.637, StdDeviation   =      542.227]
#[Max     =     5092.000, Total count    =       396804]
#[Buckets =           27, SubBuckets     =         2048]
----------------------------------------------------------

  Latency Distribution (HdrHistogram - Uncorrected Latency (measured without taking delayed starts into account))
 50.000%  408.00us
 75.000%  504.00us
 90.000%  605.00us
 99.000%  856.00us
 99.900% 1294.00us
 99.990% 2022.00us
 99.999% 3565.00us
100.000% 3575.00us

  Detailed Percentile spectrum:
       Value   Percentile   TotalCount 1/(1-Percentile)

      56.000     0.000000            2         1.00
     252.000     0.100000        39993         1.11
     295.000     0.200000        79617         1.25
     335.000     0.300000       119510         1.43
     373.000     0.400000       159337         1.67
     408.000     0.500000       199006         2.00
     425.000     0.550000       218700         2.22
     443.000     0.600000       238556         2.50
     462.000     0.650000       258729         2.86
     482.000     0.700000       278472         3.33
     504.000     0.750000       298129         4.00
     516.000     0.775000       307817         4.44
     530.000     0.800000       318053         5.00
     544.000     0.825000       327406         5.71
     561.000     0.850000       337329         6.67
     582.000     0.875000       347558         8.00
     593.000     0.887500       352364         8.89
     605.000     0.900000       357182        10.00
     619.000     0.912500       362084        11.43
     635.000     0.925000       367076        13.33
     655.000     0.937500       372092        16.00
     666.000     0.943750       374536        17.78
     679.000     0.950000       377118        20.00
     693.000     0.956250       379539        22.86
     710.000     0.962500       381995        26.67
     729.000     0.968750       384405        32.00
     741.000     0.971875       385723        35.56
     754.000     0.975000       386951        40.00
     768.000     0.978125       388130        45.71
     786.000     0.981250       389424        53.33
     805.000     0.984375       390613        64.00
     817.000     0.985938       391246        71.11
     831.000     0.987500       391882        80.00
     846.000     0.989062       392488        91.43
     865.000     0.990625       393102       106.67
     887.000     0.992188       393704       128.00
     899.000     0.992969       394023       142.22
     913.000     0.993750       394338       160.00
     930.000     0.994531       394650       182.86
     949.000     0.995313       394945       213.33
     972.000     0.996094       395256       256.00
     986.000     0.996484       395424       284.44
    1003.000     0.996875       395564       320.00
    1024.000     0.997266       395719       365.71
    1050.000     0.997656       395878       426.67
    1085.000     0.998047       396029       512.00
    1110.000     0.998242       396107       568.89
    1141.000     0.998437       396184       640.00
    1176.000     0.998633       396263       731.43
    1231.000     0.998828       396339       853.33
    1308.000     0.999023       396418      1024.00
    1366.000     0.999121       396456      1137.78
    1406.000     0.999219       396494      1280.00
    1478.000     0.999316       396533      1462.86
    1519.000     0.999414       396574      1706.67
    1559.000     0.999512       396611      2048.00
    1589.000     0.999561       396630      2275.56
    1629.000     0.999609       396649      2560.00
    1686.000     0.999658       396669      2925.71
    1747.000     0.999707       396688      3413.33
    1805.000     0.999756       396708      4096.00
    1840.000     0.999780       396717      4551.11
    1880.000     0.999805       396727      5120.00
    1917.000     0.999829       396738      5851.43
    1939.000     0.999854       396746      6826.67
    1976.000     0.999878       396756      8192.00
    2007.000     0.999890       396761      9102.22
    2028.000     0.999902       396766     10240.00
    2053.000     0.999915       396771     11702.86
    2067.000     0.999927       396775     13653.33
    2127.000     0.999939       396780     16384.00
    2145.000     0.999945       396783     18204.44
    2149.000     0.999951       396785     20480.00
    2227.000     0.999957       396788     23405.71
    2243.000     0.999963       396790     27306.67
    2249.000     0.999969       396792     32768.00
    2255.000     0.999973       396794     36408.89
    2279.000     0.999976       396795     40960.00
    2295.000     0.999979       396796     46811.43
    2321.000     0.999982       396797     54613.33
    2325.000     0.999985       396798     65536.00
    3381.000     0.999986       396799     72817.78
    3565.000     0.999988       396802     81920.00
    3565.000     0.999989       396802     93622.86
    3565.000     0.999991       396802    109226.67
    3565.000     0.999992       396802    131072.00
    3565.000     0.999993       396802    145635.56
    3565.000     0.999994       396802    163840.00
    3565.000     0.999995       396802    187245.71
    3575.000     0.999995       396804    218453.33
    3575.000     1.000000       396804          inf
#[Mean    =      422.145, StdDeviation   =      148.981]
#[Max     =     3574.000, Total count    =       396804]
#[Buckets =           27, SubBuckets     =         2048]
----------------------------------------------------------
  396822 requests in 10.00s, 33.30MB read
Requests/sec:  39681.41
Transfer/sec:      3.33MB

