Command: /tmp/wrk2/wrk http://10.10.1.1:8000/index.html -c 32 -t 1 -R 8000 -d 10 -L -U
Return code: 0
STDOUT:
Running 10s test @ http://10.10.1.1:8000/index.html
  1 threads and 32 connections
  Thread Stats   Avg      Stdev     Max   +/- Stdev
    Latency   1595.77u  659.94us7284.00us   65.55%
    Req/Sec       -nan      -nan   0.00      0.00%
  Latency Distribution (HdrHistogram - Recorded Latency)
 50.000% 1490.00us
 75.000% 2037.00us
 90.000% 2569.00us
 99.000% 3197.00us
 99.900% 3495.00us
 99.990% 3721.00us
 99.999% 3779.00us
100.000% 7287.00us

  Detailed Percentile spectrum:
       Value   Percentile   TotalCount 1/(1-Percentile)

     220.000     0.000000            1         1.00
     797.000     0.100000         7943         1.11
    1002.000     0.200000        15898         1.25
    1178.000     0.300000        23851         1.43
    1309.000     0.400000        31758         1.67
    1490.000     0.500000        39703         2.00
    1593.000     0.550000        43687         2.22
    1700.000     0.600000        47649         2.50
    1793.000     0.650000        51622         2.86
    1900.000     0.700000        55585         3.33
    2037.000     0.750000        59552         4.00
    2115.000     0.775000        61545         4.44
    2193.000     0.800000        63530         5.00
    2269.000     0.825000        65515         5.71
    2361.000     0.850000        67502         6.67
    2469.000     0.875000        69501         8.00
    2519.000     0.887500        70483         8.89
    2571.000     0.900000        71464        10.00
    2631.000     0.912500        72433        11.43
    2695.000     0.925000        73437        13.33
    2759.000     0.937500        74457        16.00
    2789.000     0.943750        74917        17.78
    2821.000     0.950000        75437        20.00
    2855.000     0.956250        75924        22.86
    2893.000     0.962500        76401        26.67
    2947.000     0.968750        76903        32.00
    2981.000     0.971875        77144        35.56
    3015.000     0.975000        77401        40.00
    3057.000     0.978125        77640        45.71
    3097.000     0.981250        77897        53.33
    3135.000     0.984375        78147        64.00
    3151.000     0.985938        78265        71.11
    3167.000     0.987500        78386        80.00
    3185.000     0.989062        78513        91.43
    3205.000     0.990625        78642       106.67
    3227.000     0.992188        78764       128.00
    3237.000     0.992969        78819       142.22
    3249.000     0.993750        78884       160.00
    3263.000     0.994531        78947       182.86
    3277.000     0.995313        79006       213.33
    3299.000     0.996094        79068       256.00
    3317.000     0.996484        79100       284.44
    3331.000     0.996875        79132       320.00
    3341.000     0.997266        79163       365.71
    3355.000     0.997656        79191       426.67
    3377.000     0.998047        79221       512.00
    3399.000     0.998242        79239       568.89
    3423.000     0.998437        79252       640.00
    3445.000     0.998633        79269       731.43
    3473.000     0.998828        79285       853.33
    3501.000     0.999023        79299      1024.00
    3509.000     0.999121        79308      1137.78
    3541.000     0.999219        79316      1280.00
    3551.000     0.999316        79323      1462.86
    3575.000     0.999414        79331      1706.67
    3597.000     0.999512        79339      2048.00
    3605.000     0.999561        79342      2275.56
    3611.000     0.999609        79346      2560.00
    3619.000     0.999658        79349      2925.71
    3639.000     0.999707        79354      3413.33
    3647.000     0.999756        79357      4096.00
    3655.000     0.999780        79359      4551.11
    3661.000     0.999805        79361      5120.00
    3677.000     0.999829        79363      5851.43
    3693.000     0.999854        79365      6826.67
    3711.000     0.999878        79367      8192.00
    3721.000     0.999890        79368      9102.22
    3723.000     0.999902        79369     10240.00
    3731.000     0.999915        79371     11702.86
    3731.000     0.999927        79371     13653.33
    3743.000     0.999939        79372     16384.00
    3743.000     0.999945        79372     18204.44
    3745.000     0.999951        79373     20480.00
    3745.000     0.999957        79373     23405.71
    3751.000     0.999963        79374     27306.67
    3751.000     0.999969        79374     32768.00
    3751.000     0.999973        79374     36408.89
    3779.000     0.999976        79375     40960.00
    3779.000     0.999979        79375     46811.43
    3779.000     0.999982        79375     54613.33
    3779.000     0.999985        79375     65536.00
    3779.000     0.999986        79375     72817.78
    7287.000     0.999988        79376     81920.00
    7287.000     1.000000        79376          inf
#[Mean    =     1595.771, StdDeviation   =      659.945]
#[Max     =     7284.000, Total count    =        79376]
#[Buckets =           27, SubBuckets     =         2048]
----------------------------------------------------------

  Latency Distribution (HdrHistogram - Uncorrected Latency (measured without taking delayed starts into account))
 50.000%  811.00us
 75.000% 1010.00us
 90.000% 1134.00us
 99.000% 1294.00us
 99.900% 1405.00us
 99.990% 1472.00us
 99.999% 2613.00us
100.000% 6963.00us

  Detailed Percentile spectrum:
       Value   Percentile   TotalCount 1/(1-Percentile)

      99.000     0.000000            1         1.00
     486.000     0.100000         7965         1.11
     570.000     0.200000        15888         1.25
     647.000     0.300000        23834         1.43
     727.000     0.400000        31862         1.67
     811.000     0.500000        39775         2.00
     853.000     0.550000        43761         2.22
     893.000     0.600000        47685         2.50
     932.000     0.650000        51601         2.86
     972.000     0.700000        55582         3.33
    1010.000     0.750000        59580         4.00
    1029.000     0.775000        61549         4.44
    1049.000     0.800000        63606         5.00
    1068.000     0.825000        65503         5.71
    1089.000     0.850000        67533         6.67
    1111.000     0.875000        69516         8.00
    1121.000     0.887500        70447         8.89
    1134.000     0.900000        71508        10.00
    1147.000     0.912500        72488        11.43
    1160.000     0.925000        73437        13.33
    1176.000     0.937500        74428        16.00
    1185.000     0.943750        74955        17.78
    1193.000     0.950000        75408        20.00
    1204.000     0.956250        75924        22.86
    1215.000     0.962500        76403        26.67
    1229.000     0.968750        76942        32.00
    1235.000     0.971875        77152        35.56
    1243.000     0.975000        77419        40.00
    1250.000     0.978125        77647        45.71
    1259.000     0.981250        77889        53.33
    1270.000     0.984375        78143        64.00
    1276.000     0.985938        78279        71.11
    1282.000     0.987500        78400        80.00
    1289.000     0.989062        78508        91.43
    1297.000     0.990625        78636       106.67
    1306.000     0.992188        78761       128.00
    1311.000     0.992969        78832       142.22
    1315.000     0.993750        78885       160.00
    1321.000     0.994531        78944       182.86
    1328.000     0.995313        79004       213.33
    1339.000     0.996094        79071       256.00
    1343.000     0.996484        79097       284.44
    1349.000     0.996875        79132       320.00
    1354.000     0.997266        79159       365.71
    1363.000     0.997656        79195       426.67
    1371.000     0.998047        79221       512.00
    1377.000     0.998242        79239       568.89
    1383.000     0.998437        79255       640.00
    1391.000     0.998633        79271       731.43
    1397.000     0.998828        79284       853.33
    1406.000     0.999023        79301      1024.00
    1415.000     0.999121        79310      1137.78
    1419.000     0.999219        79314      1280.00
    1424.000     0.999316        79322      1462.86
    1432.000     0.999414        79330      1706.67
    1439.000     0.999512        79340      2048.00
    1441.000     0.999561        79342      2275.56
    1444.000     0.999609        79345      2560.00
    1447.000     0.999658        79349      2925.71
    1449.000     0.999707        79353      3413.33
    1452.000     0.999756        79357      4096.00
    1456.000     0.999780        79359      4551.11
    1462.000     0.999805        79362      5120.00
    1467.000     0.999829        79363      5851.43
    1469.000     0.999854        79366      6826.67
    1471.000     0.999878        79367      8192.00
    1472.000     0.999890        79368      9102.22
    1482.000     0.999902        79370     10240.00
    1482.000     0.999915        79370     11702.86
    1484.000     0.999927        79371     13653.33
    1488.000     0.999939        79372     16384.00
    1488.000     0.999945        79372     18204.44
    1490.000     0.999951        79373     20480.00
    1490.000     0.999957        79373     23405.71
    1569.000     0.999963        79374     27306.67
    1569.000     0.999969        79374     32768.00
    1569.000     0.999973        79374     36408.89
    2613.000     0.999976        79375     40960.00
    2613.000     0.999979        79375     46811.43
    2613.000     0.999982        79375     54613.33
    2613.000     0.999985        79375     65536.00
    2613.000     0.999986        79375     72817.78
    6963.000     0.999988        79376     81920.00
    6963.000     1.000000        79376          inf
#[Mean    =      809.404, StdDeviation   =      247.031]
#[Max     =     6960.000, Total count    =        79376]
#[Buckets =           27, SubBuckets     =         2048]
----------------------------------------------------------
  79377 requests in 10.00s, 6.66MB read
Requests/sec:   7936.74
Transfer/sec:    682.06KB

