Command: /tmp/wrk2/wrk http://10.10.1.1:8000/index.html -c 32 -t 1 -R 4000 -d 10 -L -U
Return code: 0
STDOUT:
Running 10s test @ http://10.10.1.1:8000/index.html
  1 threads and 32 connections
  Thread Stats   Avg      Stdev     Max   +/- Stdev
    Latency   1437.03u  588.02us6616.00us   63.88%
    Req/Sec       -nan      -nan   0.00      0.00%
  Latency Distribution (HdrHistogram - Recorded Latency)
 50.000% 1383.00us
 75.000% 1826.00us
 90.000% 2307.00us
 99.000% 2783.00us
 99.900% 2991.00us
 99.990% 3137.00us
 99.999% 6619.00us
100.000% 6619.00us

  Detailed Percentile spectrum:
       Value   Percentile   TotalCount 1/(1-Percentile)

     186.000     0.000000            1         1.00
     713.000     0.100000         3983         1.11
     881.000     0.200000         7942         1.25
    1051.000     0.300000        11924         1.43
    1217.000     0.400000        15906         1.67
    1383.000     0.500000        19859         2.00
    1467.000     0.550000        21839         2.22
    1552.000     0.600000        23829         2.50
    1631.000     0.650000        25828         2.86
    1717.000     0.700000        27798         3.33
    1826.000     0.750000        29781         4.00
    1885.000     0.775000        30773         4.44
    1954.000     0.800000        31770         5.00
    2046.000     0.825000        32752         5.71
    2135.000     0.850000        33745         6.67
    2219.000     0.875000        34752         8.00
    2259.000     0.887500        35241         8.89
    2307.000     0.900000        35751        10.00
    2351.000     0.912500        36226        11.43
    2403.000     0.925000        36734        13.33
    2455.000     0.937500        37223        16.00
    2481.000     0.943750        37470        17.78
    2515.000     0.950000        37732        20.00
    2543.000     0.956250        37968        22.86
    2577.000     0.962500        38227        26.67
    2611.000     0.968750        38473        32.00
    2631.000     0.971875        38585        35.56
    2653.000     0.975000        38707        40.00
    2677.000     0.978125        38840        45.71
    2699.000     0.981250        38962        53.33
    2725.000     0.984375        39080        64.00
    2741.000     0.985938        39149        71.11
    2755.000     0.987500        39202        80.00
    2773.000     0.989062        39267        91.43
    2791.000     0.990625        39326       106.67
    2817.000     0.992188        39389       128.00
    2827.000     0.992969        39422       142.22
    2841.000     0.993750        39450       160.00
    2857.000     0.994531        39483       182.86
    2873.000     0.995313        39518       213.33
    2887.000     0.996094        39544       256.00
    2895.000     0.996484        39563       284.44
    2901.000     0.996875        39576       320.00
    2909.000     0.997266        39593       365.71
    2917.000     0.997656        39609       426.67
    2933.000     0.998047        39621       512.00
    2939.000     0.998242        39630       568.89
    2953.000     0.998437        39637       640.00
    2961.000     0.998633        39644       731.43
    2981.000     0.998828        39655       853.33
    2997.000     0.999023        39661      1024.00
    3003.000     0.999121        39665      1137.78
    3007.000     0.999219        39667      1280.00
    3019.000     0.999316        39671      1462.86
    3043.000     0.999414        39675      1706.67
    3057.000     0.999512        39680      2048.00
    3067.000     0.999561        39681      2275.56
    3075.000     0.999609        39683      2560.00
    3083.000     0.999658        39685      2925.71
    3087.000     0.999707        39687      3413.33
    3111.000     0.999756        39689      4096.00
    3113.000     0.999780        39691      4551.11
    3113.000     0.999805        39691      5120.00
    3115.000     0.999829        39692      5851.43
    3119.000     0.999854        39693      6826.67
    3137.000     0.999878        39694      8192.00
    3137.000     0.999890        39694      9102.22
    3141.000     0.999902        39695     10240.00
    3141.000     0.999915        39695     11702.86
    3143.000     0.999927        39696     13653.33
    3143.000     0.999939        39696     16384.00
    3143.000     0.999945        39696     18204.44
    3239.000     0.999951        39697     20480.00
    3239.000     0.999957        39697     23405.71
    3239.000     0.999963        39697     27306.67
    3239.000     0.999969        39697     32768.00
    3239.000     0.999973        39697     36408.89
    6619.000     0.999976        39698     40960.00
    6619.000     1.000000        39698          inf
#[Mean    =     1437.025, StdDeviation   =      588.025]
#[Max     =     6616.000, Total count    =        39698]
#[Buckets =           27, SubBuckets     =         2048]
----------------------------------------------------------

  Latency Distribution (HdrHistogram - Uncorrected Latency (measured without taking delayed starts into account))
 50.000%  634.00us
 75.000%  718.00us
 90.000%  786.00us
 99.000%  907.00us
 99.900%  995.00us
 99.990% 1076.00us
 99.999% 6279.00us
100.000% 6279.00us

  Detailed Percentile spectrum:
       Value   Percentile   TotalCount 1/(1-Percentile)

     125.000     0.000000            1         1.00
     415.000     0.100000         3999         1.11
     506.000     0.200000         7970         1.25
     556.000     0.300000        11916         1.43
     598.000     0.400000        15991         1.67
     634.000     0.500000        19898         2.00
     651.000     0.550000        21911         2.22
     667.000     0.600000        23893         2.50
     683.000     0.650000        25847         2.86
     700.000     0.700000        27833         3.33
     718.000     0.750000        29869         4.00
     727.000     0.775000        30839         4.44
     736.000     0.800000        31786         5.00
     747.000     0.825000        32841         5.71
     759.000     0.850000        33821         6.67
     771.000     0.875000        34745         8.00
     778.000     0.887500        35236         8.89
     786.000     0.900000        35768        10.00
     795.000     0.912500        36276        11.43
     804.000     0.925000        36734        13.33
     815.000     0.937500        37235        16.00
     821.000     0.943750        37484        17.78
     828.000     0.950000        37726        20.00
     836.000     0.956250        37989        22.86
     844.000     0.962500        38213        26.67
     853.000     0.968750        38473        32.00
     858.000     0.971875        38599        35.56
     864.000     0.975000        38720        40.00
     870.000     0.978125        38842        45.71
     878.000     0.981250        38963        53.33
     887.000     0.984375        39096        64.00
     890.000     0.985938        39151        71.11
     895.000     0.987500        39204        80.00
     902.000     0.989062        39265        91.43
     910.000     0.990625        39328       106.67
     917.000     0.992188        39390       128.00
     922.000     0.992969        39419       142.22
     927.000     0.993750        39458       160.00
     933.000     0.994531        39485       182.86
     939.000     0.995313        39513       213.33
     947.000     0.996094        39543       256.00
     952.000     0.996484        39565       284.44
     957.000     0.996875        39575       320.00
     962.000     0.997266        39594       365.71
     967.000     0.997656        39607       426.67
     974.000     0.998047        39624       512.00
     979.000     0.998242        39630       568.89
     982.000     0.998437        39637       640.00
     991.000     0.998633        39646       731.43
     993.000     0.998828        39653       853.33
     996.000     0.999023        39662      1024.00
     999.000     0.999121        39664      1137.78
    1005.000     0.999219        39667      1280.00
    1008.000     0.999316        39671      1462.86
    1015.000     0.999414        39675      1706.67
    1025.000     0.999512        39682      2048.00
    1025.000     0.999561        39682      2275.56
    1030.000     0.999609        39683      2560.00
    1044.000     0.999658        39685      2925.71
    1058.000     0.999707        39687      3413.33
    1063.000     0.999756        39689      4096.00
    1066.000     0.999780        39691      4551.11
    1066.000     0.999805        39691      5120.00
    1067.000     0.999829        39692      5851.43
    1068.000     0.999854        39693      6826.67
    1076.000     0.999878        39694      8192.00
    1076.000     0.999890        39694      9102.22
    1119.000     0.999902        39695     10240.00
    1119.000     0.999915        39695     11702.86
    1177.000     0.999927        39696     13653.33
    1177.000     0.999939        39696     16384.00
    1177.000     0.999945        39696     18204.44
    2018.000     0.999951        39697     20480.00
    2018.000     0.999957        39697     23405.71
    2018.000     0.999963        39697     27306.67
    2018.000     0.999969        39697     32768.00
    2018.000     0.999973        39697     36408.89
    6279.000     0.999976        39698     40960.00
    6279.000     1.000000        39698          inf
#[Mean    =      619.007, StdDeviation   =      143.702]
#[Max     =     6276.000, Total count    =        39698]
#[Buckets =           27, SubBuckets     =         2048]
----------------------------------------------------------
  39699 requests in 10.00s, 3.33MB read
Requests/sec:   3969.54
Transfer/sec:    341.13KB

