Command: /tmp/wrk2/wrk http://10.10.1.1:8000/index.html -c 32 -t 1 -R 30000 -d 10 -L -U
Return code: 0
STDOUT:
Running 10s test @ http://10.10.1.1:8000/index.html
  1 threads and 32 connections
  Thread Stats   Avg      Stdev     Max   +/- Stdev
    Latency   1205.83u  623.65us4724.00us   69.85%
    Req/Sec       -nan      -nan   0.00      0.00%
  Latency Distribution (HdrHistogram - Recorded Latency)
 50.000% 1077.00us
 75.000% 1564.00us
 90.000% 2107.00us
 99.000% 2997.00us
 99.900% 3337.00us
 99.990% 3955.00us
 99.999% 4463.00us
100.000% 4727.00us

  Detailed Percentile spectrum:
       Value   Percentile   TotalCount 1/(1-Percentile)

     111.000     0.000000            1         1.00
     524.000     0.100000        29801         1.11
     654.000     0.200000        59616         1.25
     781.000     0.300000        89430         1.43
     919.000     0.400000       119149         1.67
    1077.000     0.500000       148912         2.00
    1159.000     0.550000       163754         2.22
    1246.000     0.600000       178697         2.50
    1342.000     0.650000       193519         2.86
    1447.000     0.700000       208440         3.33
    1564.000     0.750000       223331         4.00
    1628.000     0.775000       230731         4.44
    1697.000     0.800000       238203         5.00
    1773.000     0.825000       245609         5.71
    1863.000     0.850000       253060         6.67
    1974.000     0.875000       260475         8.00
    2036.000     0.887500       264163         8.89
    2107.000     0.900000       267907        10.00
    2183.000     0.912500       271658        11.43
    2267.000     0.925000       275408        13.33
    2359.000     0.937500       279047        16.00
    2413.000     0.943750       280913        17.78
    2469.000     0.950000       282821        20.00
    2527.000     0.956250       284641        22.86
    2593.000     0.962500       286512        26.67
    2663.000     0.968750       288350        32.00
    2703.000     0.971875       289293        35.56
    2741.000     0.975000       290214        40.00
    2787.000     0.978125       291148        45.71
    2833.000     0.981250       292082        53.33
    2883.000     0.984375       292990        64.00
    2911.000     0.985938       293464        71.11
    2943.000     0.987500       293946        80.00
    2977.000     0.989062       294404        91.43
    3009.000     0.990625       294849       106.67
    3047.000     0.992188       295324       128.00
    3067.000     0.992969       295570       142.22
    3087.000     0.993750       295800       160.00
    3109.000     0.994531       296023       182.86
    3133.000     0.995313       296243       213.33
    3159.000     0.996094       296478       256.00
    3175.000     0.996484       296591       284.44
    3193.000     0.996875       296717       320.00
    3211.000     0.997266       296826       365.71
    3229.000     0.997656       296948       426.67
    3249.000     0.998047       297059       512.00
    3263.000     0.998242       297121       568.89
    3273.000     0.998437       297175       640.00
    3291.000     0.998633       297235       731.43
    3317.000     0.998828       297295       853.33
    3341.000     0.999023       297348      1024.00
    3359.000     0.999121       297377      1137.78
    3379.000     0.999219       297407      1280.00
    3401.000     0.999316       297436      1462.86
    3437.000     0.999414       297464      1706.67
    3485.000     0.999512       297493      2048.00
    3503.000     0.999561       297507      2275.56
    3553.000     0.999609       297521      2560.00
    3615.000     0.999658       297536      2925.71
    3677.000     0.999707       297550      3413.33
    3759.000     0.999756       297565      4096.00
    3779.000     0.999780       297574      4551.11
    3801.000     0.999805       297581      5120.00
    3821.000     0.999829       297587      5851.43
    3857.000     0.999854       297594      6826.67
    3901.000     0.999878       297601      8192.00
    3933.000     0.999890       297605      9102.22
    3963.000     0.999902       297608     10240.00
    4077.000     0.999915       297612     11702.86
    4115.000     0.999927       297616     13653.33
    4155.000     0.999939       297619     16384.00
    4195.000     0.999945       297621     18204.44
    4203.000     0.999951       297623     20480.00
    4215.000     0.999957       297625     23405.71
    4243.000     0.999963       297627     27306.67
    4251.000     0.999969       297628     32768.00
    4379.000     0.999973       297629     36408.89
    4383.000     0.999976       297630     40960.00
    4387.000     0.999979       297631     46811.43
    4439.000     0.999982       297632     54613.33
    4447.000     0.999985       297633     65536.00
    4447.000     0.999986       297633     72817.78
    4463.000     0.999988       297635     81920.00
    4463.000     0.999989       297635     93622.86
    4463.000     0.999991       297635    109226.67
    4463.000     0.999992       297635    131072.00
    4463.000     0.999993       297635    145635.56
    4511.000     0.999994       297636    163840.00
    4511.000     0.999995       297636    187245.71
    4511.000     0.999995       297636    218453.33
    4511.000     0.999996       297636    262144.00
    4511.000     0.999997       297636    291271.11
    4727.000     0.999997       297637    327680.00
    4727.000     1.000000       297637          inf
#[Mean    =     1205.828, StdDeviation   =      623.645]
#[Max     =     4724.000, Total count    =       297637]
#[Buckets =           27, SubBuckets     =         2048]
----------------------------------------------------------

  Latency Distribution (HdrHistogram - Uncorrected Latency (measured without taking delayed starts into account))
 50.000%  477.00us
 75.000%  591.00us
 90.000%  730.00us
 99.000% 1036.00us
 99.900% 1623.00us
 99.990% 2121.00us
 99.999% 2233.00us
100.000% 2379.00us

  Detailed Percentile spectrum:
       Value   Percentile   TotalCount 1/(1-Percentile)

      64.000     0.000000            1         1.00
     291.000     0.100000        29855         1.11
     353.000     0.200000        59917         1.25
     399.000     0.300000        89417         1.43
     439.000     0.400000       119542         1.67
     477.000     0.500000       149288         2.00
     497.000     0.550000       164419         2.22
     517.000     0.600000       178894         2.50
     539.000     0.650000       193741         2.86
     564.000     0.700000       208917         3.33
     591.000     0.750000       223302         4.00
     607.000     0.775000       230722         4.44
     625.000     0.800000       238350         5.00
     645.000     0.825000       245770         5.71
     668.000     0.850000       253288         6.67
     695.000     0.875000       260614         8.00
     711.000     0.887500       264215         8.89
     730.000     0.900000       268051        10.00
     751.000     0.912500       271671        11.43
     775.000     0.925000       275384        13.33
     803.000     0.937500       279102        16.00
     819.000     0.943750       280926        17.78
     837.000     0.950000       282812        20.00
     857.000     0.956250       284662        22.86
     878.000     0.962500       286496        26.67
     903.000     0.968750       288410        32.00
     917.000     0.971875       289319        35.56
     932.000     0.975000       290212        40.00
     949.000     0.978125       291143        45.71
     968.000     0.981250       292074        53.33
     989.000     0.984375       293010        64.00
    1001.000     0.985938       293482        71.11
    1014.000     0.987500       293958        80.00
    1027.000     0.989062       294389        91.43
    1044.000     0.990625       294854       106.67
    1067.000     0.992188       295321       128.00
    1080.000     0.992969       295550       142.22
    1095.000     0.993750       295781       160.00
    1116.000     0.994531       296018       182.86
    1139.000     0.995313       296246       213.33
    1178.000     0.996094       296478       256.00
    1207.000     0.996484       296592       284.44
    1243.000     0.996875       296707       320.00
    1289.000     0.997266       296824       365.71
    1348.000     0.997656       296940       426.67
    1411.000     0.998047       297057       512.00
    1441.000     0.998242       297115       568.89
    1472.000     0.998437       297172       640.00
    1512.000     0.998633       297231       731.43
    1565.000     0.998828       297289       853.33
    1638.000     0.999023       297348      1024.00
    1667.000     0.999121       297376      1137.78
    1702.000     0.999219       297405      1280.00
    1737.000     0.999316       297434      1462.86
    1783.000     0.999414       297464      1706.67
    1830.000     0.999512       297493      2048.00
    1849.000     0.999561       297507      2275.56
    1871.000     0.999609       297521      2560.00
    1916.000     0.999658       297536      2925.71
    1960.000     0.999707       297550      3413.33
    2027.000     0.999756       297565      4096.00
    2053.000     0.999780       297572      4551.11
    2077.000     0.999805       297579      5120.00
    2089.000     0.999829       297589      5851.43
    2101.000     0.999854       297594      6826.67
    2113.000     0.999878       297602      8192.00
    2117.000     0.999890       297606      9102.22
    2123.000     0.999902       297609     10240.00
    2135.000     0.999915       297612     11702.86
    2139.000     0.999927       297616     13653.33
    2165.000     0.999939       297620     16384.00
    2167.000     0.999945       297622     18204.44
    2173.000     0.999951       297623     20480.00
    2179.000     0.999957       297625     23405.71
    2183.000     0.999963       297627     27306.67
    2199.000     0.999969       297628     32768.00
    2211.000     0.999973       297629     36408.89
    2213.000     0.999976       297630     40960.00
    2223.000     0.999979       297631     46811.43
    2227.000     0.999982       297632     54613.33
    2231.000     0.999985       297633     65536.00
    2231.000     0.999986       297633     72817.78
    2233.000     0.999988       297634     81920.00
    2233.000     0.999989       297634     93622.86
    2255.000     0.999991       297635    109226.67
    2255.000     0.999992       297635    131072.00
    2255.000     0.999993       297635    145635.56
    2295.000     0.999994       297636    163840.00
    2295.000     0.999995       297636    187245.71
    2295.000     0.999995       297636    218453.33
    2295.000     0.999996       297636    262144.00
    2295.000     0.999997       297636    291271.11
    2379.000     0.999997       297637    327680.00
    2379.000     1.000000       297637          inf
#[Mean    =      500.175, StdDeviation   =      182.725]
#[Max     =     2378.000, Total count    =       297637]
#[Buckets =           27, SubBuckets     =         2048]
----------------------------------------------------------
  297642 requests in 10.00s, 24.98MB read
Requests/sec:  29763.83
Transfer/sec:      2.50MB

