Command: /tmp/wrk2/wrk http://10.10.1.1:8000/index.html -c 32 -t 1 -R 7000 -d 10 -L -U
Return code: 0
STDOUT:
Running 10s test @ http://10.10.1.1:8000/index.html
  1 threads and 32 connections
  Thread Stats   Avg      Stdev     Max   +/- Stdev
    Latency   1607.10u  634.27us5792.00us   63.71%
    Req/Sec       -nan      -nan   0.00      0.00%
  Latency Distribution (HdrHistogram - Recorded Latency)
 50.000% 1495.00us
 75.000% 2097.00us
 90.000% 2539.00us
 99.000% 3039.00us
 99.900% 3241.00us
 99.990% 3367.00us
 99.999% 3497.00us
100.000% 5795.00us

  Detailed Percentile spectrum:
       Value   Percentile   TotalCount 1/(1-Percentile)

     232.000     0.000000            1         1.00
     842.000     0.100000         6980         1.11
    1030.000     0.200000        13902         1.25
    1181.000     0.300000        20872         1.43
    1331.000     0.400000        27822         1.67
    1495.000     0.500000        34762         2.00
    1593.000     0.550000        38206         2.22
    1700.000     0.600000        41688         2.50
    1821.000     0.650000        45160         2.86
    1957.000     0.700000        48645         3.33
    2097.000     0.750000        52132         4.00
    2165.000     0.775000        53881         4.44
    2233.000     0.800000        55607         5.00
    2307.000     0.825000        57354         5.71
    2379.000     0.850000        59059         6.67
    2457.000     0.875000        60804         8.00
    2497.000     0.887500        61650         8.89
    2539.000     0.900000        62537        10.00
    2583.000     0.912500        63418        11.43
    2627.000     0.925000        64257        13.33
    2679.000     0.937500        65126        16.00
    2709.000     0.943750        65593        17.78
    2737.000     0.950000        65997        20.00
    2769.000     0.956250        66438        22.86
    2801.000     0.962500        66865        26.67
    2841.000     0.968750        67314        32.00
    2861.000     0.971875        67504        35.56
    2885.000     0.975000        67736        40.00
    2909.000     0.978125        67946        45.71
    2935.000     0.981250        68163        53.33
    2969.000     0.984375        68380        64.00
    2985.000     0.985938        68490        71.11
    3005.000     0.987500        68598        80.00
    3027.000     0.989062        68699        91.43
    3047.000     0.990625        68809       106.67
    3073.000     0.992188        68920       128.00
    3085.000     0.992969        68975       142.22
    3099.000     0.993750        69025       160.00
    3113.000     0.994531        69080       182.86
    3129.000     0.995313        69141       213.33
    3141.000     0.996094        69186       256.00
    3149.000     0.996484        69213       284.44
    3159.000     0.996875        69242       320.00
    3169.000     0.997266        69269       365.71
    3181.000     0.997656        69297       426.67
    3193.000     0.998047        69325       512.00
    3201.000     0.998242        69337       568.89
    3211.000     0.998437        69349       640.00
    3223.000     0.998633        69366       731.43
    3231.000     0.998828        69380       853.33
    3241.000     0.999023        69391      1024.00
    3247.000     0.999121        69398      1137.78
    3257.000     0.999219        69403      1280.00
    3269.000     0.999316        69413      1462.86
    3273.000     0.999414        69419      1706.67
    3279.000     0.999512        69425      2048.00
    3287.000     0.999561        69428      2275.56
    3291.000     0.999609        69430      2560.00
    3303.000     0.999658        69434      2925.71
    3313.000     0.999707        69437      3413.33
    3329.000     0.999756        69442      4096.00
    3329.000     0.999780        69442      4551.11
    3339.000     0.999805        69444      5120.00
    3357.000     0.999829        69446      5851.43
    3359.000     0.999854        69447      6826.67
    3365.000     0.999878        69449      8192.00
    3367.000     0.999890        69450      9102.22
    3369.000     0.999902        69451     10240.00
    3371.000     0.999915        69452     11702.86
    3371.000     0.999927        69452     13653.33
    3383.000     0.999939        69453     16384.00
    3391.000     0.999945        69454     18204.44
    3391.000     0.999951        69454     20480.00
    3479.000     0.999957        69455     23405.71
    3479.000     0.999963        69455     27306.67
    3479.000     0.999969        69455     32768.00
    3497.000     0.999973        69456     36408.89
    3497.000     0.999976        69456     40960.00
    3497.000     0.999979        69456     46811.43
    3497.000     0.999982        69456     54613.33
    3497.000     0.999985        69456     65536.00
    5795.000     0.999986        69457     72817.78
    5795.000     1.000000        69457          inf
#[Mean    =     1607.103, StdDeviation   =      634.270]
#[Max     =     5792.000, Total count    =        69457]
#[Buckets =           27, SubBuckets     =         2048]
----------------------------------------------------------

  Latency Distribution (HdrHistogram - Uncorrected Latency (measured without taking delayed starts into account))
 50.000%  789.00us
 75.000%  937.00us
 90.000% 1039.00us
 99.000% 1179.00us
 99.900% 1285.00us
 99.990% 1372.00us
 99.999% 1433.00us
100.000% 5459.00us

  Detailed Percentile spectrum:
       Value   Percentile   TotalCount 1/(1-Percentile)

     135.000     0.000000            1         1.00
     463.000     0.100000         6955         1.11
     558.000     0.200000        13955         1.25
     640.000     0.300000        20890         1.43
     719.000     0.400000        27812         1.67
     789.000     0.500000        34801         2.00
     821.000     0.550000        38240         2.22
     850.000     0.600000        41678         2.50
     879.000     0.650000        45263         2.86
     907.000     0.700000        48635         3.33
     937.000     0.750000        52193         4.00
     953.000     0.775000        53918         4.44
     969.000     0.800000        55665         5.00
     985.000     0.825000        57391         5.71
    1002.000     0.850000        59099         6.67
    1019.000     0.875000        60810         8.00
    1029.000     0.887500        61706         8.89
    1039.000     0.900000        62522        10.00
    1051.000     0.912500        63458        11.43
    1062.000     0.925000        64263        13.33
    1076.000     0.937500        65137        16.00
    1084.000     0.943750        65592        17.78
    1091.000     0.950000        65991        20.00
    1100.000     0.956250        66468        22.86
    1109.000     0.962500        66858        26.67
    1120.000     0.968750        67289        32.00
    1126.000     0.971875        67504        35.56
    1133.000     0.975000        67731        40.00
    1140.000     0.978125        67941        45.71
    1149.000     0.981250        68173        53.33
    1158.000     0.984375        68384        64.00
    1163.000     0.985938        68486        71.11
    1169.000     0.987500        68604        80.00
    1174.000     0.989062        68704        91.43
    1183.000     0.990625        68818       106.67
    1191.000     0.992188        68922       128.00
    1196.000     0.992969        68969       142.22
    1201.000     0.993750        69025       160.00
    1208.000     0.994531        69080       182.86
    1215.000     0.995313        69132       213.33
    1223.000     0.996094        69186       256.00
    1228.000     0.996484        69215       284.44
    1234.000     0.996875        69245       320.00
    1240.000     0.997266        69270       365.71
    1246.000     0.997656        69295       426.67
    1253.000     0.998047        69322       512.00
    1262.000     0.998242        69337       568.89
    1267.000     0.998437        69350       640.00
    1274.000     0.998633        69364       731.43
    1280.000     0.998828        69378       853.33
    1288.000     0.999023        69390      1024.00
    1292.000     0.999121        69396      1137.78
    1297.000     0.999219        69403      1280.00
    1303.000     0.999316        69412      1462.86
    1313.000     0.999414        69418      1706.67
    1318.000     0.999512        69424      2048.00
    1320.000     0.999561        69427      2275.56
    1325.000     0.999609        69430      2560.00
    1334.000     0.999658        69434      2925.71
    1338.000     0.999707        69437      3413.33
    1349.000     0.999756        69442      4096.00
    1349.000     0.999780        69442      4551.11
    1356.000     0.999805        69444      5120.00
    1360.000     0.999829        69446      5851.43
    1362.000     0.999854        69447      6826.67
    1370.000     0.999878        69449      8192.00
    1372.000     0.999890        69450      9102.22
    1385.000     0.999902        69451     10240.00
    1388.000     0.999915        69452     11702.86
    1388.000     0.999927        69452     13653.33
    1391.000     0.999939        69453     16384.00
    1401.000     0.999945        69455     18204.44
    1401.000     0.999951        69455     20480.00
    1401.000     0.999957        69455     23405.71
    1401.000     0.999963        69455     27306.67
    1401.000     0.999969        69455     32768.00
    1433.000     0.999973        69456     36408.89
    1433.000     0.999976        69456     40960.00
    1433.000     0.999979        69456     46811.43
    1433.000     0.999982        69456     54613.33
    1433.000     0.999985        69456     65536.00
    5459.000     0.999986        69457     72817.78
    5459.000     1.000000        69457          inf
#[Mean    =      767.522, StdDeviation   =      217.855]
#[Max     =     5456.000, Total count    =        69457]
#[Buckets =           27, SubBuckets     =         2048]
----------------------------------------------------------
  69458 requests in 10.00s, 5.83MB read
Requests/sec:   6945.22
Transfer/sec:    596.85KB

