Command: /tmp/wrk2/wrk http://10.10.1.1:8000/index.html -c 32 -t 1 -R 9000 -d 10 -L -U
Return code: 0
STDOUT:
Running 10s test @ http://10.10.1.1:8000/index.html
  1 threads and 32 connections
  Thread Stats   Avg      Stdev     Max   +/- Stdev
    Latency   1723.17u  652.10us7148.00us   66.65%
    Req/Sec       -nan      -nan   0.00      0.00%
  Latency Distribution (HdrHistogram - Recorded Latency)
 50.000% 1615.00us
 75.000% 2145.00us
 90.000% 2723.00us
 99.000% 3237.00us
 99.900% 3537.00us
 99.990% 3789.00us
 99.999% 3953.00us
100.000% 7151.00us

  Detailed Percentile spectrum:
       Value   Percentile   TotalCount 1/(1-Percentile)

     266.000     0.000000            1         1.00
     941.000     0.100000         8955         1.11
    1163.000     0.200000        17867         1.25
    1321.000     0.300000        26794         1.43
    1466.000     0.400000        35765         1.67
    1615.000     0.500000        44666         2.00
    1700.000     0.550000        49143         2.22
    1789.000     0.600000        53583         2.50
    1891.000     0.650000        58059         2.86
    2007.000     0.700000        62529         3.33
    2145.000     0.750000        66996         4.00
    2223.000     0.775000        69226         4.44
    2305.000     0.800000        71448         5.00
    2399.000     0.825000        73666         5.71
    2501.000     0.850000        75911         6.67
    2609.000     0.875000        78146         8.00
    2667.000     0.887500        79257         8.89
    2723.000     0.900000        80386        10.00
    2777.000     0.912500        81514        11.43
    2837.000     0.925000        82623        13.33
    2895.000     0.937500        83717        16.00
    2927.000     0.943750        84295        17.78
    2957.000     0.950000        84851        20.00
    2993.000     0.956250        85401        22.86
    3029.000     0.962500        85976        26.67
    3061.000     0.968750        86509        32.00
    3081.000     0.971875        86789        35.56
    3103.000     0.975000        87071        40.00
    3125.000     0.978125        87341        45.71
    3151.000     0.981250        87622        53.33
    3179.000     0.984375        87894        64.00
    3193.000     0.985938        88039        71.11
    3207.000     0.987500        88172        80.00
    3223.000     0.989062        88312        91.43
    3245.000     0.990625        88455       106.67
    3267.000     0.992188        88600       128.00
    3277.000     0.992969        88663       142.22
    3293.000     0.993750        88731       160.00
    3315.000     0.994531        88803       182.86
    3333.000     0.995313        88871       213.33
    3357.000     0.996094        88942       256.00
    3373.000     0.996484        88975       284.44
    3397.000     0.996875        89011       320.00
    3411.000     0.997266        89045       365.71
    3435.000     0.997656        89081       426.67
    3455.000     0.998047        89116       512.00
    3467.000     0.998242        89132       568.89
    3483.000     0.998437        89149       640.00
    3495.000     0.998633        89166       731.43
    3521.000     0.998828        89184       853.33
    3539.000     0.999023        89202      1024.00
    3557.000     0.999121        89211      1137.78
    3571.000     0.999219        89219      1280.00
    3585.000     0.999316        89227      1462.86
    3625.000     0.999414        89236      1706.67
    3647.000     0.999512        89245      2048.00
    3657.000     0.999561        89249      2275.56
    3677.000     0.999609        89254      2560.00
    3685.000     0.999658        89260      2925.71
    3689.000     0.999707        89263      3413.33
    3725.000     0.999756        89268      4096.00
    3731.000     0.999780        89269      4551.11
    3733.000     0.999805        89271      5120.00
    3747.000     0.999829        89274      5851.43
    3763.000     0.999854        89275      6826.67
    3775.000     0.999878        89278      8192.00
    3789.000     0.999890        89280      9102.22
    3789.000     0.999902        89280     10240.00
    3795.000     0.999915        89281     11702.86
    3859.000     0.999927        89282     13653.33
    3861.000     0.999939        89284     16384.00
    3861.000     0.999945        89284     18204.44
    3861.000     0.999951        89284     20480.00
    3911.000     0.999957        89285     23405.71
    3911.000     0.999963        89285     27306.67
    3913.000     0.999969        89286     32768.00
    3913.000     0.999973        89286     36408.89
    3913.000     0.999976        89286     40960.00
    3953.000     0.999979        89287     46811.43
    3953.000     0.999982        89287     54613.33
    3953.000     0.999985        89287     65536.00
    3953.000     0.999986        89287     72817.78
    3953.000     0.999988        89287     81920.00
    7151.000     0.999989        89288     93622.86
    7151.000     1.000000        89288          inf
#[Mean    =     1723.170, StdDeviation   =      652.098]
#[Max     =     7148.000, Total count    =        89288]
#[Buckets =           27, SubBuckets     =         2048]
----------------------------------------------------------

  Latency Distribution (HdrHistogram - Uncorrected Latency (measured without taking delayed starts into account))
 50.000%  863.00us
 75.000% 1081.00us
 90.000% 1207.00us
 99.000% 1396.00us
 99.900% 1568.00us
 99.990% 1715.00us
 99.999% 2407.00us
100.000% 6791.00us

  Detailed Percentile spectrum:
       Value   Percentile   TotalCount 1/(1-Percentile)

     139.000     0.000000            1         1.00
     524.000     0.100000         8938         1.11
     616.000     0.200000        17874         1.25
     696.000     0.300000        26812         1.43
     777.000     0.400000        35791         1.67
     863.000     0.500000        44650         2.00
     909.000     0.550000        49195         2.22
     954.000     0.600000        53646         2.50
     998.000     0.650000        58062         2.86
    1041.000     0.700000        62532         3.33
    1081.000     0.750000        67077         4.00
    1101.000     0.775000        69309         4.44
    1121.000     0.800000        71536         5.00
    1141.000     0.825000        73762         5.71
    1160.000     0.850000        75895         6.67
    1183.000     0.875000        78210         8.00
    1194.000     0.887500        79309         8.89
    1207.000     0.900000        80411        10.00
    1221.000     0.912500        81549        11.43
    1236.000     0.925000        82646        13.33
    1252.000     0.937500        83722        16.00
    1261.000     0.943750        84297        17.78
    1271.000     0.950000        84834        20.00
    1283.000     0.956250        85404        22.86
    1295.000     0.962500        85951        26.67
    1309.000     0.968750        86513        32.00
    1317.000     0.971875        86780        35.56
    1327.000     0.975000        87062        40.00
    1338.000     0.978125        87353        45.71
    1349.000     0.981250        87622        53.33
    1363.000     0.984375        87906        64.00
    1370.000     0.985938        88035        71.11
    1379.000     0.987500        88175        80.00
    1389.000     0.989062        88314        91.43
    1403.000     0.990625        88456       106.67
    1418.000     0.992188        88598       128.00
    1426.000     0.992969        88663       142.22
    1435.000     0.993750        88736       160.00
    1445.000     0.994531        88802       182.86
    1461.000     0.995313        88874       213.33
    1477.000     0.996094        88941       256.00
    1486.000     0.996484        88980       284.44
    1493.000     0.996875        89011       320.00
    1505.000     0.997266        89048       365.71
    1516.000     0.997656        89081       426.67
    1530.000     0.998047        89114       512.00
    1538.000     0.998242        89134       568.89
    1547.000     0.998437        89150       640.00
    1552.000     0.998633        89166       731.43
    1559.000     0.998828        89185       853.33
    1570.000     0.999023        89203      1024.00
    1576.000     0.999121        89213      1137.78
    1581.000     0.999219        89219      1280.00
    1586.000     0.999316        89227      1462.86
    1592.000     0.999414        89237      1706.67
    1604.000     0.999512        89246      2048.00
    1608.000     0.999561        89249      2275.56
    1612.000     0.999609        89254      2560.00
    1619.000     0.999658        89258      2925.71
    1629.000     0.999707        89262      3413.33
    1645.000     0.999756        89267      4096.00
    1657.000     0.999780        89269      4551.11
    1666.000     0.999805        89271      5120.00
    1679.000     0.999829        89273      5851.43
    1692.000     0.999854        89275      6826.67
    1710.000     0.999878        89278      8192.00
    1715.000     0.999890        89279      9102.22
    1724.000     0.999902        89280     10240.00
    1728.000     0.999915        89281     11702.86
    1733.000     0.999927        89282     13653.33
    1741.000     0.999939        89283     16384.00
    1743.000     0.999945        89284     18204.44
    1743.000     0.999951        89284     20480.00
    1889.000     0.999957        89285     23405.71
    1889.000     0.999963        89285     27306.67
    1927.000     0.999969        89286     32768.00
    1927.000     0.999973        89286     36408.89
    1927.000     0.999976        89286     40960.00
    2407.000     0.999979        89287     46811.43
    2407.000     0.999982        89287     54613.33
    2407.000     0.999985        89287     65536.00
    2407.000     0.999986        89287     72817.78
    2407.000     0.999988        89287     81920.00
    6791.000     0.999989        89288     93622.86
    6791.000     1.000000        89288          inf
#[Mean    =      866.436, StdDeviation   =      262.638]
#[Max     =     6788.000, Total count    =        89288]
#[Buckets =           27, SubBuckets     =         2048]
----------------------------------------------------------
  89289 requests in 10.00s, 7.49MB read
Requests/sec:   8928.80
Transfer/sec:    767.32KB

