Command: /tmp/wrk2/wrk http://10.10.1.1:8000/index.html -c 32 -t 1 -R 50000 -d 10 -L -U
Return code: 0
STDOUT:
Running 10s test @ http://10.10.1.1:8000/index.html
  1 threads and 32 connections
  Thread Stats   Avg      Stdev     Max   +/- Stdev
    Latency   855.96us  359.32us5060.00us   66.37%
    Req/Sec       -nan      -nan   0.00      0.00%
  Latency Distribution (HdrHistogram - Recorded Latency)
 50.000%  809.00us
 75.000% 1104.00us
 90.000% 1346.00us
 99.000% 1694.00us
 99.900% 2727.00us
 99.990% 4151.00us
 99.999% 4915.00us
100.000% 5063.00us

  Detailed Percentile spectrum:
       Value   Percentile   TotalCount 1/(1-Percentile)

      85.000     0.000000            1         1.00
     432.000     0.100000        49940         1.11
     528.000     0.200000        99428         1.25
     616.000     0.300000       148996         1.43
     707.000     0.400000       198436         1.67
     809.000     0.500000       248457         2.00
     862.000     0.550000       273165         2.22
     917.000     0.600000       298002         2.50
     975.000     0.650000       322555         2.86
    1038.000     0.700000       347634         3.33
    1104.000     0.750000       372384         4.00
    1139.000     0.775000       384710         4.44
    1175.000     0.800000       397072         5.00
    1212.000     0.825000       409360         5.71
    1253.000     0.850000       421971         6.67
    1296.000     0.875000       434120         8.00
    1320.000     0.887500       440319         8.89
    1346.000     0.900000       446496        10.00
    1374.000     0.912500       452685        11.43
    1405.000     0.925000       458942        13.33
    1439.000     0.937500       465233        16.00
    1456.000     0.943750       468200        17.78
    1475.000     0.950000       471301        20.00
    1497.000     0.956250       474480        22.86
    1519.000     0.962500       477506        26.67
    1545.000     0.968750       480639        32.00
    1559.000     0.971875       482144        35.56
    1575.000     0.975000       483751        40.00
    1592.000     0.978125       485246        45.71
    1612.000     0.981250       486837        53.33
    1635.000     0.984375       488336        64.00
    1649.000     0.985938       489153        71.11
    1664.000     0.987500       489893        80.00
    1682.000     0.989062       490687        91.43
    1704.000     0.990625       491465       106.67
    1732.000     0.992188       492214       128.00
    1750.000     0.992969       492603       142.22
    1772.000     0.993750       492987       160.00
    1802.000     0.994531       493375       182.86
    1841.000     0.995313       493760       213.33
    1908.000     0.996094       494148       256.00
    1956.000     0.996484       494340       284.44
    2018.000     0.996875       494535       320.00
    2101.000     0.997266       494733       365.71
    2205.000     0.997656       494923       426.67
    2333.000     0.998047       495117       512.00
    2395.000     0.998242       495212       568.89
    2473.000     0.998437       495309       640.00
    2539.000     0.998633       495406       731.43
    2635.000     0.998828       495504       853.33
    2743.000     0.999023       495600      1024.00
    2809.000     0.999121       495649      1137.78
    2881.000     0.999219       495697      1280.00
    2947.000     0.999316       495745      1462.86
    3043.000     0.999414       495794      1706.67
    3215.000     0.999512       495842      2048.00
    3333.000     0.999561       495866      2275.56
    3445.000     0.999609       495891      2560.00
    3619.000     0.999658       495916      2925.71
    3709.000     0.999707       495940      3413.33
    3779.000     0.999756       495964      4096.00
    3833.000     0.999780       495975      4551.11
    3891.000     0.999805       495988      5120.00
    3951.000     0.999829       496000      5851.43
    4037.000     0.999854       496013      6826.67
    4091.000     0.999878       496024      8192.00
    4115.000     0.999890       496031      9102.22
    4191.000     0.999902       496036     10240.00
    4247.000     0.999915       496042     11702.86
    4347.000     0.999927       496048     13653.33
    4411.000     0.999939       496054     16384.00
    4443.000     0.999945       496057     18204.44
    4459.000     0.999951       496060     20480.00
    4507.000     0.999957       496063     23405.71
    4547.000     0.999963       496066     27306.67
    4599.000     0.999969       496069     32768.00
    4635.000     0.999973       496071     36408.89
    4683.000     0.999976       496072     40960.00
    4711.000     0.999979       496074     46811.43
    4715.000     0.999982       496075     54613.33
    4831.000     0.999985       496077     65536.00
    4899.000     0.999986       496078     72817.78
    4899.000     0.999988       496078     81920.00
    4915.000     0.999989       496079     93622.86
    4939.000     0.999991       496080    109226.67
    4947.000     0.999992       496081    131072.00
    4947.000     0.999993       496081    145635.56
    4947.000     0.999994       496081    163840.00
    4991.000     0.999995       496082    187245.71
    4991.000     0.999995       496082    218453.33
    5023.000     0.999996       496083    262144.00
    5023.000     0.999997       496083    291271.11
    5023.000     0.999997       496083    327680.00
    5023.000     0.999997       496083    374491.43
    5023.000     0.999998       496083    436906.67
    5063.000     0.999998       496084    524288.00
    5063.000     1.000000       496084          inf
#[Mean    =      855.960, StdDeviation   =      359.317]
#[Max     =     5060.000, Total count    =       496084]
#[Buckets =           27, SubBuckets     =         2048]
----------------------------------------------------------

  Latency Distribution (HdrHistogram - Uncorrected Latency (measured without taking delayed starts into account))
 50.000%  373.00us
 75.000%  458.00us
 90.000%  531.00us
 99.000%  662.00us
 99.900%  812.00us
 99.990% 1372.00us
 99.999% 2030.00us
100.000% 2153.00us

  Detailed Percentile spectrum:
       Value   Percentile   TotalCount 1/(1-Percentile)

      49.000     0.000000            1         1.00
     243.000     0.100000        50179         1.11
     280.000     0.200000       100119         1.25
     310.000     0.300000       149044         1.43
     341.000     0.400000       199832         1.67
     373.000     0.500000       249369         2.00
     389.000     0.550000       273671         2.22
     405.000     0.600000       297860         2.50
     422.000     0.650000       323515         2.86
     439.000     0.700000       347650         3.33
     458.000     0.750000       372809         4.00
     468.000     0.775000       385459         4.44
     478.000     0.800000       397254         5.00
     489.000     0.825000       409637         5.71
     501.000     0.850000       421769         6.67
     515.000     0.875000       434502         8.00
     523.000     0.887500       441049         8.89
     531.000     0.900000       447080        10.00
     539.000     0.912500       452811        11.43
     549.000     0.925000       459146        13.33
     560.000     0.937500       465196        16.00
     567.000     0.943750       468498        17.78
     574.000     0.950000       471636        20.00
     581.000     0.956250       474406        22.86
     590.000     0.962500       477522        26.67
     601.000     0.968750       480722        32.00
     607.000     0.971875       482344        35.56
     613.000     0.975000       483747        40.00
     621.000     0.978125       485402        45.71
     629.000     0.981250       486922        53.33
     638.000     0.984375       488371        64.00
     644.000     0.985938       489167        71.11
     651.000     0.987500       489968        80.00
     658.000     0.989062       490727        91.43
     666.000     0.990625       491461       106.67
     677.000     0.992188       492275       128.00
     682.000     0.992969       492633       142.22
     689.000     0.993750       493018       160.00
     696.000     0.994531       493386       182.86
     705.000     0.995313       493782       213.33
     716.000     0.996094       494160       256.00
     724.000     0.996484       494365       284.44
     732.000     0.996875       494554       320.00
     741.000     0.997266       494733       365.71
     751.000     0.997656       494922       426.67
     764.000     0.998047       495119       512.00
     771.000     0.998242       495214       568.89
     779.000     0.998437       495315       640.00
     788.000     0.998633       495406       731.43
     800.000     0.998828       495507       853.33
     815.000     0.999023       495601      1024.00
     824.000     0.999121       495651      1137.78
     834.000     0.999219       495697      1280.00
     846.000     0.999316       495746      1462.86
     861.000     0.999414       495796      1706.67
     881.000     0.999512       495842      2048.00
     894.000     0.999561       495867      2275.56
     911.000     0.999609       495891      2560.00
     930.000     0.999658       495915      2925.71
     962.000     0.999707       495939      3413.33
     998.000     0.999756       495964      4096.00
    1026.000     0.999780       495976      4551.11
    1087.000     0.999805       495988      5120.00
    1160.000     0.999829       496000      5851.43
    1246.000     0.999854       496012      6826.67
    1349.000     0.999878       496024      8192.00
    1362.000     0.999890       496030      9102.22
    1389.000     0.999902       496036     10240.00
    1459.000     0.999915       496042     11702.86
    1500.000     0.999927       496048     13653.33
    1541.000     0.999939       496054     16384.00
    1564.000     0.999945       496057     18204.44
    1578.000     0.999951       496060     20480.00
    1598.000     0.999957       496063     23405.71
    1604.000     0.999963       496066     27306.67
    1626.000     0.999969       496069     32768.00
    1709.000     0.999973       496071     36408.89
    1721.000     0.999976       496072     40960.00
    1755.000     0.999979       496074     46811.43
    1769.000     0.999982       496075     54613.33
    1827.000     0.999985       496077     65536.00
    1972.000     0.999986       496078     72817.78
    1972.000     0.999988       496078     81920.00
    2030.000     0.999989       496079     93622.86
    2051.000     0.999991       496080    109226.67
    2063.000     0.999992       496081    131072.00
    2063.000     0.999993       496081    145635.56
    2063.000     0.999994       496081    163840.00
    2071.000     0.999995       496082    187245.71
    2071.000     0.999995       496082    218453.33
    2073.000     0.999996       496083    262144.00
    2073.000     0.999997       496083    291271.11
    2073.000     0.999997       496083    327680.00
    2073.000     0.999997       496083    374491.43
    2073.000     0.999998       496083    436906.67
    2153.000     0.999998       496084    524288.00
    2153.000     1.000000       496084          inf
#[Mean    =      380.998, StdDeviation   =      113.399]
#[Max     =     2152.000, Total count    =       496084]
#[Buckets =           27, SubBuckets     =         2048]
----------------------------------------------------------
  496086 requests in 10.00s, 41.63MB read
Requests/sec:  49607.97
Transfer/sec:      4.16MB

