Command: /tmp/wrk2/wrk http://10.10.1.1:8000/index.html -c 32 -t 1 -R 10000 -d 10 -L -U
Return code: 0
STDOUT:
Running 10s test @ http://10.10.1.1:8000/index.html
  1 threads and 32 connections
  Thread Stats   Avg      Stdev     Max   +/- Stdev
    Latency   1934.75u  471.00us4720.00us   69.68%
    Req/Sec       -nan      -nan   0.00      0.00%
  Latency Distribution (HdrHistogram - Recorded Latency)
 50.000% 1960.00us
 75.000% 2233.00us
 90.000% 2511.00us
 99.000% 3075.00us
 99.900% 3511.00us
 99.990% 3833.00us
 99.999% 4291.00us
100.000% 4723.00us

  Detailed Percentile spectrum:
       Value   Percentile   TotalCount 1/(1-Percentile)

     267.000     0.000000            1         1.00
    1311.000     0.100000         9001         1.11
    1542.000     0.200000        18042         1.25
    1710.000     0.300000        26996         1.43
    1849.000     0.400000        36061         1.67
    1960.000     0.500000        45025         2.00
    2011.000     0.550000        49513         2.22
    2063.000     0.600000        54012         2.50
    2117.000     0.650000        58627         2.86
    2171.000     0.700000        63035         3.33
    2233.000     0.750000        67606         4.00
    2267.000     0.775000        69848         4.44
    2303.000     0.800000        72047         5.00
    2345.000     0.825000        74257         5.71
    2393.000     0.850000        76559         6.67
    2445.000     0.875000        78736         8.00
    2477.000     0.887500        79892         8.89
    2511.000     0.900000        81053        10.00
    2547.000     0.912500        82151        11.43
    2587.000     0.925000        83237        13.33
    2635.000     0.937500        84388        16.00
    2663.000     0.943750        84969        17.78
    2691.000     0.950000        85502        20.00
    2723.000     0.956250        86058        22.86
    2763.000     0.962500        86641        26.67
    2805.000     0.968750        87191        32.00
    2829.000     0.971875        87471        35.56
    2857.000     0.975000        87736        40.00
    2887.000     0.978125        88026        45.71
    2921.000     0.981250        88297        53.33
    2963.000     0.984375        88579        64.00
    2991.000     0.985938        88722        71.11
    3021.000     0.987500        88864        80.00
    3053.000     0.989062        89005        91.43
    3089.000     0.990625        89148       106.67
    3131.000     0.992188        89282       128.00
    3153.000     0.992969        89356       142.22
    3171.000     0.993750        89425       160.00
    3193.000     0.994531        89498       182.86
    3229.000     0.995313        89564       213.33
    3271.000     0.996094        89635       256.00
    3291.000     0.996484        89669       284.44
    3309.000     0.996875        89706       320.00
    3335.000     0.997266        89738       365.71
    3367.000     0.997656        89777       426.67
    3397.000     0.998047        89809       512.00
    3413.000     0.998242        89826       568.89
    3443.000     0.998437        89844       640.00
    3459.000     0.998633        89862       731.43
    3487.000     0.998828        89879       853.33
    3515.000     0.999023        89897      1024.00
    3533.000     0.999121        89905      1137.78
    3551.000     0.999219        89914      1280.00
    3575.000     0.999316        89924      1462.86
    3589.000     0.999414        89932      1706.67
    3607.000     0.999512        89941      2048.00
    3623.000     0.999561        89945      2275.56
    3645.000     0.999609        89949      2560.00
    3663.000     0.999658        89954      2925.71
    3673.000     0.999707        89958      3413.33
    3709.000     0.999756        89963      4096.00
    3719.000     0.999780        89966      4551.11
    3733.000     0.999805        89967      5120.00
    3745.000     0.999829        89969      5851.43
    3771.000     0.999854        89971      6826.67
    3819.000     0.999878        89974      8192.00
    3833.000     0.999890        89975      9102.22
    3861.000     0.999902        89977     10240.00
    3861.000     0.999915        89977     11702.86
    3889.000     0.999927        89978     13653.33
    3953.000     0.999939        89979     16384.00
    3967.000     0.999945        89980     18204.44
    3967.000     0.999951        89980     20480.00
    3975.000     0.999957        89981     23405.71
    3975.000     0.999963        89981     27306.67
    4187.000     0.999969        89982     32768.00
    4187.000     0.999973        89982     36408.89
    4187.000     0.999976        89982     40960.00
    4291.000     0.999979        89983     46811.43
    4291.000     0.999982        89983     54613.33
    4291.000     0.999985        89983     65536.00
    4291.000     0.999986        89983     72817.78
    4291.000     0.999988        89983     81920.00
    4723.000     0.999989        89984     93622.86
    4723.000     1.000000        89984          inf
#[Mean    =     1934.748, StdDeviation   =      470.996]
#[Max     =     4720.000, Total count    =        89984]
#[Buckets =           27, SubBuckets     =         2048]
----------------------------------------------------------

  Latency Distribution (HdrHistogram - Uncorrected Latency (measured without taking delayed starts into account))
 50.000% 1213.00us
 75.000% 1501.00us
 90.000% 1644.00us
 99.000% 1836.00us
 99.900% 1960.00us
 99.990% 2475.00us
 99.999% 3567.00us
100.000% 4431.00us

  Detailed Percentile spectrum:
       Value   Percentile   TotalCount 1/(1-Percentile)

     221.000     0.000000            1         1.00
     808.000     0.100000         9042         1.11
     938.000     0.200000        18052         1.25
    1028.000     0.300000        26997         1.43
    1113.000     0.400000        36082         1.67
    1213.000     0.500000        44993         2.00
    1276.000     0.550000        49549         2.22
    1340.000     0.600000        54033         2.50
    1401.000     0.650000        58541         2.86
    1454.000     0.700000        63014         3.33
    1501.000     0.750000        67506         4.00
    1524.000     0.775000        69802         4.44
    1546.000     0.800000        72028         5.00
    1568.000     0.825000        74283         5.71
    1592.000     0.850000        76569         6.67
    1616.000     0.875000        78743         8.00
    1630.000     0.887500        79911         8.89
    1644.000     0.900000        81038        10.00
    1659.000     0.912500        82168        11.43
    1675.000     0.925000        83245        13.33
    1693.000     0.937500        84367        16.00
    1703.000     0.943750        84930        17.78
    1714.000     0.950000        85530        20.00
    1726.000     0.956250        86082        22.86
    1739.000     0.962500        86619        26.67
    1755.000     0.968750        87217        32.00
    1763.000     0.971875        87455        35.56
    1773.000     0.975000        87746        40.00
    1783.000     0.978125        88023        45.71
    1794.000     0.981250        88297        53.33
    1807.000     0.984375        88583        64.00
    1813.000     0.985938        88721        71.11
    1821.000     0.987500        88871        80.00
    1830.000     0.989062        89007        91.43
    1840.000     0.990625        89159       106.67
    1851.000     0.992188        89283       128.00
    1857.000     0.992969        89357       142.22
    1863.000     0.993750        89422       160.00
    1872.000     0.994531        89500       182.86
    1880.000     0.995313        89566       213.33
    1890.000     0.996094        89637       256.00
    1895.000     0.996484        89668       284.44
    1901.000     0.996875        89706       320.00
    1907.000     0.997266        89738       365.71
    1915.000     0.997656        89778       426.67
    1924.000     0.998047        89809       512.00
    1932.000     0.998242        89830       568.89
    1939.000     0.998437        89844       640.00
    1945.000     0.998633        89863       731.43
    1956.000     0.998828        89883       853.33
    1961.000     0.999023        89897      1024.00
    1968.000     0.999121        89905      1137.78
    1973.000     0.999219        89915      1280.00
    1980.000     0.999316        89925      1462.86
    1987.000     0.999414        89932      1706.67
    1995.000     0.999512        89942      2048.00
    2002.000     0.999561        89946      2275.56
    2007.000     0.999609        89949      2560.00
    2025.000     0.999658        89954      2925.71
    2038.000     0.999707        89959      3413.33
    2081.000     0.999756        89963      4096.00
    2095.000     0.999780        89965      4551.11
    2115.000     0.999805        89967      5120.00
    2131.000     0.999829        89969      5851.43
    2161.000     0.999854        89971      6826.67
    2353.000     0.999878        89974      8192.00
    2475.000     0.999890        89975      9102.22
    2585.000     0.999902        89976     10240.00
    2689.000     0.999915        89977     11702.86
    2833.000     0.999927        89978     13653.33
    2917.000     0.999939        89979     16384.00
    3161.000     0.999945        89980     18204.44
    3161.000     0.999951        89980     20480.00
    3201.000     0.999957        89981     23405.71
    3201.000     0.999963        89981     27306.67
    3359.000     0.999969        89982     32768.00
    3359.000     0.999973        89982     36408.89
    3359.000     0.999976        89982     40960.00
    3567.000     0.999979        89983     46811.43
    3567.000     0.999982        89983     54613.33
    3567.000     0.999985        89983     65536.00
    3567.000     0.999986        89983     72817.78
    3567.000     0.999988        89983     81920.00
    4431.000     0.999989        89984     93622.86
    4431.000     1.000000        89984          inf
#[Mean    =     1226.079, StdDeviation   =      324.534]
#[Max     =     4428.000, Total count    =        89984]
#[Buckets =           27, SubBuckets     =         2048]
----------------------------------------------------------
  89986 requests in 10.00s, 7.55MB read
Requests/sec:   8996.97
Transfer/sec:    773.18KB

