Command: /tmp/wrk2/wrk http://10.10.1.1:8000/index.html -c 32 -t 1 -R 3000 -d 10 -L -U
Return code: 0
STDOUT:
Running 10s test @ http://10.10.1.1:8000/index.html
  1 threads and 32 connections
  Thread Stats   Avg      Stdev     Max   +/- Stdev
    Latency   2110.89u  658.49us3914.00us   66.74%
    Req/Sec       -nan      -nan   0.00      0.00%
  Latency Distribution (HdrHistogram - Recorded Latency)
 50.000% 2101.00us
 75.000% 2499.00us
 90.000% 3069.00us
 99.000% 3537.00us
 99.900% 3727.00us
 99.990% 3869.00us
 99.999% 3915.00us
100.000% 3915.00us

  Detailed Percentile spectrum:
       Value   Percentile   TotalCount 1/(1-Percentile)

     430.000     0.000000            1         1.00
    1219.000     0.100000         2703         1.11
    1563.000     0.200000         5403         1.25
    1809.000     0.300000         8113         1.43
    1968.000     0.400000        10808         1.67
    2101.000     0.500000        13537         2.00
    2163.000     0.550000        14881         2.22
    2231.000     0.600000        16218         2.50
    2305.000     0.650000        17558         2.86
    2391.000     0.700000        18924         3.33
    2499.000     0.750000        20257         4.00
    2561.000     0.775000        20933         4.44
    2643.000     0.800000        21615         5.00
    2739.000     0.825000        22284         5.71
    2857.000     0.850000        22965         6.67
    2971.000     0.875000        23642         8.00
    3019.000     0.887500        23975         8.89
    3069.000     0.900000        24319        10.00
    3121.000     0.912500        24653        11.43
    3171.000     0.925000        24989        13.33
    3219.000     0.937500        25324        16.00
    3247.000     0.943750        25501        17.78
    3271.000     0.950000        25667        20.00
    3297.000     0.956250        25836        22.86
    3331.000     0.962500        26002        26.67
    3363.000     0.968750        26166        32.00
    3383.000     0.971875        26258        35.56
    3403.000     0.975000        26336        40.00
    3427.000     0.978125        26424        45.71
    3451.000     0.981250        26502        53.33
    3481.000     0.984375        26589        64.00
    3497.000     0.985938        26635        71.11
    3511.000     0.987500        26675        80.00
    3527.000     0.989062        26714        91.43
    3543.000     0.990625        26755       106.67
    3563.000     0.992188        26798       128.00
    3575.000     0.992969        26820       142.22
    3583.000     0.993750        26841       160.00
    3599.000     0.994531        26862       182.86
    3615.000     0.995313        26884       213.33
    3637.000     0.996094        26905       256.00
    3647.000     0.996484        26915       284.44
    3655.000     0.996875        26926       320.00
    3665.000     0.997266        26935       365.71
    3677.000     0.997656        26945       426.67
    3685.000     0.998047        26957       512.00
    3689.000     0.998242        26961       568.89
    3703.000     0.998437        26970       640.00
    3707.000     0.998633        26973       731.43
    3717.000     0.998828        26977       853.33
    3733.000     0.999023        26983      1024.00
    3741.000     0.999121        26985      1137.78
    3753.000     0.999219        26987      1280.00
    3755.000     0.999316        26990      1462.86
    3769.000     0.999414        26993      1706.67
    3787.000     0.999512        26995      2048.00
    3799.000     0.999561        26997      2275.56
    3809.000     0.999609        26998      2560.00
    3823.000     0.999658        26999      2925.71
    3831.000     0.999707        27002      3413.33
    3831.000     0.999756        27002      4096.00
    3837.000     0.999780        27003      4551.11
    3837.000     0.999805        27003      5120.00
    3847.000     0.999829        27004      5851.43
    3869.000     0.999854        27006      6826.67
    3869.000     0.999878        27006      8192.00
    3869.000     0.999890        27006      9102.22
    3869.000     0.999902        27006     10240.00
    3869.000     0.999915        27006     11702.86
    3897.000     0.999927        27007     13653.33
    3897.000     0.999939        27007     16384.00
    3897.000     0.999945        27007     18204.44
    3897.000     0.999951        27007     20480.00
    3897.000     0.999957        27007     23405.71
    3915.000     0.999963        27008     27306.67
    3915.000     1.000000        27008          inf
#[Mean    =     2110.887, StdDeviation   =      658.492]
#[Max     =     3914.000, Total count    =        27008]
#[Buckets =           27, SubBuckets     =         2048]
----------------------------------------------------------

  Latency Distribution (HdrHistogram - Uncorrected Latency (measured without taking delayed starts into account))
 50.000% 1286.00us
 75.000% 1504.00us
 90.000% 1652.00us
 99.000% 1839.00us
 99.900% 1996.00us
 99.990% 3033.00us
 99.999% 3253.00us
100.000% 3253.00us

  Detailed Percentile spectrum:
       Value   Percentile   TotalCount 1/(1-Percentile)

     259.000     0.000000            1         1.00
     764.000     0.100000         2708         1.11
     960.000     0.200000         5404         1.25
    1080.000     0.300000         8120         1.43
    1184.000     0.400000        10804         1.67
    1286.000     0.500000        13509         2.00
    1334.000     0.550000        14861         2.22
    1378.000     0.600000        16213         2.50
    1420.000     0.650000        17561         2.86
    1462.000     0.700000        18939         3.33
    1504.000     0.750000        20256         4.00
    1526.000     0.775000        20942         4.44
    1549.000     0.800000        21613         5.00
    1574.000     0.825000        22320         5.71
    1597.000     0.850000        22976         6.67
    1623.000     0.875000        23646         8.00
    1636.000     0.887500        23971         8.89
    1652.000     0.900000        24329        10.00
    1667.000     0.912500        24658        11.43
    1683.000     0.925000        24990        13.33
    1701.000     0.937500        25328        16.00
    1711.000     0.943750        25491        17.78
    1721.000     0.950000        25658        20.00
    1733.000     0.956250        25828        22.86
    1747.000     0.962500        26004        26.67
    1762.000     0.968750        26168        32.00
    1770.000     0.971875        26253        35.56
    1777.000     0.975000        26334        40.00
    1788.000     0.978125        26422        45.71
    1799.000     0.981250        26504        53.33
    1813.000     0.984375        26590        64.00
    1819.000     0.985938        26631        71.11
    1827.000     0.987500        26672        80.00
    1834.000     0.989062        26716        91.43
    1844.000     0.990625        26758       106.67
    1855.000     0.992188        26799       128.00
    1860.000     0.992969        26819       142.22
    1868.000     0.993750        26842       160.00
    1875.000     0.994531        26861       182.86
    1886.000     0.995313        26884       213.33
    1897.000     0.996094        26906       256.00
    1901.000     0.996484        26914       284.44
    1910.000     0.996875        26926       320.00
    1922.000     0.997266        26936       365.71
    1931.000     0.997656        26945       426.67
    1942.000     0.998047        26957       512.00
    1948.000     0.998242        26961       568.89
    1955.000     0.998437        26966       640.00
    1966.000     0.998633        26973       731.43
    1977.000     0.998828        26977       853.33
    1997.000     0.999023        26982      1024.00
    2012.000     0.999121        26985      1137.78
    2020.000     0.999219        26987      1280.00
    2040.000     0.999316        26990      1462.86
    2055.000     0.999414        26993      1706.67
    2065.000     0.999512        26995      2048.00
    2081.000     0.999561        26997      2275.56
    2203.000     0.999609        26998      2560.00
    2289.000     0.999658        26999      2925.71
    2557.000     0.999707        27001      3413.33
    2699.000     0.999756        27002      4096.00
    2833.000     0.999780        27003      4551.11
    2833.000     0.999805        27003      5120.00
    2929.000     0.999829        27004      5851.43
    3033.000     0.999854        27005      6826.67
    3033.000     0.999878        27005      8192.00
    3035.000     0.999890        27006      9102.22
    3035.000     0.999902        27006     10240.00
    3035.000     0.999915        27006     11702.86
    3251.000     0.999927        27007     13653.33
    3251.000     0.999939        27007     16384.00
    3251.000     0.999945        27007     18204.44
    3251.000     0.999951        27007     20480.00
    3251.000     0.999957        27007     23405.71
    3253.000     0.999963        27008     27306.67
    3253.000     1.000000        27008          inf
#[Mean    =     1248.936, StdDeviation   =      330.450]
#[Max     =     3252.000, Total count    =        27008]
#[Buckets =           27, SubBuckets     =         2048]
----------------------------------------------------------
  27009 requests in 10.01s, 2.27MB read
Requests/sec:   2699.52
Transfer/sec:    231.99KB

