Command: /tmp/wrk2/wrk http://10.10.1.1:8000/index.html -c 32 -t 1 -R 55000 -d 10 -L -U
Return code: 0
STDOUT:
Running 10s test @ http://10.10.1.1:8000/index.html
  1 threads and 32 connections
  Thread Stats   Avg      Stdev     Max   +/- Stdev
    Latency   1524.66u 5070.94us95552.00u   97.94%
    Req/Sec       -nan      -nan   0.00      0.00%
  Latency Distribution (HdrHistogram - Recorded Latency)
 50.000%  881.00us
 75.000% 1199.00us
 90.000% 1525.00us
 99.000%17391.00us
 99.900%77759.00us
 99.990%94975.00us
 99.999%95551.00us
100.000%95615.00us

  Detailed Percentile spectrum:
       Value   Percentile   TotalCount 1/(1-Percentile)

      80.000     0.000000            1         1.00
     477.000     0.100000        54683         1.11
     584.000     0.200000       109226         1.25
     679.000     0.300000       163872         1.43
     777.000     0.400000       218714         1.67
     881.000     0.500000       273095         2.00
     936.000     0.550000       300176         2.22
     995.000     0.600000       327675         2.50
    1057.000     0.650000       354788         2.86
    1125.000     0.700000       382088         3.33
    1199.000     0.750000       409370         4.00
    1239.000     0.775000       423034         4.44
    1282.000     0.800000       436688         5.00
    1329.000     0.825000       450368         5.71
    1381.000     0.850000       463857         6.67
    1444.000     0.875000       477567         8.00
    1481.000     0.887500       484309         8.89
    1525.000     0.900000       491194        10.00
    1581.000     0.912500       498047        11.43
    1662.000     0.925000       504819        13.33
    1813.000     0.937500       511593        16.00
    1957.000     0.943750       515001        17.78
    2173.000     0.950000       518419        20.00
    2513.000     0.956250       521823        22.86
    3095.000     0.962500       525231        26.67
    3987.000     0.968750       528639        32.00
    4543.000     0.971875       530342        35.56
    5243.000     0.975000       532047        40.00
    6183.000     0.978125       533752        45.71
    7403.000     0.981250       535461        53.33
    9383.000     0.984375       537162        64.00
   10743.000     0.985938       538015        71.11
   12471.000     0.987500       538871        80.00
   15079.000     0.989062       539721        91.43
   19135.000     0.990625       540574       106.67
   22575.000     0.992188       541426       128.00
   26271.000     0.992969       541852       142.22
   31359.000     0.993750       542280       160.00
   37791.000     0.994531       542704       182.86
   44127.000     0.995313       543133       213.33
   51519.000     0.996094       543557       256.00
   55103.000     0.996484       543770       284.44
   58111.000     0.996875       543984       320.00
   60351.000     0.997266       544196       365.71
   62623.000     0.997656       544411       426.67
   65119.000     0.998047       544623       512.00
   68287.000     0.998242       544732       568.89
   71295.000     0.998437       544837       640.00
   74303.000     0.998633       544944       731.43
   76735.000     0.998828       545053       853.33
   78015.000     0.999023       545159      1024.00
   79103.000     0.999121       545211      1137.78
   80703.000     0.999219       545262      1280.00
   84031.000     0.999316       545315      1462.86
   85887.000     0.999414       545372      1706.67
   89407.000     0.999512       545424      2048.00
   90239.000     0.999561       545449      2275.56
   91455.000     0.999609       545475      2560.00
   92095.000     0.999658       545504      2925.71
   92799.000     0.999707       545535      3413.33
   93375.000     0.999756       545555      4096.00
   93759.000     0.999780       545569      4551.11
   94015.000     0.999805       545583      5120.00
   94399.000     0.999829       545596      5851.43
   94655.000     0.999854       545610      6826.67
   94783.000     0.999878       545623      8192.00
   94975.000     0.999890       545638      9102.22
   94975.000     0.999902       545638     10240.00
   95039.000     0.999915       545652     11702.86
   95039.000     0.999927       545652     13653.33
   95103.000     0.999939       545667     16384.00
   95103.000     0.999945       545667     18204.44
   95103.000     0.999951       545667     20480.00
   95103.000     0.999957       545667     23405.71
   95167.000     0.999963       545672     27306.67
   95167.000     0.999969       545672     32768.00
   95231.000     0.999973       545678     36408.89
   95231.000     0.999976       545678     40960.00
   95231.000     0.999979       545678     46811.43
   95359.000     0.999982       545680     54613.33
   95359.000     0.999985       545680     65536.00
   95487.000     0.999986       545681     72817.78
   95551.000     0.999988       545686     81920.00
   95551.000     0.999989       545686     93622.86
   95551.000     0.999991       545686    109226.67
   95551.000     0.999992       545686    131072.00
   95551.000     0.999993       545686    145635.56
   95551.000     0.999994       545686    163840.00
   95551.000     0.999995       545686    187245.71
   95551.000     0.999995       545686    218453.33
   95551.000     0.999996       545686    262144.00
   95615.000     0.999997       545688    291271.11
   95615.000     1.000000       545688          inf
#[Mean    =     1524.664, StdDeviation   =     5070.939]
#[Max     =    95552.000, Total count    =       545688]
#[Buckets =           27, SubBuckets     =         2048]
----------------------------------------------------------

  Latency Distribution (HdrHistogram - Uncorrected Latency (measured without taking delayed starts into account))
 50.000%  428.00us
 75.000%  515.00us
 90.000%  591.00us
 99.000%  735.00us
 99.900%  866.00us
 99.990% 1004.00us
 99.999% 1153.00us
100.000% 1274.00us

  Detailed Percentile spectrum:
       Value   Percentile   TotalCount 1/(1-Percentile)

      53.000     0.000000            1         1.00
     262.000     0.100000        55157         1.11
     316.000     0.200000       109536         1.25
     359.000     0.300000       163961         1.43
     395.000     0.400000       218670         1.67
     428.000     0.500000       274294         2.00
     444.000     0.550000       301176         2.22
     461.000     0.600000       328894         2.50
     478.000     0.650000       356002         2.86
     496.000     0.700000       382929         3.33
     515.000     0.750000       409363         4.00
     526.000     0.775000       423625         4.44
     537.000     0.800000       437236         5.00
     549.000     0.825000       451118         5.71
     561.000     0.850000       463885         6.67
     575.000     0.875000       477503         8.00
     583.000     0.887500       484563         8.89
     591.000     0.900000       491143        10.00
     601.000     0.912500       498478        11.43
     611.000     0.925000       505157        13.33
     622.000     0.937500       511587        16.00
     629.000     0.943750       515178        17.78
     637.000     0.950000       518778        20.00
     645.000     0.956250       522024        22.86
     655.000     0.962500       525534        26.67
     666.000     0.968750       528862        32.00
     672.000     0.971875       530440        35.56
     679.000     0.975000       532100        40.00
     688.000     0.978125       533907        45.71
     697.000     0.981250       535490        53.33
     708.000     0.984375       537183        64.00
     715.000     0.985938       538102        71.11
     722.000     0.987500       538953        80.00
     729.000     0.989062       539754        91.43
     738.000     0.990625       540600       106.67
     749.000     0.992188       541490       128.00
     754.000     0.992969       541852       142.22
     761.000     0.993750       542297       160.00
     769.000     0.994531       542734       182.86
     777.000     0.995313       543136       213.33
     788.000     0.996094       543575       256.00
     794.000     0.996484       543786       284.44
     800.000     0.996875       543993       320.00
     808.000     0.997266       544207       365.71
     817.000     0.997656       544420       426.67
     828.000     0.998047       544629       512.00
     834.000     0.998242       544753       568.89
     840.000     0.998437       544848       640.00
     847.000     0.998633       544945       731.43
     857.000     0.998828       545058       853.33
     868.000     0.999023       545164      1024.00
     875.000     0.999121       545214      1137.78
     881.000     0.999219       545265      1280.00
     891.000     0.999316       545317      1462.86
     901.000     0.999414       545371      1706.67
     912.000     0.999512       545425      2048.00
     918.000     0.999561       545450      2275.56
     928.000     0.999609       545477      2560.00
     934.000     0.999658       545505      2925.71
     944.000     0.999707       545531      3413.33
     956.000     0.999756       545557      4096.00
     961.000     0.999780       545569      4551.11
     967.000     0.999805       545583      5120.00
     975.000     0.999829       545595      5851.43
     985.000     0.999854       545610      6826.67
     993.000     0.999878       545623      8192.00
    1000.000     0.999890       545630      9102.22
    1005.000     0.999902       545635     10240.00
    1014.000     0.999915       545642     11702.86
    1021.000     0.999927       545649     13653.33
    1035.000     0.999939       545657     16384.00
    1037.000     0.999945       545659     18204.44
    1040.000     0.999951       545662     20480.00
    1058.000     0.999957       545665     23405.71
    1070.000     0.999963       545669     27306.67
    1092.000     0.999969       545672     32768.00
    1114.000     0.999973       545674     36408.89
    1118.000     0.999976       545675     40960.00
    1141.000     0.999979       545678     46811.43
    1147.000     0.999982       545679     54613.33
    1150.000     0.999985       545682     65536.00
    1150.000     0.999986       545682     72817.78
    1150.000     0.999988       545682     81920.00
    1153.000     0.999989       545684     93622.86
    1153.000     0.999991       545684    109226.67
    1153.000     0.999992       545684    131072.00
    1160.000     0.999993       545685    145635.56
    1160.000     0.999994       545685    163840.00
    1179.000     0.999995       545686    187245.71
    1179.000     0.999995       545686    218453.33
    1179.000     0.999996       545686    262144.00
    1183.000     0.999997       545687    291271.11
    1183.000     0.999997       545687    327680.00
    1183.000     0.999997       545687    374491.43
    1183.000     0.999998       545687    436906.67
    1183.000     0.999998       545687    524288.00
    1274.000     0.999998       545688    582542.22
    1274.000     1.000000       545688          inf
#[Mean    =      428.910, StdDeviation   =      126.605]
#[Max     =     1274.000, Total count    =       545688]
#[Buckets =           27, SubBuckets     =         2048]
----------------------------------------------------------
  545691 requests in 10.00s, 45.80MB read
Requests/sec:  54568.33
Transfer/sec:      4.58MB

