Command: /tmp/wrk2/wrk http://10.10.1.1:8000/index.html -c 32 -t 1 -R 2000 -d 10 -L -U
Return code: 0
STDOUT:
Running 10s test @ http://10.10.1.1:8000/index.html
  1 threads and 32 connections
  Thread Stats   Avg      Stdev     Max   +/- Stdev
    Latency   1357.69u  510.63us6604.00us   63.62%
    Req/Sec       -nan      -nan   0.00      0.00%
  Latency Distribution (HdrHistogram - Recorded Latency)
 50.000% 1312.00us
 75.000% 1722.00us
 90.000% 2099.00us
 99.000% 2471.00us
 99.900% 2625.00us
 99.990% 2779.00us
 99.999% 6607.00us
100.000% 6607.00us

  Detailed Percentile spectrum:
       Value   Percentile   TotalCount 1/(1-Percentile)

     241.000     0.000000            1         1.00
     719.000     0.100000         1993         1.11
     881.000     0.200000         3980         1.25
    1017.000     0.300000         5957         1.43
    1158.000     0.400000         7947         1.67
    1312.000     0.500000         9928         2.00
    1389.000     0.550000        10933         2.22
    1466.000     0.600000        11931         2.50
    1542.000     0.650000        12919         2.86
    1626.000     0.700000        13903         3.33
    1722.000     0.750000        14900         4.00
    1780.000     0.775000        15401         4.44
    1836.000     0.800000        15890         5.00
    1898.000     0.825000        16384         5.71
    1958.000     0.850000        16879         6.67
    2024.000     0.875000        17378         8.00
    2063.000     0.887500        17629         8.89
    2099.000     0.900000        17873        10.00
    2135.000     0.912500        18122        11.43
    2183.000     0.925000        18375        13.33
    2229.000     0.937500        18617        16.00
    2251.000     0.943750        18748        17.78
    2267.000     0.950000        18869        20.00
    2287.000     0.956250        18993        22.86
    2311.000     0.962500        19120        26.67
    2341.000     0.968750        19239        32.00
    2355.000     0.971875        19301        35.56
    2371.000     0.975000        19365        40.00
    2387.000     0.978125        19430        45.71
    2407.000     0.981250        19489        53.33
    2427.000     0.984375        19549        64.00
    2439.000     0.985938        19585        71.11
    2449.000     0.987500        19608        80.00
    2461.000     0.989062        19640        91.43
    2477.000     0.990625        19675       106.67
    2495.000     0.992188        19705       128.00
    2501.000     0.992969        19719       142.22
    2511.000     0.993750        19733       160.00
    2523.000     0.994531        19748       182.86
    2533.000     0.995313        19765       213.33
    2547.000     0.996094        19779       256.00
    2561.000     0.996484        19787       284.44
    2567.000     0.996875        19795       320.00
    2577.000     0.997266        19804       365.71
    2585.000     0.997656        19812       426.67
    2597.000     0.998047        19818       512.00
    2605.000     0.998242        19824       568.89
    2609.000     0.998437        19825       640.00
    2617.000     0.998633        19830       731.43
    2621.000     0.998828        19833       853.33
    2627.000     0.999023        19838      1024.00
    2629.000     0.999121        19839      1137.78
    2635.000     0.999219        19841      1280.00
    2641.000     0.999316        19843      1462.86
    2653.000     0.999414        19845      1706.67
    2665.000     0.999512        19848      2048.00
    2665.000     0.999561        19848      2275.56
    2679.000     0.999609        19849      2560.00
    2691.000     0.999658        19850      2925.71
    2699.000     0.999707        19851      3413.33
    2739.000     0.999756        19852      4096.00
    2739.000     0.999780        19852      4551.11
    2749.000     0.999805        19853      5120.00
    2749.000     0.999829        19853      5851.43
    2779.000     0.999854        19854      6826.67
    2779.000     0.999878        19854      8192.00
    2779.000     0.999890        19854      9102.22
    2869.000     0.999902        19855     10240.00
    2869.000     0.999915        19855     11702.86
    2869.000     0.999927        19855     13653.33
    2869.000     0.999939        19855     16384.00
    2869.000     0.999945        19855     18204.44
    6607.000     0.999951        19856     20480.00
    6607.000     1.000000        19856          inf
#[Mean    =     1357.688, StdDeviation   =      510.628]
#[Max     =     6604.000, Total count    =        19856]
#[Buckets =           27, SubBuckets     =         2048]
----------------------------------------------------------

  Latency Distribution (HdrHistogram - Uncorrected Latency (measured without taking delayed starts into account))
 50.000%  565.00us
 75.000%  628.00us
 90.000%  674.00us
 99.000%  748.00us
 99.900%  788.00us
 99.990%  840.00us
 99.999% 6275.00us
100.000% 6275.00us

  Detailed Percentile spectrum:
       Value   Percentile   TotalCount 1/(1-Percentile)

     180.000     0.000000            1         1.00
     424.000     0.100000         1998         1.11
     479.000     0.200000         4006         1.25
     508.000     0.300000         5970         1.43
     535.000     0.400000         7974         1.67
     565.000     0.500000         9998         2.00
     578.000     0.550000        10927         2.22
     592.000     0.600000        12005         2.50
     603.000     0.650000        12944         2.86
     615.000     0.700000        13914         3.33
     628.000     0.750000        14955         4.00
     634.000     0.775000        15403         4.44
     642.000     0.800000        15941         5.00
     649.000     0.825000        16451         5.71
     656.000     0.850000        16915         6.67
     664.000     0.875000        17379         8.00
     669.000     0.887500        17652         8.89
     674.000     0.900000        17894        10.00
     679.000     0.912500        18133        11.43
     685.000     0.925000        18381        13.33
     691.000     0.937500        18616        16.00
     695.000     0.943750        18742        17.78
     699.000     0.950000        18878        20.00
     704.000     0.956250        19005        22.86
     709.000     0.962500        19127        26.67
     715.000     0.968750        19241        32.00
     719.000     0.971875        19301        35.56
     723.000     0.975000        19370        40.00
     727.000     0.978125        19433        45.71
     732.000     0.981250        19497        53.33
     736.000     0.984375        19546        64.00
     740.000     0.985938        19592        71.11
     743.000     0.987500        19617        80.00
     746.000     0.989062        19648        91.43
     750.000     0.990625        19677       106.67
     753.000     0.992188        19704       128.00
     755.000     0.992969        19722       142.22
     757.000     0.993750        19736       160.00
     760.000     0.994531        19751       182.86
     763.000     0.995313        19763       213.33
     767.000     0.996094        19782       256.00
     769.000     0.996484        19787       284.44
     771.000     0.996875        19794       320.00
     774.000     0.997266        19804       365.71
     777.000     0.997656        19816       426.67
     779.000     0.998047        19822       512.00
     779.000     0.998242        19822       568.89
     782.000     0.998437        19827       640.00
     784.000     0.998633        19830       731.43
     785.000     0.998828        19833       853.33
     789.000     0.999023        19837      1024.00
     792.000     0.999121        19840      1137.78
     794.000     0.999219        19841      1280.00
     798.000     0.999316        19843      1462.86
     801.000     0.999414        19846      1706.67
     802.000     0.999512        19847      2048.00
     803.000     0.999561        19848      2275.56
     804.000     0.999609        19849      2560.00
     806.000     0.999658        19850      2925.71
     808.000     0.999707        19851      3413.33
     813.000     0.999756        19852      4096.00
     813.000     0.999780        19852      4551.11
     828.000     0.999805        19853      5120.00
     828.000     0.999829        19853      5851.43
     840.000     0.999854        19854      6826.67
     840.000     0.999878        19854      8192.00
     840.000     0.999890        19854      9102.22
     890.000     0.999902        19855     10240.00
     890.000     0.999915        19855     11702.86
     890.000     0.999927        19855     13653.33
     890.000     0.999939        19855     16384.00
     890.000     0.999945        19855     18204.44
    6275.000     0.999951        19856     20480.00
    6275.000     1.000000        19856          inf
#[Mean    =      555.680, StdDeviation   =      107.233]
#[Max     =     6272.000, Total count    =        19856]
#[Buckets =           27, SubBuckets     =         2048]
----------------------------------------------------------
  19857 requests in 10.00s, 1.67MB read
Requests/sec:   1985.47
Transfer/sec:    170.63KB

