Command: /tmp/wrk2/wrk http://10.10.1.1:8000/index.html -c 32 -t 1 -R 5000 -d 10 -L -U
Return code: 0
STDOUT:
Running 10s test @ http://10.10.1.1:8000/index.html
  1 threads and 32 connections
  Thread Stats   Avg      Stdev     Max   +/- Stdev
    Latency   1506.08u  583.08us7040.00us   64.24%
    Req/Sec       -nan      -nan   0.00      0.00%
  Latency Distribution (HdrHistogram - Recorded Latency)
 50.000% 1434.00us
 75.000% 1938.00us
 90.000% 2339.00us
 99.000% 2843.00us
 99.900% 3053.00us
 99.990% 3171.00us
 99.999% 7043.00us
100.000% 7043.00us

  Detailed Percentile spectrum:
       Value   Percentile   TotalCount 1/(1-Percentile)

     190.000     0.000000            1         1.00
     794.000     0.100000         4977         1.11
     970.000     0.200000         9931         1.25
    1116.000     0.300000        14929         1.43
    1264.000     0.400000        19867         1.67
    1434.000     0.500000        24817         2.00
    1523.000     0.550000        27307         2.22
    1612.000     0.600000        29776         2.50
    1708.000     0.650000        32257         2.86
    1820.000     0.700000        34733         3.33
    1938.000     0.750000        37214         4.00
    2000.000     0.775000        38467         4.44
    2063.000     0.800000        39717         5.00
    2129.000     0.825000        40964         5.71
    2193.000     0.850000        42208         6.67
    2261.000     0.875000        43417         8.00
    2299.000     0.887500        44063         8.89
    2339.000     0.900000        44677        10.00
    2381.000     0.912500        45273        11.43
    2429.000     0.925000        45899        13.33
    2485.000     0.937500        46529        16.00
    2513.000     0.943750        46847        17.78
    2545.000     0.950000        47140        20.00
    2581.000     0.956250        47458        22.86
    2617.000     0.962500        47769        26.67
    2657.000     0.968750        48076        32.00
    2675.000     0.971875        48228        35.56
    2699.000     0.975000        48380        40.00
    2723.000     0.978125        48532        45.71
    2749.000     0.981250        48687        53.33
    2779.000     0.984375        48843        64.00
    2795.000     0.985938        48924        71.11
    2811.000     0.987500        48992        80.00
    2831.000     0.989062        49076        91.43
    2853.000     0.990625        49153       106.67
    2875.000     0.992188        49225       128.00
    2887.000     0.992969        49265       142.22
    2905.000     0.993750        49308       160.00
    2917.000     0.994531        49344       182.86
    2935.000     0.995313        49380       213.33
    2961.000     0.996094        49420       256.00
    2975.000     0.996484        49438       284.44
    2985.000     0.996875        49462       320.00
    2997.000     0.997266        49480       365.71
    3009.000     0.997656        49496       426.67
    3019.000     0.998047        49517       512.00
    3025.000     0.998242        49525       568.89
    3035.000     0.998437        49536       640.00
    3043.000     0.998633        49549       731.43
    3047.000     0.998828        49556       853.33
    3057.000     0.999023        49565      1024.00
    3065.000     0.999121        49571      1137.78
    3071.000     0.999219        49575      1280.00
    3079.000     0.999316        49579      1462.86
    3087.000     0.999414        49584      1706.67
    3105.000     0.999512        49588      2048.00
    3109.000     0.999561        49591      2275.56
    3115.000     0.999609        49593      2560.00
    3121.000     0.999658        49596      2925.71
    3127.000     0.999707        49598      3413.33
    3133.000     0.999756        49600      4096.00
    3149.000     0.999780        49603      4551.11
    3149.000     0.999805        49603      5120.00
    3151.000     0.999829        49604      5851.43
    3155.000     0.999854        49605      6826.67
    3167.000     0.999878        49606      8192.00
    3171.000     0.999890        49607      9102.22
    3181.000     0.999902        49608     10240.00
    3181.000     0.999915        49608     11702.86
    3189.000     0.999927        49609     13653.33
    3189.000     0.999939        49609     16384.00
    3261.000     0.999945        49610     18204.44
    3261.000     0.999951        49610     20480.00
    3261.000     0.999957        49610     23405.71
    3265.000     0.999963        49611     27306.67
    3265.000     0.999969        49611     32768.00
    3265.000     0.999973        49611     36408.89
    3265.000     0.999976        49611     40960.00
    3265.000     0.999979        49611     46811.43
    7043.000     0.999982        49612     54613.33
    7043.000     1.000000        49612          inf
#[Mean    =     1506.076, StdDeviation   =      583.085]
#[Max     =     7040.000, Total count    =        49612]
#[Buckets =           27, SubBuckets     =         2048]
----------------------------------------------------------

  Latency Distribution (HdrHistogram - Uncorrected Latency (measured without taking delayed starts into account))
 50.000%  694.00us
 75.000%  787.00us
 90.000%  865.00us
 99.000%  992.00us
 99.900% 1083.00us
 99.990% 1152.00us
 99.999% 6695.00us
100.000% 6695.00us

  Detailed Percentile spectrum:
       Value   Percentile   TotalCount 1/(1-Percentile)

     119.000     0.000000            1         1.00
     425.000     0.100000         4970         1.11
     534.000     0.200000         9934         1.25
     604.000     0.300000        14955         1.43
     655.000     0.400000        19956         1.67
     694.000     0.500000        24808         2.00
     713.000     0.550000        27330         2.22
     731.000     0.600000        29858         2.50
     749.000     0.650000        32275         2.86
     767.000     0.700000        34789         3.33
     787.000     0.750000        37268         4.00
     797.000     0.775000        38494         4.44
     808.000     0.800000        39739         5.00
     820.000     0.825000        40947         5.71
     833.000     0.850000        42214         6.67
     847.000     0.875000        43411         8.00
     856.000     0.887500        44087         8.89
     865.000     0.900000        44704        10.00
     873.000     0.912500        45273        11.43
     884.000     0.925000        45914        13.33
     895.000     0.937500        46516        16.00
     902.000     0.943750        46859        17.78
     908.000     0.950000        47136        20.00
     917.000     0.956250        47478        22.86
     925.000     0.962500        47757        26.67
     934.000     0.968750        48068        32.00
     940.000     0.971875        48220        35.56
     947.000     0.975000        48386        40.00
     954.000     0.978125        48544        45.71
     962.000     0.981250        48699        53.33
     971.000     0.984375        48843        64.00
     976.000     0.985938        48921        71.11
     982.000     0.987500        49002        80.00
     988.000     0.989062        49081        91.43
     995.000     0.990625        49148       106.67
    1004.000     0.992188        49226       128.00
    1008.000     0.992969        49272       142.22
    1012.000     0.993750        49302       160.00
    1018.000     0.994531        49341       182.86
    1023.000     0.995313        49383       213.33
    1031.000     0.996094        49421       256.00
    1034.000     0.996484        49439       284.44
    1037.000     0.996875        49457       320.00
    1043.000     0.997266        49481       365.71
    1049.000     0.997656        49499       426.67
    1054.000     0.998047        49516       512.00
    1059.000     0.998242        49529       568.89
    1062.000     0.998437        49537       640.00
    1068.000     0.998633        49545       731.43
    1074.000     0.998828        49554       853.33
    1083.000     0.999023        49564      1024.00
    1091.000     0.999121        49571      1137.78
    1093.000     0.999219        49574      1280.00
    1095.000     0.999316        49579      1462.86
    1102.000     0.999414        49583      1706.67
    1106.000     0.999512        49589      2048.00
    1110.000     0.999561        49591      2275.56
    1116.000     0.999609        49594      2560.00
    1122.000     0.999658        49597      2925.71
    1123.000     0.999707        49598      3413.33
    1126.000     0.999756        49600      4096.00
    1131.000     0.999780        49602      4551.11
    1137.000     0.999805        49603      5120.00
    1139.000     0.999829        49604      5851.43
    1140.000     0.999854        49605      6826.67
    1142.000     0.999878        49606      8192.00
    1152.000     0.999890        49607      9102.22
    1154.000     0.999902        49608     10240.00
    1154.000     0.999915        49608     11702.86
    1168.000     0.999927        49609     13653.33
    1168.000     0.999939        49609     16384.00
    1221.000     0.999945        49610     18204.44
    1221.000     0.999951        49610     20480.00
    1221.000     0.999957        49610     23405.71
    1300.000     0.999963        49611     27306.67
    1300.000     0.999969        49611     32768.00
    1300.000     0.999973        49611     36408.89
    1300.000     0.999976        49611     40960.00
    1300.000     0.999979        49611     46811.43
    6695.000     0.999982        49612     54613.33
    6695.000     1.000000        49612          inf
#[Mean    =      672.382, StdDeviation   =      164.510]
#[Max     =     6692.000, Total count    =        49612]
#[Buckets =           27, SubBuckets     =         2048]
----------------------------------------------------------
  49613 requests in 10.00s, 4.16MB read
Requests/sec:   4960.97
Transfer/sec:    426.33KB

