Command: /tmp/wrk2/wrk http://10.10.1.1:8000/index.html -c 32 -t 1 -R 6000 -d 10 -L -U
Return code: 0
STDOUT:
Running 10s test @ http://10.10.1.1:8000/index.html
  1 threads and 32 connections
  Thread Stats   Avg      Stdev     Max   +/- Stdev
    Latency   1566.74u  595.66us6660.00us   64.68%
    Req/Sec       -nan      -nan   0.00      0.00%
  Latency Distribution (HdrHistogram - Recorded Latency)
 50.000% 1489.00us
 75.000% 2003.00us
 90.000% 2419.00us
 99.000% 2965.00us
 99.900% 3175.00us
 99.990% 3295.00us
 99.999% 3497.00us
100.000% 6663.00us

  Detailed Percentile spectrum:
       Value   Percentile   TotalCount 1/(1-Percentile)

     225.000     0.000000            1         1.00
     840.000     0.100000         5960         1.11
    1023.000     0.200000        11924         1.25
    1177.000     0.300000        17872         1.43
    1327.000     0.400000        23818         1.67
    1489.000     0.500000        29769         2.00
    1575.000     0.550000        32765         2.22
    1670.000     0.600000        35738         2.50
    1775.000     0.650000        38698         2.86
    1885.000     0.700000        41699         3.33
    2003.000     0.750000        44652         4.00
    2065.000     0.775000        46146         4.44
    2127.000     0.800000        47670         5.00
    2193.000     0.825000        49160         5.71
    2261.000     0.850000        50627         6.67
    2337.000     0.875000        52137         8.00
    2375.000     0.887500        52863         8.89
    2419.000     0.900000        53611        10.00
    2461.000     0.912500        54358        11.43
    2509.000     0.925000        55090        13.33
    2561.000     0.937500        55825        16.00
    2591.000     0.943750        56193        17.78
    2625.000     0.950000        56573        20.00
    2661.000     0.956250        56931        22.86
    2707.000     0.962500        57320        26.67
    2747.000     0.968750        57676        32.00
    2771.000     0.971875        57869        35.56
    2793.000     0.975000        58047        40.00
    2817.000     0.978125        58234        45.71
    2847.000     0.981250        58422        53.33
    2883.000     0.984375        58615        64.00
    2901.000     0.985938        58702        71.11
    2921.000     0.987500        58796        80.00
    2949.000     0.989062        58891        91.43
    2977.000     0.990625        58983       106.67
    3003.000     0.992188        59074       128.00
    3019.000     0.992969        59121       142.22
    3039.000     0.993750        59174       160.00
    3051.000     0.994531        59215       182.86
    3069.000     0.995313        59257       213.33
    3085.000     0.996094        59308       256.00
    3093.000     0.996484        59328       284.44
    3103.000     0.996875        59352       320.00
    3111.000     0.997266        59373       365.71
    3125.000     0.997656        59397       426.67
    3135.000     0.998047        59421       512.00
    3143.000     0.998242        59433       568.89
    3151.000     0.998437        59442       640.00
    3161.000     0.998633        59455       731.43
    3169.000     0.998828        59469       853.33
    3177.000     0.999023        59477      1024.00
    3187.000     0.999121        59483      1137.78
    3197.000     0.999219        59489      1280.00
    3209.000     0.999316        59497      1462.86
    3215.000     0.999414        59502      1706.67
    3221.000     0.999512        59506      2048.00
    3225.000     0.999561        59510      2275.56
    3227.000     0.999609        59512      2560.00
    3239.000     0.999658        59516      2925.71
    3247.000     0.999707        59518      3413.33
    3263.000     0.999756        59521      4096.00
    3265.000     0.999780        59522      4551.11
    3279.000     0.999805        59524      5120.00
    3285.000     0.999829        59525      5851.43
    3287.000     0.999854        59527      6826.67
    3293.000     0.999878        59528      8192.00
    3295.000     0.999890        59530      9102.22
    3295.000     0.999902        59530     10240.00
    3295.000     0.999915        59530     11702.86
    3307.000     0.999927        59531     13653.33
    3321.000     0.999939        59532     16384.00
    3321.000     0.999945        59532     18204.44
    3389.000     0.999951        59533     20480.00
    3389.000     0.999957        59533     23405.71
    3389.000     0.999963        59533     27306.67
    3497.000     0.999969        59534     32768.00
    3497.000     0.999973        59534     36408.89
    3497.000     0.999976        59534     40960.00
    3497.000     0.999979        59534     46811.43
    3497.000     0.999982        59534     54613.33
    6663.000     0.999985        59535     65536.00
    6663.000     1.000000        59535          inf
#[Mean    =     1566.744, StdDeviation   =      595.658]
#[Max     =     6660.000, Total count    =        59535]
#[Buckets =           27, SubBuckets     =         2048]
----------------------------------------------------------

  Latency Distribution (HdrHistogram - Uncorrected Latency (measured without taking delayed starts into account))
 50.000%  731.00us
 75.000%  848.00us
 90.000%  942.00us
 99.000% 1081.00us
 99.900% 1168.00us
 99.990% 1267.00us
 99.999% 1314.00us
100.000% 6383.00us

  Detailed Percentile spectrum:
       Value   Percentile   TotalCount 1/(1-Percentile)

     121.000     0.000000            1         1.00
     438.000     0.100000         5954         1.11
     535.000     0.200000        11920         1.25
     612.000     0.300000        17887         1.43
     678.000     0.400000        23892         1.67
     731.000     0.500000        29859         2.00
     755.000     0.550000        32759         2.22
     778.000     0.600000        35751         2.50
     801.000     0.650000        38805         2.86
     823.000     0.700000        41700         3.33
     848.000     0.750000        44766         4.00
     860.000     0.775000        46219         4.44
     873.000     0.800000        47657         5.00
     888.000     0.825000        49151         5.71
     904.000     0.850000        50628         6.67
     922.000     0.875000        52127         8.00
     932.000     0.887500        52911         8.89
     942.000     0.900000        53615        10.00
     953.000     0.912500        54335        11.43
     966.000     0.925000        55109        13.33
     980.000     0.937500        55864        16.00
     986.000     0.943750        56187        17.78
     994.000     0.950000        56561        20.00
    1003.000     0.956250        56952        22.86
    1012.000     0.962500        57314        26.67
    1023.000     0.968750        57710        32.00
    1028.000     0.971875        57862        35.56
    1035.000     0.975000        58060        40.00
    1042.000     0.978125        58234        45.71
    1050.000     0.981250        58419        53.33
    1059.000     0.984375        58610        64.00
    1065.000     0.985938        58703        71.11
    1072.000     0.987500        58806        80.00
    1077.000     0.989062        58888        91.43
    1084.000     0.990625        58979       106.67
    1093.000     0.992188        59079       128.00
    1096.000     0.992969        59117       142.22
    1103.000     0.993750        59165       160.00
    1108.000     0.994531        59213       182.86
    1114.000     0.995313        59256       213.33
    1120.000     0.996094        59309       256.00
    1123.000     0.996484        59327       284.44
    1128.000     0.996875        59349       320.00
    1134.000     0.997266        59373       365.71
    1139.000     0.997656        59399       426.67
    1147.000     0.998047        59419       512.00
    1151.000     0.998242        59431       568.89
    1155.000     0.998437        59444       640.00
    1161.000     0.998633        59458       731.43
    1164.000     0.998828        59466       853.33
    1170.000     0.999023        59478      1024.00
    1172.000     0.999121        59485      1137.78
    1177.000     0.999219        59489      1280.00
    1183.000     0.999316        59495      1462.86
    1191.000     0.999414        59501      1706.67
    1198.000     0.999512        59506      2048.00
    1201.000     0.999561        59509      2275.56
    1205.000     0.999609        59514      2560.00
    1208.000     0.999658        59515      2925.71
    1220.000     0.999707        59518      3413.33
    1235.000     0.999756        59521      4096.00
    1238.000     0.999780        59523      4551.11
    1242.000     0.999805        59524      5120.00
    1246.000     0.999829        59525      5851.43
    1251.000     0.999854        59527      6826.67
    1258.000     0.999878        59528      8192.00
    1267.000     0.999890        59529      9102.22
    1279.000     0.999902        59530     10240.00
    1279.000     0.999915        59530     11702.86
    1287.000     0.999927        59531     13653.33
    1289.000     0.999939        59532     16384.00
    1289.000     0.999945        59532     18204.44
    1294.000     0.999951        59533     20480.00
    1294.000     0.999957        59533     23405.71
    1294.000     0.999963        59533     27306.67
    1314.000     0.999969        59534     32768.00
    1314.000     0.999973        59534     36408.89
    1314.000     0.999976        59534     40960.00
    1314.000     0.999979        59534     46811.43
    1314.000     0.999982        59534     54613.33
    6383.000     0.999985        59535     65536.00
    6383.000     1.000000        59535          inf
#[Mean    =      710.053, StdDeviation   =      188.923]
#[Max     =     6380.000, Total count    =        59535]
#[Buckets =           27, SubBuckets     =         2048]
----------------------------------------------------------
  59536 requests in 10.00s, 5.00MB read
Requests/sec:   5953.24
Transfer/sec:    511.61KB

