Command: /tmp/wrk2/wrk http://10.10.1.1:8000/index.html -c 256 -t 8 -R 30000 -d 10 -L -U
Return code: 0
STDOUT:
Running 10s test @ http://10.10.1.1:8000/index.html
  8 threads and 256 connections
  Thread Stats   Avg      Stdev     Max   +/- Stdev
    Latency   1367.37u  658.59us31952.00u   74.64%
    Req/Sec       -nan      -nan   0.00      0.00%
  Latency Distribution (HdrHistogram - Recorded Latency)
 50.000% 1306.00us
 75.000% 1739.00us
 90.000% 2127.00us
 99.000% 2835.00us
 99.900% 4591.00us
 99.990%18639.00us
 99.999%31071.00us
100.000%31967.00us

  Detailed Percentile spectrum:
       Value   Percentile   TotalCount 1/(1-Percentile)

     101.000     0.000000            1         1.00
     661.000     0.100000        29504         1.11
     843.000     0.200000        59003         1.25
    1001.000     0.300000        88380         1.43
    1152.000     0.400000       117789         1.67
    1306.000     0.500000       147200         2.00
    1384.000     0.550000       161858         2.22
    1465.000     0.600000       176575         2.50
    1551.000     0.650000       191264         2.86
    1641.000     0.700000       205993         3.33
    1739.000     0.750000       220801         4.00
    1791.000     0.775000       228110         4.44
    1846.000     0.800000       235463         5.00
    1905.000     0.825000       242782         5.71
    1970.000     0.850000       250124         6.67
    2043.000     0.875000       257531         8.00
    2083.000     0.887500       261261         8.89
    2127.000     0.900000       264962        10.00
    2175.000     0.912500       268631        11.43
    2227.000     0.925000       272244        13.33
    2287.000     0.937500       275942        16.00
    2319.000     0.943750       277707        17.78
    2357.000     0.950000       279595        20.00
    2399.000     0.956250       281434        22.86
    2445.000     0.962500       283277        26.67
    2497.000     0.968750       285078        32.00
    2527.000     0.971875       285974        35.56
    2563.000     0.975000       286903        40.00
    2601.000     0.978125       287826        45.71
    2645.000     0.981250       288733        53.33
    2699.000     0.984375       289648        64.00
    2729.000     0.985938       290114        71.11
    2765.000     0.987500       290560        80.00
    2809.000     0.989062       291033        91.43
    2857.000     0.990625       291492       106.67
    2927.000     0.992188       291935       128.00
    2977.000     0.992969       292173       142.22
    3029.000     0.993750       292395       160.00
    3087.000     0.994531       292632       182.86
    3169.000     0.995313       292854       213.33
    3295.000     0.996094       293086       256.00
    3385.000     0.996484       293202       284.44
    3483.000     0.996875       293315       320.00
    3627.000     0.997266       293430       365.71
    3789.000     0.997656       293545       426.67
    3975.000     0.998047       293660       512.00
    4061.000     0.998242       293716       568.89
    4171.000     0.998437       293776       640.00
    4299.000     0.998633       293831       731.43
    4459.000     0.998828       293891       853.33
    4623.000     0.999023       293948      1024.00
    4679.000     0.999121       293975      1137.78
    4811.000     0.999219       294004      1280.00
    5055.000     0.999316       294032      1462.86
    5431.000     0.999414       294062      1706.67
    6695.000     0.999512       294090      2048.00
    7915.000     0.999561       294104      2275.56
    8719.000     0.999609       294119      2560.00
    9367.000     0.999658       294134      2925.71
   10591.000     0.999707       294147      3413.33
   12319.000     0.999756       294162      4096.00
   12487.000     0.999780       294169      4551.11
   13671.000     0.999805       294176      5120.00
   14247.000     0.999829       294183      5851.43
   15663.000     0.999854       294190      6826.67
   17967.000     0.999878       294198      8192.00
   18351.000     0.999890       294201      9102.22
   18847.000     0.999902       294205     10240.00
   21791.000     0.999915       294208     11702.86
   22639.000     0.999927       294212     13653.33
   22975.000     0.999939       294216     16384.00
   23615.000     0.999945       294217     18204.44
   23823.000     0.999951       294219     20480.00
   26111.000     0.999957       294221     23405.71
   26287.000     0.999963       294223     27306.67
   26911.000     0.999969       294226     32768.00
   26911.000     0.999973       294226     36408.89
   26911.000     0.999976       294226     40960.00
   30847.000     0.999979       294227     46811.43
   30927.000     0.999982       294228     54613.33
   31039.000     0.999985       294229     65536.00
   31039.000     0.999986       294229     72817.78
   31071.000     0.999988       294230     81920.00
   31071.000     0.999989       294230     93622.86
   31791.000     0.999991       294231    109226.67
   31791.000     0.999992       294231    131072.00
   31791.000     0.999993       294231    145635.56
   31887.000     0.999994       294232    163840.00
   31887.000     0.999995       294232    187245.71
   31887.000     0.999995       294232    218453.33
   31887.000     0.999996       294232    262144.00
   31887.000     0.999997       294232    291271.11
   31967.000     0.999997       294233    327680.00
   31967.000     1.000000       294233          inf
#[Mean    =     1367.371, StdDeviation   =      658.589]
#[Max     =    31952.000, Total count    =       294233]
#[Buckets =           27, SubBuckets     =         2048]
----------------------------------------------------------

  Latency Distribution (HdrHistogram - Uncorrected Latency (measured without taking delayed starts into account))
 50.000%  513.00us
 75.000%  698.00us
 90.000%  904.00us
 99.000% 1458.00us
 99.900% 3447.00us
 99.990%13535.00us
 99.999%30959.00us
100.000%31679.00us

  Detailed Percentile spectrum:
       Value   Percentile   TotalCount 1/(1-Percentile)

      64.000     0.000000            1         1.00
     286.000     0.100000        29654         1.11
     347.000     0.200000        59085         1.25
     402.000     0.300000        88662         1.43
     456.000     0.400000       117953         1.67
     513.000     0.500000       147150         2.00
     544.000     0.550000       162012         2.22
     577.000     0.600000       176704         2.50
     613.000     0.650000       191371         2.86
     653.000     0.700000       206110         3.33
     698.000     0.750000       220721         4.00
     724.000     0.775000       228212         4.44
     751.000     0.800000       235448         5.00
     782.000     0.825000       242865         5.71
     816.000     0.850000       250225         6.67
     856.000     0.875000       257500         8.00
     879.000     0.887500       261266         8.89
     904.000     0.900000       264896        10.00
     931.000     0.912500       268489        11.43
     962.000     0.925000       272215        13.33
     999.000     0.937500       275896        16.00
    1019.000     0.943750       277697        17.78
    1042.000     0.950000       279536        20.00
    1069.000     0.956250       281409        22.86
    1101.000     0.962500       283253        26.67
    1138.000     0.968750       285039        32.00
    1161.000     0.971875       285969        35.56
    1187.000     0.975000       286890        40.00
    1217.000     0.978125       287799        45.71
    1255.000     0.981250       288728        53.33
    1303.000     0.984375       289647        64.00
    1334.000     0.985938       290099        71.11
    1373.000     0.987500       290563        80.00
    1422.000     0.989062       291020        91.43
    1489.000     0.990625       291477       106.67
    1591.000     0.992188       291938       128.00
    1688.000     0.992969       292165       142.22
    1811.000     0.993750       292397       160.00
    1953.000     0.994531       292626       182.86
    2123.000     0.995313       292855       213.33
    2307.000     0.996094       293086       256.00
    2411.000     0.996484       293199       284.44
    2499.000     0.996875       293315       320.00
    2623.000     0.997266       293429       365.71
    2751.000     0.997656       293546       426.67
    2913.000     0.998047       293659       512.00
    2981.000     0.998242       293716       568.89
    3067.000     0.998437       293774       640.00
    3175.000     0.998633       293831       731.43
    3313.000     0.998828       293890       853.33
    3461.000     0.999023       293947      1024.00
    3535.000     0.999121       293975      1137.78
    3609.000     0.999219       294006      1280.00
    3651.000     0.999316       294032      1462.86
    3705.000     0.999414       294062      1706.67
    3785.000     0.999512       294091      2048.00
    3815.000     0.999561       294106      2275.56
    3865.000     0.999609       294119      2560.00
    3913.000     0.999658       294133      2925.71
    3993.000     0.999707       294147      3413.33
    4127.000     0.999756       294162      4096.00
    4207.000     0.999780       294170      4551.11
    4259.000     0.999805       294176      5120.00
    4411.000     0.999829       294183      5851.43
    6303.000     0.999854       294190      6826.67
    9511.000     0.999878       294198      8192.00
   12631.000     0.999890       294201      9102.22
   13783.000     0.999902       294205     10240.00
   17279.000     0.999915       294208     11702.86
   18271.000     0.999927       294212     13653.33
   21999.000     0.999939       294216     16384.00
   22127.000     0.999945       294217     18204.44
   22527.000     0.999951       294219     20480.00
   25871.000     0.999957       294221     23405.71
   26095.000     0.999963       294223     27306.67
   26687.000     0.999969       294225     32768.00
   26687.000     0.999973       294225     36408.89
   26831.000     0.999976       294226     40960.00
   30751.000     0.999979       294228     46811.43
   30751.000     0.999982       294228     54613.33
   30783.000     0.999985       294229     65536.00
   30783.000     0.999986       294229     72817.78
   30959.000     0.999988       294230     81920.00
   30959.000     0.999989       294230     93622.86
   31567.000     0.999991       294231    109226.67
   31567.000     0.999992       294231    131072.00
   31567.000     0.999993       294231    145635.56
   31599.000     0.999994       294232    163840.00
   31599.000     0.999995       294232    187245.71
   31599.000     0.999995       294232    218453.33
   31599.000     0.999996       294232    262144.00
   31599.000     0.999997       294232    291271.11
   31679.000     0.999997       294233    327680.00
   31679.000     1.000000       294233          inf
#[Mean    =      571.525, StdDeviation   =      386.563]
#[Max     =    31664.000, Total count    =       294233]
#[Buckets =           27, SubBuckets     =         2048]
----------------------------------------------------------
  294241 requests in 10.00s, 24.69MB read
Requests/sec:  29411.97
Transfer/sec:      2.47MB

