Command: /tmp/wrk2/wrk http://10.10.1.1:8000/index.html -c 256 -t 32 -R 70000 -d 10 -L -U
Return code: 0
STDOUT:
Running 10s test @ http://10.10.1.1:8000/index.html
  32 threads and 256 connections
  Thread Stats   Avg      Stdev     Max   +/- Stdev
    Latency   3029.95u 7316.43us170496.00   97.58%
    Req/Sec       -nan      -nan   0.00      0.00%
  Latency Distribution (HdrHistogram - Recorded Latency)
 50.000% 2115.00us
 75.000% 2673.00us
 90.000% 3265.00us
 99.000%32383.00us
 99.900%113343.00u
 99.990%164351.00u
 99.999%169727.00u
100.000%170623.00u

  Detailed Percentile spectrum:
       Value   Percentile   TotalCount 1/(1-Percentile)

      90.000     0.000000            1         1.00
    1159.000     0.100000        69931         1.11
    1455.000     0.200000       139664         1.25
    1693.000     0.300000       209571         1.43
    1904.000     0.400000       279398         1.67
    2115.000     0.500000       349464         2.00
    2221.000     0.550000       384111         2.22
    2329.000     0.600000       419101         2.50
    2439.000     0.650000       453991         2.86
    2553.000     0.700000       489045         3.33
    2673.000     0.750000       523807         4.00
    2739.000     0.775000       541481         4.44
    2811.000     0.800000       558992         5.00
    2891.000     0.825000       576253         5.71
    2985.000     0.850000       593647         6.67
    3103.000     0.875000       611135         8.00
    3177.000     0.887500       619769         8.89
    3265.000     0.900000       628434        10.00
    3377.000     0.912500       637145        11.43
    3523.000     0.925000       645850        13.33
    3727.000     0.937500       654571        16.00
    3875.000     0.943750       658941        17.78
    4069.000     0.950000       663284        20.00
    4367.000     0.956250       667673        22.86
    4951.000     0.962500       672009        26.67
    6203.000     0.968750       676373        32.00
    7663.000     0.971875       678549        35.56
    9799.000     0.975000       680733        40.00
   11967.000     0.978125       682914        45.71
   14903.000     0.981250       685091        53.33
   19455.000     0.984375       687272        64.00
   22127.000     0.985938       688367        71.11
   25631.000     0.987500       689455        80.00
   29631.000     0.989062       690545        91.43
   34175.000     0.990625       691641       106.67
   39423.000     0.992188       692728       128.00
   42399.000     0.992969       693273       142.22
   45535.000     0.993750       693819       160.00
   49695.000     0.994531       694365       182.86
   55039.000     0.995313       694910       213.33
   61919.000     0.996094       695456       256.00
   65919.000     0.996484       695728       284.44
   71167.000     0.996875       696000       320.00
   77695.000     0.997266       696272       365.71
   85247.000     0.997656       696547       426.67
   92863.000     0.998047       696819       512.00
   96767.000     0.998242       696956       568.89
  100159.000     0.998437       697094       640.00
  103487.000     0.998633       697227       731.43
  108863.000     0.998828       697363       853.33
  113791.000     0.999023       697500      1024.00
  115711.000     0.999121       697571      1137.78
  117759.000     0.999219       697636      1280.00
  120383.000     0.999316       697706      1462.86
  124159.000     0.999414       697772      1706.67
  128575.000     0.999512       697841      2048.00
  130431.000     0.999561       697875      2275.56
  132479.000     0.999609       697909      2560.00
  140671.000     0.999658       697943      2925.71
  147327.000     0.999707       697977      3413.33
  151935.000     0.999756       698011      4096.00
  153855.000     0.999780       698028      4551.11
  156159.000     0.999805       698045      5120.00
  157823.000     0.999829       698062      5851.43
  160767.000     0.999854       698079      6826.67
  162687.000     0.999878       698097      8192.00
  163711.000     0.999890       698105      9102.22
  164479.000     0.999902       698113     10240.00
  165119.000     0.999915       698123     11702.86
  165631.000     0.999927       698133     13653.33
  166015.000     0.999939       698140     16384.00
  166271.000     0.999945       698143     18204.44
  166655.000     0.999951       698148     20480.00
  167167.000     0.999957       698153     23405.71
  167295.000     0.999963       698156     27306.67
  168319.000     0.999969       698161     32768.00
  168447.000     0.999973       698162     36408.89
  168703.000     0.999976       698164     40960.00
  169087.000     0.999979       698168     46811.43
  169215.000     0.999982       698171     54613.33
  169215.000     0.999985       698171     65536.00
  169471.000     0.999986       698173     72817.78
  169471.000     0.999988       698173     81920.00
  169727.000     0.999989       698174     93622.86
  169855.000     0.999991       698175    109226.67
  169983.000     0.999992       698176    131072.00
  170367.000     0.999993       698177    145635.56
  170367.000     0.999994       698177    163840.00
  170495.000     0.999995       698180    187245.71
  170495.000     0.999995       698180    218453.33
  170495.000     0.999996       698180    262144.00
  170495.000     0.999997       698180    291271.11
  170495.000     0.999997       698180    327680.00
  170495.000     0.999997       698180    374491.43
  170495.000     0.999998       698180    436906.67
  170495.000     0.999998       698180    524288.00
  170495.000     0.999998       698180    582542.22
  170495.000     0.999998       698180    655360.00
  170623.000     0.999999       698181    748982.86
  170623.000     1.000000       698181          inf
#[Mean    =     3029.953, StdDeviation   =     7316.428]
#[Max     =   170496.000, Total count    =       698181]
#[Buckets =           27, SubBuckets     =         2048]
----------------------------------------------------------

  Latency Distribution (HdrHistogram - Uncorrected Latency (measured without taking delayed starts into account))
 50.000% 1338.00us
 75.000% 1745.00us
 90.000% 2321.00us
 99.000% 3705.00us
 99.900% 5235.00us
 99.990%14007.00us
 99.999%47807.00us
100.000%59615.00us

  Detailed Percentile spectrum:
       Value   Percentile   TotalCount 1/(1-Percentile)

      64.000     0.000000            1         1.00
     655.000     0.100000        69955         1.11
     887.000     0.200000       139644         1.25
    1062.000     0.300000       209475         1.43
    1206.000     0.400000       279274         1.67
    1338.000     0.500000       349420         2.00
    1407.000     0.550000       384066         2.22
    1480.000     0.600000       419033         2.50
    1560.000     0.650000       454084         2.86
    1646.000     0.700000       488745         3.33
    1745.000     0.750000       523814         4.00
    1802.000     0.775000       541329         4.44
    1865.000     0.800000       558713         5.00
    1939.000     0.825000       576129         5.71
    2027.000     0.850000       593504         6.67
    2145.000     0.875000       610937         8.00
    2223.000     0.887500       619812         8.89
    2321.000     0.900000       628479        10.00
    2451.000     0.912500       637097        11.43
    2641.000     0.925000       645844        13.33
    2901.000     0.937500       654608        16.00
    3033.000     0.943750       658911        17.78
    3147.000     0.950000       663358        20.00
    3233.000     0.956250       667639        22.86
    3309.000     0.962500       672083        26.67
    3375.000     0.968750       676379        32.00
    3407.000     0.971875       678643        35.56
    3437.000     0.975000       680730        40.00
    3475.000     0.978125       683012        45.71
    3517.000     0.981250       685122        53.33
    3567.000     0.984375       687272        64.00
    3599.000     0.985938       688409        71.11
    3635.000     0.987500       689503        80.00
    3677.000     0.989062       690583        91.43
    3727.000     0.990625       691670       106.67
    3789.000     0.992188       692747       128.00
    3823.000     0.992969       693284       142.22
    3865.000     0.993750       693825       160.00
    3929.000     0.994531       694366       182.86
    4037.000     0.995313       694909       213.33
    4227.000     0.996094       695455       256.00
    4363.000     0.996484       695732       284.44
    4555.000     0.996875       696002       320.00
    4711.000     0.997266       696277       365.71
    4839.000     0.997656       696550       426.67
    4967.000     0.998047       696826       512.00
    5023.000     0.998242       696954       568.89
    5071.000     0.998437       697091       640.00
    5123.000     0.998633       697230       731.43
    5175.000     0.998828       697368       853.33
    5239.000     0.999023       697501      1024.00
    5275.000     0.999121       697572      1137.78
    5319.000     0.999219       697638      1280.00
    5367.000     0.999316       697709      1462.86
    5447.000     0.999414       697774      1706.67
    5535.000     0.999512       697842      2048.00
    5599.000     0.999561       697876      2275.56
    5663.000     0.999609       697910      2560.00
    5727.000     0.999658       697943      2925.71
    6039.000     0.999707       697977      3413.33
   12231.000     0.999756       698011      4096.00
   13623.000     0.999780       698028      4551.11
   13735.000     0.999805       698045      5120.00
   13807.000     0.999829       698063      5851.43
   13855.000     0.999854       698081      6826.67
   13927.000     0.999878       698097      8192.00
   13951.000     0.999890       698105      9102.22
   14023.000     0.999902       698113     10240.00
   14079.000     0.999915       698123     11702.86
   18735.000     0.999927       698130     13653.33
   22207.000     0.999939       698140     16384.00
   25711.000     0.999945       698143     18204.44
   28655.000     0.999951       698147     20480.00
   29503.000     0.999957       698152     23405.71
   30063.000     0.999963       698156     27306.67
   31039.000     0.999969       698160     32768.00
   31487.000     0.999973       698162     36408.89
   32671.000     0.999976       698164     40960.00
   35935.000     0.999979       698167     46811.43
   39071.000     0.999982       698169     54613.33
   42527.000     0.999985       698171     65536.00
   44479.000     0.999986       698172     72817.78
   46175.000     0.999988       698173     81920.00
   47807.000     0.999989       698174     93622.86
   49471.000     0.999991       698175    109226.67
   51231.000     0.999992       698176    131072.00
   52639.000     0.999993       698177    145635.56
   52639.000     0.999994       698177    163840.00
   54367.000     0.999995       698178    187245.71
   54367.000     0.999995       698178    218453.33
   56191.000     0.999996       698179    262144.00
   56191.000     0.999997       698179    291271.11
   56191.000     0.999997       698179    327680.00
   57951.000     0.999997       698180    374491.43
   57951.000     0.999998       698180    436906.67
   57951.000     0.999998       698180    524288.00
   57951.000     0.999998       698180    582542.22
   57951.000     0.999998       698180    655360.00
   59615.000     0.999999       698181    748982.86
   59615.000     1.000000       698181          inf
#[Mean    =     1454.788, StdDeviation   =      808.402]
#[Max     =    59584.000, Total count    =       698181]
#[Buckets =           27, SubBuckets     =         2048]
----------------------------------------------------------
  698216 requests in 10.00s, 58.60MB read
Requests/sec:  69849.32
Transfer/sec:      5.86MB

