Command: /tmp/wrk2/wrk http://10.10.1.1:8000/index.html -c 256 -t 8 -R 7000 -d 10 -L -U
Return code: 0
STDOUT:
Running 10s test @ http://10.10.1.1:8000/index.html
  8 threads and 256 connections
  Thread Stats   Avg      Stdev     Max   +/- Stdev
    Latency   1400.04u 1135.71us51200.00u   98.33%
    Req/Sec       -nan      -nan   0.00      0.00%
  Latency Distribution (HdrHistogram - Recorded Latency)
 50.000% 1341.00us
 75.000% 1703.00us
 90.000% 2039.00us
 99.000% 2699.00us
 99.900%11943.00us
 99.990%46431.00us
 99.999%50431.00us
100.000%51231.00us

  Detailed Percentile spectrum:
       Value   Percentile   TotalCount 1/(1-Percentile)

     223.000     0.000000            1         1.00
     722.000     0.100000         6888         1.11
     899.000     0.200000        13774         1.25
    1056.000     0.300000        20635         1.43
    1200.000     0.400000        27502         1.67
    1341.000     0.500000        34407         2.00
    1411.000     0.550000        37855         2.22
    1480.000     0.600000        41287         2.50
    1550.000     0.650000        44708         2.86
    1624.000     0.700000        48159         3.33
    1703.000     0.750000        51567         4.00
    1747.000     0.775000        53289         4.44
    1796.000     0.800000        55024         5.00
    1847.000     0.825000        56723         5.71
    1906.000     0.850000        58455         6.67
    1968.000     0.875000        60174         8.00
    2002.000     0.887500        61036         8.89
    2039.000     0.900000        61883        10.00
    2081.000     0.912500        62771        11.43
    2127.000     0.925000        63622        13.33
    2179.000     0.937500        64468        16.00
    2209.000     0.943750        64891        17.78
    2243.000     0.950000        65312        20.00
    2283.000     0.956250        65748        22.86
    2325.000     0.962500        66183        26.67
    2373.000     0.968750        66604        32.00
    2401.000     0.971875        66812        35.56
    2431.000     0.975000        67028        40.00
    2467.000     0.978125        67239        45.71
    2507.000     0.981250        67463        53.33
    2555.000     0.984375        67668        64.00
    2593.000     0.985938        67780        71.11
    2625.000     0.987500        67883        80.00
    2673.000     0.989062        67994        91.43
    2723.000     0.990625        68103       106.67
    2787.000     0.992188        68205       128.00
    2825.000     0.992969        68261       142.22
    2863.000     0.993750        68316       160.00
    2903.000     0.994531        68367       182.86
    2947.000     0.995313        68420       213.33
    3033.000     0.996094        68474       256.00
    3075.000     0.996484        68501       284.44
    3133.000     0.996875        68529       320.00
    3197.000     0.997266        68555       365.71
    3287.000     0.997656        68581       426.67
    3927.000     0.998047        68608       512.00
    4771.000     0.998242        68622       568.89
    5931.000     0.998437        68635       640.00
    9567.000     0.998633        68649       731.43
   10055.000     0.998828        68662       853.33
   12351.000     0.999023        68675      1024.00
   14215.000     0.999121        68682      1137.78
   17647.000     0.999219        68689      1280.00
   22319.000     0.999316        68696      1462.86
   26719.000     0.999414        68702      1706.67
   31359.000     0.999512        68709      2048.00
   32047.000     0.999561        68712      2275.56
   36063.000     0.999609        68716      2560.00
   36703.000     0.999658        68719      2925.71
   40607.000     0.999707        68722      3413.33
   41247.000     0.999756        68726      4096.00
   41535.000     0.999780        68727      4551.11
   45023.000     0.999805        68729      5120.00
   45215.000     0.999829        68731      5851.43
   45247.000     0.999854        68732      6826.67
   46271.000     0.999878        68734      8192.00
   46431.000     0.999890        68735      9102.22
   49791.000     0.999902        68736     10240.00
   50047.000     0.999915        68737     11702.86
   50047.000     0.999927        68737     13653.33
   50207.000     0.999939        68738     16384.00
   50399.000     0.999945        68739     18204.44
   50399.000     0.999951        68739     20480.00
   50431.000     0.999957        68741     23405.71
   50431.000     0.999963        68741     27306.67
   50431.000     0.999969        68741     32768.00
   50431.000     0.999973        68741     36408.89
   50431.000     0.999976        68741     40960.00
   50431.000     0.999979        68741     46811.43
   50431.000     0.999982        68741     54613.33
   50431.000     0.999985        68741     65536.00
   51231.000     0.999986        68742     72817.78
   51231.000     1.000000        68742          inf
#[Mean    =     1400.040, StdDeviation   =     1135.708]
#[Max     =    51200.000, Total count    =        68742]
#[Buckets =           27, SubBuckets     =         2048]
----------------------------------------------------------

  Latency Distribution (HdrHistogram - Uncorrected Latency (measured without taking delayed starts into account))
 50.000%  544.00us
 75.000%  694.00us
 90.000%  913.00us
 99.000% 1453.00us
 99.900% 7695.00us
 99.990%46239.00us
 99.999%50207.00us
100.000%50943.00us

  Detailed Percentile spectrum:
       Value   Percentile   TotalCount 1/(1-Percentile)

     104.000     0.000000            1         1.00
     362.000     0.100000         6918         1.11
     415.000     0.200000        13874         1.25
     458.000     0.300000        20806         1.43
     499.000     0.400000        27578         1.67
     544.000     0.500000        34408         2.00
     569.000     0.550000        37833         2.22
     596.000     0.600000        41277         2.50
     626.000     0.650000        44781         2.86
     657.000     0.700000        48143         3.33
     694.000     0.750000        51592         4.00
     716.000     0.775000        53329         4.44
     739.000     0.800000        54994         5.00
     768.000     0.825000        56725         5.71
     806.000     0.850000        58470         6.67
     852.000     0.875000        60160         8.00
     879.000     0.887500        61019         8.89
     913.000     0.900000        61884        10.00
     952.000     0.912500        62734        11.43
     999.000     0.925000        63589        13.33
    1056.000     0.937500        64452        16.00
    1090.000     0.943750        64885        17.78
    1127.000     0.950000        65308        20.00
    1163.000     0.956250        65737        22.86
    1203.000     0.962500        66172        26.67
    1245.000     0.968750        66609        32.00
    1267.000     0.971875        66811        35.56
    1289.000     0.975000        67034        40.00
    1316.000     0.978125        67242        45.71
    1346.000     0.981250        67461        53.33
    1379.000     0.984375        67669        64.00
    1397.000     0.985938        67776        71.11
    1418.000     0.987500        67887        80.00
    1439.000     0.989062        67992        91.43
    1465.000     0.990625        68099       106.67
    1489.000     0.992188        68206       128.00
    1506.000     0.992969        68261       142.22
    1520.000     0.993750        68314       160.00
    1542.000     0.994531        68367       182.86
    1568.000     0.995313        68421       213.33
    1599.000     0.996094        68474       256.00
    1620.000     0.996484        68503       284.44
    1643.000     0.996875        68528       320.00
    1675.000     0.997266        68555       365.71
    1727.000     0.997656        68582       426.67
    1824.000     0.998047        68609       512.00
    2333.000     0.998242        68622       568.89
    2581.000     0.998437        68635       640.00
    2937.000     0.998633        68649       731.43
    3621.000     0.998828        68662       853.33
    7871.000     0.999023        68675      1024.00
   11783.000     0.999121        68682      1137.78
   12047.000     0.999219        68689      1280.00
   21967.000     0.999316        68696      1462.86
   26303.000     0.999414        68702      1706.67
   31151.000     0.999512        68709      2048.00
   31743.000     0.999561        68712      2275.56
   35967.000     0.999609        68716      2560.00
   36415.000     0.999658        68719      2925.71
   40447.000     0.999707        68722      3413.33
   40959.000     0.999756        68726      4096.00
   41279.000     0.999780        68727      4551.11
   44767.000     0.999805        68729      5120.00
   45023.000     0.999829        68731      5851.43
   45087.000     0.999854        68732      6826.67
   45983.000     0.999878        68734      8192.00
   46239.000     0.999890        68735      9102.22
   49535.000     0.999902        68736     10240.00
   49695.000     0.999915        68737     11702.86
   49695.000     0.999927        68737     13653.33
   49919.000     0.999939        68738     16384.00
   50175.000     0.999945        68739     18204.44
   50175.000     0.999951        68739     20480.00
   50207.000     0.999957        68741     23405.71
   50207.000     0.999963        68741     27306.67
   50207.000     0.999969        68741     32768.00
   50207.000     0.999973        68741     36408.89
   50207.000     0.999976        68741     40960.00
   50207.000     0.999979        68741     46811.43
   50207.000     0.999982        68741     54613.33
   50207.000     0.999985        68741     65536.00
   50943.000     0.999986        68742     72817.78
   50943.000     1.000000        68742          inf
#[Mean    =      629.581, StdDeviation   =     1033.458]
#[Max     =    50912.000, Total count    =        68742]
#[Buckets =           27, SubBuckets     =         2048]
----------------------------------------------------------
  68751 requests in 10.00s, 5.77MB read
Requests/sec:   6875.22
Transfer/sec:    590.84KB

