Command: /tmp/wrk2/wrk http://10.10.1.1:8000/index.html -c 256 -t 32 -R 1000 -d 10 -L -U
Return code: 0
STDOUT:
Running 10s test @ http://10.10.1.1:8000/index.html
  32 threads and 256 connections
  Thread Stats   Avg      Stdev     Max   +/- Stdev
    Latency   1852.12u 1958.24us24672.00u   97.37%
    Req/Sec       -nan      -nan   0.00      0.00%
  Latency Distribution (HdrHistogram - Recorded Latency)
 50.000% 1503.00us
 75.000% 1965.00us
 90.000% 2683.00us
 99.000%14367.00us
 99.900%21647.00us
 99.990%24655.00us
 99.999%24687.00us
100.000%24687.00us

  Detailed Percentile spectrum:
       Value   Percentile   TotalCount 1/(1-Percentile)

     308.000     0.000000            1         1.00
     846.000     0.100000         1005         1.11
    1053.000     0.200000         2011         1.25
    1220.000     0.300000         3015         1.43
    1362.000     0.400000         4019         1.67
    1503.000     0.500000         5026         2.00
    1573.000     0.550000         5526         2.22
    1657.000     0.600000         6029         2.50
    1754.000     0.650000         6530         2.86
    1852.000     0.700000         7036         3.33
    1965.000     0.750000         7534         4.00
    2035.000     0.775000         7788         4.44
    2105.000     0.800000         8040         5.00
    2185.000     0.825000         8290         5.71
    2297.000     0.850000         8539         6.67
    2439.000     0.875000         8793         8.00
    2539.000     0.887500         8915         8.89
    2683.000     0.900000         9041        10.00
    2833.000     0.912500         9167        11.43
    2945.000     0.925000         9292        13.33
    3075.000     0.937500         9419        16.00
    3127.000     0.943750         9480        17.78
    3209.000     0.950000         9545        20.00
    3281.000     0.956250         9606        22.86
    3389.000     0.962500         9671        26.67
    3505.000     0.968750         9732        32.00
    3645.000     0.971875         9763        35.56
    4491.000     0.975000         9794        40.00
    5947.000     0.978125         9826        45.71
    6971.000     0.981250         9857        53.33
    9767.000     0.984375         9889        64.00
   10183.000     0.985938         9904        71.11
   11447.000     0.987500         9920        80.00
   13375.000     0.989062         9936        91.43
   14583.000     0.990625         9952       106.67
   15519.000     0.992188         9967       128.00
   16071.000     0.992969         9977       142.22
   16255.000     0.993750         9983       160.00
   16735.000     0.994531         9991       182.86
   17279.000     0.995313         9998       213.33
   17775.000     0.996094        10006       256.00
   18255.000     0.996484        10010       284.44
   18479.000     0.996875        10014       320.00
   18703.000     0.997266        10018       365.71
   19311.000     0.997656        10022       426.67
   19743.000     0.998047        10026       512.00
   19951.000     0.998242        10028       568.89
   20319.000     0.998437        10030       640.00
   20831.000     0.998633        10032       731.43
   21519.000     0.998828        10034       853.33
   21951.000     0.999023        10036      1024.00
   21999.000     0.999121        10037      1137.78
   22367.000     0.999219        10038      1280.00
   22895.000     0.999316        10039      1462.86
   23391.000     0.999414        10040      1706.67
   23743.000     0.999512        10041      2048.00
   23743.000     0.999561        10041      2275.56
   23855.000     0.999609        10042      2560.00
   23855.000     0.999658        10042      2925.71
   23903.000     0.999707        10043      3413.33
   23903.000     0.999756        10043      4096.00
   23903.000     0.999780        10043      4551.11
   24655.000     0.999805        10044      5120.00
   24655.000     0.999829        10044      5851.43
   24655.000     0.999854        10044      6826.67
   24655.000     0.999878        10044      8192.00
   24655.000     0.999890        10044      9102.22
   24687.000     0.999902        10045     10240.00
   24687.000     1.000000        10045          inf
#[Mean    =     1852.118, StdDeviation   =     1958.240]
#[Max     =    24672.000, Total count    =        10045]
#[Buckets =           27, SubBuckets     =         2048]
----------------------------------------------------------

  Latency Distribution (HdrHistogram - Uncorrected Latency (measured without taking delayed starts into account))
 50.000%  653.00us
 75.000%  948.00us
 90.000% 1772.00us
 99.000% 7499.00us
 99.900%21423.00us
 99.990%24399.00us
 99.999%24447.00us
100.000%24447.00us

  Detailed Percentile spectrum:
       Value   Percentile   TotalCount 1/(1-Percentile)

     168.000     0.000000            1         1.00
     443.000     0.100000         1020         1.11
     496.000     0.200000         2024         1.25
     547.000     0.300000         3025         1.43
     598.000     0.400000         4025         1.67
     653.000     0.500000         5037         2.00
     682.000     0.550000         5535         2.22
     715.000     0.600000         6041         2.50
     760.000     0.650000         6530         2.86
     829.000     0.700000         7033         3.33
     948.000     0.750000         7534         4.00
    1033.000     0.775000         7785         4.44
    1139.000     0.800000         8038         5.00
    1276.000     0.825000         8290         5.71
    1443.000     0.850000         8540         6.67
    1608.000     0.875000         8793         8.00
    1691.000     0.887500         8916         8.89
    1772.000     0.900000         9041        10.00
    1842.000     0.912500         9167        11.43
    1911.000     0.925000         9292        13.33
    2003.000     0.937500         9419        16.00
    2053.000     0.943750         9482        17.78
    2103.000     0.950000         9544        20.00
    2161.000     0.956250         9606        22.86
    2225.000     0.962500         9669        26.67
    2347.000     0.968750         9732        32.00
    2417.000     0.971875         9763        35.56
    2509.000     0.975000         9795        40.00
    3039.000     0.978125         9826        45.71
    4487.000     0.981250         9857        53.33
    5319.000     0.984375         9889        64.00
    5679.000     0.985938         9904        71.11
    5831.000     0.987500         9920        80.00
    6583.000     0.989062         9936        91.43
    8003.000     0.990625         9951       106.67
    9639.000     0.992188         9968       128.00
    9911.000     0.992969         9975       142.22
    9975.000     0.993750         9983       160.00
   10535.000     0.994531         9991       182.86
   14391.000     0.995313         9998       213.33
   15799.000     0.996094        10006       256.00
   16239.000     0.996484        10010       284.44
   16831.000     0.996875        10014       320.00
   17439.000     0.997266        10018       365.71
   18239.000     0.997656        10022       426.67
   19007.000     0.998047        10026       512.00
   19199.000     0.998242        10028       568.89
   19359.000     0.998437        10030       640.00
   20431.000     0.998633        10032       731.43
   21295.000     0.998828        10034       853.33
   21599.000     0.999023        10036      1024.00
   21615.000     0.999121        10037      1137.78
   22095.000     0.999219        10038      1280.00
   22591.000     0.999316        10039      1462.86
   23071.000     0.999414        10040      1706.67
   23423.000     0.999512        10041      2048.00
   23423.000     0.999561        10041      2275.56
   23551.000     0.999609        10042      2560.00
   23551.000     0.999658        10042      2925.71
   23663.000     0.999707        10043      3413.33
   23663.000     0.999756        10043      4096.00
   23663.000     0.999780        10043      4551.11
   24399.000     0.999805        10044      5120.00
   24399.000     0.999829        10044      5851.43
   24399.000     0.999854        10044      6826.67
   24399.000     0.999878        10044      8192.00
   24399.000     0.999890        10044      9102.22
   24447.000     0.999902        10045     10240.00
   24447.000     1.000000        10045          inf
#[Mean    =     1003.742, StdDeviation   =     1547.288]
#[Max     =    24432.000, Total count    =        10045]
#[Buckets =           27, SubBuckets     =         2048]
----------------------------------------------------------
  10079 requests in 10.00s, 866.16KB read
Requests/sec:   1007.89
Transfer/sec:     86.62KB

