Command: /tmp/wrk2/wrk http://10.10.1.1:8000/index.html -c 256 -t 8 -R 75000 -d 10 -L -U
Return code: 0
STDOUT:
Running 10s test @ http://10.10.1.1:8000/index.html
  8 threads and 256 connections
  Thread Stats   Avg      Stdev     Max   +/- Stdev
    Latency   180759.0360016.89u3026944.0   92.23%
    Req/Sec       -nan      -nan   0.00      0.00%
  Latency Distribution (HdrHistogram - Recorded Latency)
 50.000%76351.00us
 75.000%116671.00u
 90.000%353023.00u
 99.000%2131967.00
 99.900%2791423.00
 99.990%2967551.00
 99.999%3020799.00
100.000%3028991.00

  Detailed Percentile spectrum:
       Value   Percentile   TotalCount 1/(1-Percentile)

     143.000     0.000000            1         1.00
   37343.000     0.100000        71697         1.11
   45919.000     0.200000       142976         1.25
   55103.000     0.300000       214630         1.43
   65151.000     0.400000       285974         1.67
   76351.000     0.500000       357476         2.00
   86143.000     0.550000       393294         2.22
   97471.000     0.600000       428999         2.50
  105087.000     0.650000       464606         2.86
  110847.000     0.700000       500356         3.33
  116671.000     0.750000       536238         4.00
  119615.000     0.775000       553942         4.44
  123519.000     0.800000       571804         5.00
  131711.000     0.825000       589752         5.71
  159359.000     0.850000       607573         6.67
  222975.000     0.875000       625421         8.00
  274943.000     0.887500       634342         8.89
  353023.000     0.900000       643272        10.00
  459263.000     0.912500       652219        11.43
  568831.000     0.925000       661161        13.33
  695807.000     0.937500       670085        16.00
  768511.000     0.943750       674562        17.78
  855551.000     0.950000       679021        20.00
  958463.000     0.956250       683477        22.86
 1079295.000     0.962500       687956        26.67
 1215487.000     0.968750       692410        32.00
 1285119.000     0.971875       694651        35.56
 1364991.000     0.975000       696883        40.00
 1478655.000     0.978125       699118        45.71
 1601535.000     0.981250       701343        53.33
 1752063.000     0.984375       703579        64.00
 1844223.000     0.985938       704695        71.11
 1949695.000     0.987500       705815        80.00
 2065407.000     0.989062       706926        91.43
 2177023.000     0.990625       708048       106.67
 2289663.000     0.992188       709170       128.00
 2340863.000     0.992969       709730       142.22
 2394111.000     0.993750       710283       160.00
 2441215.000     0.994531       710846       182.86
 2492415.000     0.995313       711404       213.33
 2547711.000     0.996094       711955       256.00
 2576383.000     0.996484       712246       284.44
 2605055.000     0.996875       712525       320.00
 2633727.000     0.997266       712792       365.71
 2666495.000     0.997656       713077       426.67
 2703359.000     0.998047       713363       512.00
 2721791.000     0.998242       713493       568.89
 2736127.000     0.998437       713628       640.00
 2754559.000     0.998633       713782       731.43
 2772991.000     0.998828       713909       853.33
 2793471.000     0.999023       714046      1024.00
 2805759.000     0.999121       714116      1137.78
 2818047.000     0.999219       714190      1280.00
 2832383.000     0.999316       714264      1462.86
 2846719.000     0.999414       714325      1706.67
 2867199.000     0.999512       714400      2048.00
 2875391.000     0.999561       714431      2275.56
 2885631.000     0.999609       714465      2560.00
 2897919.000     0.999658       714501      2925.71
 2912255.000     0.999707       714540      3413.33
 2926591.000     0.999756       714573      4096.00
 2932735.000     0.999780       714588      4551.11
 2938879.000     0.999805       714604      5120.00
 2947071.000     0.999829       714626      5851.43
 2953215.000     0.999854       714641      6826.67
 2959359.000     0.999878       714657      8192.00
 2963455.000     0.999890       714666      9102.22
 2969599.000     0.999902       714676     10240.00
 2971647.000     0.999915       714682     11702.86
 2977791.000     0.999927       714692     13653.33
 2983935.000     0.999939       714701     16384.00
 2988031.000     0.999945       714708     18204.44
 2990079.000     0.999951       714710     20480.00
 2992127.000     0.999957       714713     23405.71
 2996223.000     0.999963       714718     27306.67
 3002367.000     0.999969       714722     32768.00
 3004415.000     0.999973       714724     36408.89
 3006463.000     0.999976       714727     40960.00
 3008511.000     0.999979       714728     46811.43
 3010559.000     0.999982       714730     54613.33
 3016703.000     0.999985       714733     65536.00
 3018751.000     0.999986       714734     72817.78
 3020799.000     0.999988       714737     81920.00
 3020799.000     0.999989       714737     93622.86
 3020799.000     0.999991       714737    109226.67
 3022847.000     0.999992       714740    131072.00
 3022847.000     0.999993       714740    145635.56
 3022847.000     0.999994       714740    163840.00
 3022847.000     0.999995       714740    187245.71
 3022847.000     0.999995       714740    218453.33
 3024895.000     0.999996       714741    262144.00
 3024895.000     0.999997       714741    291271.11
 3024895.000     0.999997       714741    327680.00
 3026943.000     0.999997       714742    374491.43
 3026943.000     0.999998       714742    436906.67
 3026943.000     0.999998       714742    524288.00
 3026943.000     0.999998       714742    582542.22
 3026943.000     0.999998       714742    655360.00
 3028991.000     0.999999       714743    748982.86
 3028991.000     1.000000       714743          inf
#[Mean    =   180759.037, StdDeviation   =   360016.891]
#[Max     =  3026944.000, Total count    =       714743]
#[Buckets =           27, SubBuckets     =         2048]
----------------------------------------------------------

  Latency Distribution (HdrHistogram - Uncorrected Latency (measured without taking delayed starts into account))
 50.000% 3439.00us
 75.000% 3513.00us
 90.000% 3623.00us
 99.000% 5231.00us
 99.900% 5487.00us
 99.990%13007.00us
 99.999%24895.00us
100.000%29551.00us

  Detailed Percentile spectrum:
       Value   Percentile   TotalCount 1/(1-Percentile)

      72.000     0.000000            1         1.00
    3285.000     0.100000        71625         1.11
    3345.000     0.200000       145893         1.25
    3383.000     0.300000       216688         1.43
    3413.000     0.400000       288171         1.67
    3439.000     0.500000       359548         2.00
    3451.000     0.550000       393656         2.22
    3465.000     0.600000       432275         2.50
    3479.000     0.650000       468020         2.86
    3495.000     0.700000       503773         3.33
    3513.000     0.750000       537535         4.00
    3525.000     0.775000       556311         4.44
    3537.000     0.800000       572667         5.00
    3553.000     0.825000       591597         5.71
    3569.000     0.850000       607541         6.67
    3593.000     0.875000       626684         8.00
    3607.000     0.887500       635459         8.89
    3623.000     0.900000       643819        10.00
    3645.000     0.912500       652414        11.43
    3681.000     0.925000       661295        13.33
    3805.000     0.937500       670118        16.00
    4763.000     0.943750       674541        17.78
    4919.000     0.950000       679107        20.00
    4983.000     0.956250       683697        22.86
    5031.000     0.962500       688205        26.67
    5071.000     0.968750       692498        32.00
    5091.000     0.971875       694738        35.56
    5111.000     0.975000       696900        40.00
    5135.000     0.978125       699404        45.71
    5155.000     0.981250       701392        53.33
    5179.000     0.984375       703581        64.00
    5195.000     0.985938       704977        71.11
    5207.000     0.987500       705887        80.00
    5223.000     0.989062       707097        91.43
    5239.000     0.990625       708215       106.67
    5255.000     0.992188       709213       128.00
    5267.000     0.992969       709912       142.22
    5275.000     0.993750       710315       160.00
    5287.000     0.994531       710841       182.86
    5303.000     0.995313       711478       213.33
    5319.000     0.996094       711971       256.00
    5331.000     0.996484       712315       284.44
    5339.000     0.996875       712512       320.00
    5355.000     0.997266       712842       365.71
    5371.000     0.997656       713099       426.67
    5391.000     0.998047       713384       512.00
    5403.000     0.998242       713525       568.89
    5415.000     0.998437       713645       640.00
    5435.000     0.998633       713794       731.43
    5455.000     0.998828       713911       853.33
    5499.000     0.999023       714049      1024.00
    5559.000     0.999121       714116      1137.78
    5699.000     0.999219       714186      1280.00
    6123.000     0.999316       714255      1462.86
    6371.000     0.999414       714326      1706.67
    6619.000     0.999512       714396      2048.00
    6775.000     0.999561       714429      2275.56
    6939.000     0.999609       714466      2560.00
    7599.000     0.999658       714499      2925.71
    8171.000     0.999707       714534      3413.33
    8695.000     0.999756       714569      4096.00
   10023.000     0.999780       714586      4551.11
   10839.000     0.999805       714604      5120.00
   11199.000     0.999829       714621      5851.43
   11671.000     0.999854       714639      6826.67
   12199.000     0.999878       714656      8192.00
   12751.000     0.999890       714665      9102.22
   13087.000     0.999902       714674     10240.00
   13743.000     0.999915       714683     11702.86
   15079.000     0.999927       714691     13653.33
   16079.000     0.999939       714700     16384.00
   16239.000     0.999945       714704     18204.44
   17903.000     0.999951       714709     20480.00
   19215.000     0.999957       714713     23405.71
   19855.000     0.999963       714717     27306.67
   20319.000     0.999969       714722     32768.00
   21135.000     0.999973       714724     36408.89
   21199.000     0.999976       714726     40960.00
   21311.000     0.999979       714728     46811.43
   24111.000     0.999982       714730     54613.33
   24735.000     0.999985       714733     65536.00
   24783.000     0.999986       714734     72817.78
   24895.000     0.999988       714736     81920.00
   24895.000     0.999989       714736     93622.86
   24959.000     0.999991       714737    109226.67
   25135.000     0.999992       714738    131072.00
   25183.000     0.999993       714739    145635.56
   25183.000     0.999994       714739    163840.00
   26031.000     0.999995       714740    187245.71
   26031.000     0.999995       714740    218453.33
   26095.000     0.999996       714741    262144.00
   26095.000     0.999997       714741    291271.11
   26095.000     0.999997       714741    327680.00
   26111.000     0.999997       714742    374491.43
   26111.000     0.999998       714742    436906.67
   26111.000     0.999998       714742    524288.00
   26111.000     0.999998       714742    582542.22
   26111.000     0.999998       714742    655360.00
   29551.000     0.999999       714743    748982.86
   29551.000     1.000000       714743          inf
#[Mean    =     3516.040, StdDeviation   =      486.773]
#[Max     =    29536.000, Total count    =       714743]
#[Buckets =           27, SubBuckets     =         2048]
----------------------------------------------------------
  714761 requests in 10.00s, 59.99MB read
Requests/sec:  71478.57
Transfer/sec:      6.00MB

