Command: /tmp/wrk2/wrk http://10.10.1.1:8000/index.html -c 256 -t 8 -R 1000 -d 10 -L -U
Return code: 0
STDOUT:
Running 10s test @ http://10.10.1.1:8000/index.html
  8 threads and 256 connections
  Thread Stats   Avg      Stdev     Max   +/- Stdev
    Latency   1301.22u  451.44us7452.00us   70.16%
    Req/Sec       -nan      -nan   0.00      0.00%
  Latency Distribution (HdrHistogram - Recorded Latency)
 50.000% 1284.00us
 75.000% 1569.00us
 90.000% 1850.00us
 99.000% 2341.00us
 99.900% 3673.00us
 99.990% 7295.00us
 99.999% 7455.00us
100.000% 7455.00us

  Detailed Percentile spectrum:
       Value   Percentile   TotalCount 1/(1-Percentile)

     385.000     0.000000            1         1.00
     762.000     0.100000         1002         1.11
     908.000     0.200000         2004         1.25
    1039.000     0.300000         3005         1.43
    1165.000     0.400000         4009         1.67
    1284.000     0.500000         5005         2.00
    1340.000     0.550000         5512         2.22
    1395.000     0.600000         6006         2.50
    1451.000     0.650000         6512         2.86
    1506.000     0.700000         7010         3.33
    1569.000     0.750000         7511         4.00
    1601.000     0.775000         7758         4.44
    1641.000     0.800000         8010         5.00
    1681.000     0.825000         8257         5.71
    1730.000     0.850000         8507         6.67
    1787.000     0.875000         8759         8.00
    1817.000     0.887500         8887         8.89
    1850.000     0.900000         9008        10.00
    1893.000     0.912500         9136        11.43
    1935.000     0.925000         9261        13.33
    1993.000     0.937500         9385        16.00
    2023.000     0.943750         9446        17.78
    2053.000     0.950000         9509        20.00
    2081.000     0.956250         9574        22.86
    2109.000     0.962500         9635        26.67
    2141.000     0.968750         9702        32.00
    2157.000     0.971875         9728        35.56
    2179.000     0.975000         9759        40.00
    2209.000     0.978125         9794        45.71
    2223.000     0.981250         9821        53.33
    2259.000     0.984375         9854        64.00
    2273.000     0.985938         9868        71.11
    2307.000     0.987500         9885        80.00
    2329.000     0.989062         9899        91.43
    2347.000     0.990625         9916       106.67
    2375.000     0.992188         9930       128.00
    2399.000     0.992969         9939       142.22
    2421.000     0.993750         9947       160.00
    2447.000     0.994531         9955       182.86
    2471.000     0.995313         9962       213.33
    2501.000     0.996094         9969       256.00
    2517.000     0.996484         9973       284.44
    2533.000     0.996875         9977       320.00
    2561.000     0.997266         9981       365.71
    2615.000     0.997656         9985       426.67
    2669.000     0.998047         9989       512.00
    2733.000     0.998242         9991       568.89
    2769.000     0.998437         9993       640.00
    3209.000     0.998633         9995       731.43
    3663.000     0.998828         9997       853.33
    3709.000     0.999023         9999      1024.00
    6411.000     0.999121        10000      1137.78
    6439.000     0.999219        10001      1280.00
    6911.000     0.999316        10002      1462.86
    6971.000     0.999414        10003      1706.67
    7075.000     0.999512        10004      2048.00
    7075.000     0.999561        10004      2275.56
    7115.000     0.999609        10005      2560.00
    7115.000     0.999658        10005      2925.71
    7231.000     0.999707        10006      3413.33
    7231.000     0.999756        10006      4096.00
    7231.000     0.999780        10006      4551.11
    7295.000     0.999805        10007      5120.00
    7295.000     0.999829        10007      5851.43
    7295.000     0.999854        10007      6826.67
    7295.000     0.999878        10007      8192.00
    7295.000     0.999890        10007      9102.22
    7455.000     0.999902        10008     10240.00
    7455.000     1.000000        10008          inf
#[Mean    =     1301.217, StdDeviation   =      451.440]
#[Max     =     7452.000, Total count    =        10008]
#[Buckets =           27, SubBuckets     =         2048]
----------------------------------------------------------

  Latency Distribution (HdrHistogram - Uncorrected Latency (measured without taking delayed starts into account))
 50.000%  519.00us
 75.000%  648.00us
 90.000%  719.00us
 99.000%  834.00us
 99.900% 1527.00us
 99.990% 1887.00us
 99.999% 1914.00us
100.000% 1914.00us

  Detailed Percentile spectrum:
       Value   Percentile   TotalCount 1/(1-Percentile)

     174.000     0.000000            1         1.00
     405.000     0.100000         1004         1.11
     446.000     0.200000         2002         1.25
     467.000     0.300000         3038         1.43
     488.000     0.400000         4008         1.67
     519.000     0.500000         5029         2.00
     540.000     0.550000         5517         2.22
     563.000     0.600000         6008         2.50
     593.000     0.650000         6508         2.86
     622.000     0.700000         7012         3.33
     648.000     0.750000         7510         4.00
     659.000     0.775000         7771         4.44
     668.000     0.800000         8014         5.00
     679.000     0.825000         8257         5.71
     691.000     0.850000         8533         6.67
     704.000     0.875000         8765         8.00
     711.000     0.887500         8892         8.89
     719.000     0.900000         9009        10.00
     727.000     0.912500         9135        11.43
     736.000     0.925000         9270        13.33
     746.000     0.937500         9390        16.00
     752.000     0.943750         9450        17.78
     757.000     0.950000         9509        20.00
     766.000     0.956250         9580        22.86
     772.000     0.962500         9634        26.67
     781.000     0.968750         9701        32.00
     787.000     0.971875         9729        35.56
     793.000     0.975000         9763        40.00
     799.000     0.978125         9790        45.71
     805.000     0.981250         9821        53.33
     812.000     0.984375         9854        64.00
     818.000     0.985938         9869        71.11
     822.000     0.987500         9884        80.00
     832.000     0.989062         9900        91.43
     838.000     0.990625         9916       106.67
     847.000     0.992188         9932       128.00
     853.000     0.992969         9938       142.22
     859.000     0.993750         9946       160.00
     865.000     0.994531         9954       182.86
     875.000     0.995313         9962       213.33
     888.000     0.996094         9970       256.00
     894.000     0.996484         9973       284.44
     914.000     0.996875         9977       320.00
     951.000     0.997266         9981       365.71
    1025.000     0.997656         9985       426.67
    1154.000     0.998047         9989       512.00
    1283.000     0.998242         9991       568.89
    1332.000     0.998437         9993       640.00
    1415.000     0.998633         9995       731.43
    1496.000     0.998828         9997       853.33
    1527.000     0.999023         9999      1024.00
    1647.000     0.999121        10000      1137.78
    1706.000     0.999219        10001      1280.00
    1716.000     0.999316        10002      1462.86
    1772.000     0.999414        10003      1706.67
    1865.000     0.999512        10004      2048.00
    1865.000     0.999561        10004      2275.56
    1878.000     0.999609        10005      2560.00
    1878.000     0.999658        10005      2925.71
    1885.000     0.999707        10006      3413.33
    1885.000     0.999756        10006      4096.00
    1885.000     0.999780        10006      4551.11
    1887.000     0.999805        10007      5120.00
    1887.000     0.999829        10007      5851.43
    1887.000     0.999854        10007      6826.67
    1887.000     0.999878        10007      8192.00
    1887.000     0.999890        10007      9102.22
    1914.000     0.999902        10008     10240.00
    1914.000     1.000000        10008          inf
#[Mean    =      548.331, StdDeviation   =      131.072]
#[Max     =     1914.000, Total count    =        10008]
#[Buckets =           27, SubBuckets     =         2048]
----------------------------------------------------------
  10016 requests in 10.00s, 860.75KB read
Requests/sec:   1001.37
Transfer/sec:     86.05KB

