Command: /tmp/wrk2/wrk http://10.10.1.1:8000/index.html -c 256 -t 8 -R 60000 -d 10 -L -U
Return code: 0
STDOUT:
Running 10s test @ http://10.10.1.1:8000/index.html
  8 threads and 256 connections
  Thread Stats   Avg      Stdev     Max   +/- Stdev
    Latency   64194.90200874.32u1929216.0   93.57%
    Req/Sec       -nan      -nan   0.00      0.00%
  Latency Distribution (HdrHistogram - Recorded Latency)
 50.000% 9751.00us
 75.000%29167.00us
 90.000%84991.00us
 99.000%1204223.00
 99.900%1744895.00
 99.990%1884159.00
 99.999%1917951.00
100.000%1930239.00

  Detailed Percentile spectrum:
       Value   Percentile   TotalCount 1/(1-Percentile)

     103.000     0.000000            1         1.00
    3069.000     0.100000        58223         1.11
    4013.000     0.200000       116466         1.25
    4615.000     0.300000       174891         1.43
    5387.000     0.400000       232968         1.67
    9751.000     0.500000       291077         2.00
   14631.000     0.550000       320205         2.22
   18815.000     0.600000       349306         2.50
   22719.000     0.650000       378467         2.86
   26079.000     0.700000       407555         3.33
   29167.000     0.750000       436811         4.00
   30015.000     0.775000       451373         4.44
   30767.000     0.800000       465801         5.00
   31535.000     0.825000       480355         5.71
   32463.000     0.850000       494828         6.67
   39167.000     0.875000       509385         8.00
   53119.000     0.887500       516668         8.89
   84991.000     0.900000       523935        10.00
  134271.000     0.912500       531216        11.43
  201471.000     0.925000       538498        13.33
  277247.000     0.937500       545775        16.00
  321791.000     0.943750       549398        17.78
  375551.000     0.950000       553041        20.00
  438015.000     0.956250       556679        22.86
  506879.000     0.962500       560315        26.67
  577023.000     0.968750       563965        32.00
  617471.000     0.971875       565798        35.56
  669695.000     0.975000       567610        40.00
  749055.000     0.978125       569414        45.71
  844287.000     0.981250       571229        53.33
  965119.000     0.984375       573050        64.00
 1027071.000     0.985938       573957        71.11
 1092607.000     0.987500       574867        80.00
 1159167.000     0.989062       575775        91.43
 1233919.000     0.990625       576692       106.67
 1310719.000     0.992188       577602       128.00
 1351679.000     0.992969       578053       142.22
 1393663.000     0.993750       578514       160.00
 1436671.000     0.994531       578973       182.86
 1480703.000     0.995313       579424       213.33
 1526783.000     0.996094       579871       256.00
 1552383.000     0.996484       580100       284.44
 1576959.000     0.996875       580331       320.00
 1601535.000     0.997266       580556       365.71
 1626111.000     0.997656       580779       426.67
 1655807.000     0.998047       581016       512.00
 1671167.000     0.998242       581122       568.89
 1686527.000     0.998437       581237       640.00
 1704959.000     0.998633       581349       731.43
 1725439.000     0.998828       581463       853.33
 1747967.000     0.999023       581576      1024.00
 1761279.000     0.999121       581635      1137.78
 1773567.000     0.999219       581692      1280.00
 1785855.000     0.999316       581750      1462.86
 1798143.000     0.999414       581807      1706.67
 1811455.000     0.999512       581858      2048.00
 1818623.000     0.999561       581889      2275.56
 1826815.000     0.999609       581920      2560.00
 1835007.000     0.999658       581947      2925.71
 1844223.000     0.999707       581972      3413.33
 1853439.000     0.999756       582002      4096.00
 1857535.000     0.999780       582015      4551.11
 1862655.000     0.999805       582030      5120.00
 1867775.000     0.999829       582045      5851.43
 1871871.000     0.999854       582058      6826.67
 1878015.000     0.999878       582073      8192.00
 1882111.000     0.999890       582081      9102.22
 1886207.000     0.999902       582089     10240.00
 1888255.000     0.999915       582093     11702.86
 1892351.000     0.999927       582101     13653.33
 1896447.000     0.999939       582109     16384.00
 1898495.000     0.999945       582113     18204.44
 1900543.000     0.999951       582117     20480.00
 1901567.000     0.999957       582118     23405.71
 1903615.000     0.999963       582121     27306.67
 1904639.000     0.999969       582125     32768.00
 1906687.000     0.999973       582128     36408.89
 1906687.000     0.999976       582128     40960.00
 1908735.000     0.999979       582131     46811.43
 1909759.000     0.999982       582132     54613.33
 1913855.000     0.999985       582134     65536.00
 1915903.000     0.999986       582135     72817.78
 1915903.000     0.999988       582135     81920.00
 1917951.000     0.999989       582136     93622.86
 1919999.000     0.999991       582137    109226.67
 1922047.000     0.999992       582138    131072.00
 1924095.000     0.999993       582139    145635.56
 1924095.000     0.999994       582139    163840.00
 1924095.000     0.999995       582139    187245.71
 1926143.000     0.999995       582140    218453.33
 1926143.000     0.999996       582140    262144.00
 1928191.000     0.999997       582141    291271.11
 1928191.000     0.999997       582141    327680.00
 1928191.000     0.999997       582141    374491.43
 1928191.000     0.999998       582141    436906.67
 1928191.000     0.999998       582141    524288.00
 1930239.000     0.999998       582142    582542.22
 1930239.000     1.000000       582142          inf
#[Mean    =    64194.904, StdDeviation   =   200874.318]
#[Max     =  1929216.000, Total count    =       582142]
#[Buckets =           27, SubBuckets     =         2048]
----------------------------------------------------------

  Latency Distribution (HdrHistogram - Uncorrected Latency (measured without taking delayed starts into account))
 50.000% 4163.00us
 75.000% 4315.00us
 90.000% 4491.00us
 99.000% 6443.00us
 99.900% 6643.00us
 99.990% 7155.00us
 99.999%25151.00us
100.000%25983.00us

  Detailed Percentile spectrum:
       Value   Percentile   TotalCount 1/(1-Percentile)

      61.000     0.000000            1         1.00
    2415.000     0.100000        58233         1.11
    3571.000     0.200000       116559         1.25
    3903.000     0.300000       174762         1.43
    4067.000     0.400000       233239         1.67
    4163.000     0.500000       293568         2.00
    4195.000     0.550000       322113         2.22
    4223.000     0.600000       349664         2.50
    4255.000     0.650000       382344         2.86
    4283.000     0.700000       410602         3.33
    4315.000     0.750000       439347         4.00
    4331.000     0.775000       452343         4.44
    4351.000     0.800000       466704         5.00
    4375.000     0.825000       481923         5.71
    4403.000     0.850000       496509         6.67
    4439.000     0.875000       510669         8.00
    4459.000     0.887500       516809         8.89
    4491.000     0.900000       523944        10.00
    4547.000     0.912500       531488        11.43
    4691.000     0.925000       538522        13.33
    5139.000     0.937500       545762        16.00
    5435.000     0.943750       549430        17.78
    5739.000     0.950000       553053        20.00
    5959.000     0.956250       556696        22.86
    6143.000     0.962500       560357        26.67
    6235.000     0.968750       564066        32.00
    6267.000     0.971875       565909        35.56
    6295.000     0.975000       567680        40.00
    6323.000     0.978125       569411        45.71
    6355.000     0.981250       571419        53.33
    6383.000     0.984375       573165        64.00
    6399.000     0.985938       574156        71.11
    6415.000     0.987500       575047        80.00
    6431.000     0.989062       575894        91.43
    6451.000     0.990625       576845       106.67
    6471.000     0.992188       577742       128.00
    6479.000     0.992969       578068       142.22
    6491.000     0.993750       578509       160.00
    6503.000     0.994531       578968       182.86
    6519.000     0.995313       579491       213.33
    6535.000     0.996094       579966       256.00
    6543.000     0.996484       580161       284.44
    6551.000     0.996875       580358       320.00
    6563.000     0.997266       580623       365.71
    6571.000     0.997656       580782       426.67
    6587.000     0.998047       581014       512.00
    6599.000     0.998242       581159       568.89
    6607.000     0.998437       581240       640.00
    6619.000     0.998633       581355       731.43
    6631.000     0.998828       581482       853.33
    6643.000     0.999023       581581      1024.00
    6651.000     0.999121       581656      1137.78
    6659.000     0.999219       581702      1280.00
    6667.000     0.999316       581751      1462.86
    6679.000     0.999414       581804      1706.67
    6695.000     0.999512       581859      2048.00
    6711.000     0.999561       581901      2275.56
    6715.000     0.999609       581915      2560.00
    6727.000     0.999658       581945      2925.71
    6739.000     0.999707       581972      3413.33
    6755.000     0.999756       582001      4096.00
    6767.000     0.999780       582019      4551.11
    6779.000     0.999805       582031      5120.00
    6795.000     0.999829       582045      5851.43
    6815.000     0.999854       582058      6826.67
    6871.000     0.999878       582071      8192.00
    6987.000     0.999890       582079      9102.22
    7415.000     0.999902       582086     10240.00
    8439.000     0.999915       582093     11702.86
    9679.000     0.999927       582100     13653.33
   12367.000     0.999939       582107     16384.00
   12455.000     0.999945       582111     18204.44
   12751.000     0.999951       582114     20480.00
   16479.000     0.999957       582118     23405.71
   16767.000     0.999963       582121     27306.67
   19007.000     0.999969       582125     32768.00
   20495.000     0.999973       582127     36408.89
   20895.000     0.999976       582128     40960.00
   21119.000     0.999979       582130     46811.43
   21903.000     0.999982       582132     54613.33
   22015.000     0.999985       582134     65536.00
   25103.000     0.999986       582135     72817.78
   25103.000     0.999988       582135     81920.00
   25151.000     0.999989       582136     93622.86
   25199.000     0.999991       582137    109226.67
   25327.000     0.999992       582138    131072.00
   25711.000     0.999993       582139    145635.56
   25711.000     0.999994       582139    163840.00
   25711.000     0.999995       582139    187245.71
   25871.000     0.999995       582140    218453.33
   25871.000     0.999996       582140    262144.00
   25903.000     0.999997       582141    291271.11
   25903.000     0.999997       582141    327680.00
   25903.000     0.999997       582141    374491.43
   25903.000     0.999998       582141    436906.67
   25903.000     0.999998       582141    524288.00
   25983.000     0.999998       582142    582542.22
   25983.000     1.000000       582142          inf
#[Mean    =     3883.650, StdDeviation   =     1137.836]
#[Max     =    25968.000, Total count    =       582142]
#[Buckets =           27, SubBuckets     =         2048]
----------------------------------------------------------
  582158 requests in 10.00s, 48.86MB read
Requests/sec:  58217.66
Transfer/sec:      4.89MB

