Command: /tmp/wrk2/wrk http://10.10.1.1:8000/index.html -c 256 -t 8 -R 5000 -d 10 -L -U
Return code: 0
STDOUT:
Running 10s test @ http://10.10.1.1:8000/index.html
  8 threads and 256 connections
  Thread Stats   Avg      Stdev     Max   +/- Stdev
    Latency   1284.53u 1649.23us59328.00u   99.70%
    Req/Sec       -nan      -nan   0.00      0.00%
  Latency Distribution (HdrHistogram - Recorded Latency)
 50.000% 1197.00us
 75.000% 1535.00us
 90.000% 1839.00us
 99.000% 2331.00us
 99.900%32159.00us
 99.990%58335.00us
 99.999%59359.00us
100.000%59359.00us

  Detailed Percentile spectrum:
       Value   Percentile   TotalCount 1/(1-Percentile)

     205.000     0.000000            1         1.00
     639.000     0.100000         4994         1.11
     796.000     0.200000         9964         1.25
     934.000     0.300000        14927         1.43
    1066.000     0.400000        19923         1.67
    1197.000     0.500000        24887         2.00
    1260.000     0.550000        27350         2.22
    1325.000     0.600000        29849         2.50
    1392.000     0.650000        32343         2.86
    1460.000     0.700000        34810         3.33
    1535.000     0.750000        37317         4.00
    1577.000     0.775000        38553         4.44
    1621.000     0.800000        39799         5.00
    1668.000     0.825000        41041         5.71
    1720.000     0.850000        42278         6.67
    1774.000     0.875000        43525         8.00
    1807.000     0.887500        44134         8.89
    1839.000     0.900000        44770        10.00
    1873.000     0.912500        45396        11.43
    1911.000     0.925000        46000        13.33
    1956.000     0.937500        46618        16.00
    1980.000     0.943750        46928        17.78
    2007.000     0.950000        47243        20.00
    2036.000     0.956250        47555        22.86
    2067.000     0.962500        47862        26.67
    2107.000     0.968750        48176        32.00
    2131.000     0.971875        48340        35.56
    2151.000     0.975000        48487        40.00
    2181.000     0.978125        48643        45.71
    2207.000     0.981250        48796        53.33
    2243.000     0.984375        48953        64.00
    2265.000     0.985938        49030        71.11
    2285.000     0.987500        49105        80.00
    2313.000     0.989062        49182        91.43
    2345.000     0.990625        49261       106.67
    2377.000     0.992188        49338       128.00
    2399.000     0.992969        49378       142.22
    2423.000     0.993750        49415       160.00
    2453.000     0.994531        49454       182.86
    2497.000     0.995313        49492       213.33
    2557.000     0.996094        49531       256.00
    2613.000     0.996484        49551       284.44
    2669.000     0.996875        49570       320.00
    4175.000     0.997266        49590       365.71
    6003.000     0.997656        49609       426.67
    8343.000     0.998047        49628       512.00
   12599.000     0.998242        49638       568.89
   17631.000     0.998437        49648       640.00
   22031.000     0.998633        49658       731.43
   27087.000     0.998828        49667       853.33
   32271.000     0.999023        49677      1024.00
   35679.000     0.999121        49682      1137.78
   40255.000     0.999219        49687      1280.00
   41247.000     0.999316        49692      1462.86
   44767.000     0.999414        49697      1706.67
   45439.000     0.999512        49701      2048.00
   49599.000     0.999561        49704      2275.56
   49695.000     0.999609        49706      2560.00
   50623.000     0.999658        49709      2925.71
   53471.000     0.999707        49711      3413.33
   53567.000     0.999756        49713      4096.00
   54239.000     0.999780        49715      4551.11
   54463.000     0.999805        49716      5120.00
   54975.000     0.999829        49717      5851.43
   58239.000     0.999854        49718      6826.67
   58303.000     0.999878        49719      8192.00
   58335.000     0.999890        49720      9102.22
   58463.000     0.999902        49721     10240.00
   58463.000     0.999915        49721     11702.86
   58719.000     0.999927        49722     13653.33
   58719.000     0.999939        49722     16384.00
   58911.000     0.999945        49723     18204.44
   58911.000     0.999951        49723     20480.00
   58911.000     0.999957        49723     23405.71
   59231.000     0.999963        49724     27306.67
   59231.000     0.999969        49724     32768.00
   59231.000     0.999973        49724     36408.89
   59231.000     0.999976        49724     40960.00
   59231.000     0.999979        49724     46811.43
   59359.000     0.999982        49725     54613.33
   59359.000     1.000000        49725          inf
#[Mean    =     1284.531, StdDeviation   =     1649.231]
#[Max     =    59328.000, Total count    =        49725]
#[Buckets =           27, SubBuckets     =         2048]
----------------------------------------------------------

  Latency Distribution (HdrHistogram - Uncorrected Latency (measured without taking delayed starts into account))
 50.000%  451.00us
 75.000%  527.00us
 90.000%  621.00us
 99.000%  824.00us
 99.900%31791.00us
 99.990%58143.00us
 99.999%59135.00us
100.000%59135.00us

  Detailed Percentile spectrum:
       Value   Percentile   TotalCount 1/(1-Percentile)

      92.000     0.000000            1         1.00
     316.000     0.100000         5043         1.11
     357.000     0.200000        10037         1.25
     387.000     0.300000        14996         1.43
     418.000     0.400000        19963         1.67
     451.000     0.500000        24909         2.00
     466.000     0.550000        27524         2.22
     479.000     0.600000        29905         2.50
     493.000     0.650000        32401         2.86
     508.000     0.700000        34811         3.33
     527.000     0.750000        37368         4.00
     537.000     0.775000        38547         4.44
     549.000     0.800000        39831         5.00
     563.000     0.825000        41093         5.71
     578.000     0.850000        42325         6.67
     597.000     0.875000        43560         8.00
     608.000     0.887500        44164         8.89
     621.000     0.900000        44774        10.00
     635.000     0.912500        45405        11.43
     650.000     0.925000        46031        13.33
     666.000     0.937500        46628        16.00
     677.000     0.943750        46936        17.78
     688.000     0.950000        47247        20.00
     700.000     0.956250        47557        22.86
     713.000     0.962500        47885        26.67
     729.000     0.968750        48183        32.00
     737.000     0.971875        48328        35.56
     748.000     0.975000        48493        40.00
     760.000     0.978125        48641        45.71
     772.000     0.981250        48805        53.33
     787.000     0.984375        48949        64.00
     796.000     0.985938        49029        71.11
     806.000     0.987500        49105        80.00
     817.000     0.989062        49186        91.43
     831.000     0.990625        49259       106.67
     850.000     0.992188        49339       128.00
     859.000     0.992969        49376       142.22
     873.000     0.993750        49419       160.00
     889.000     0.994531        49454       182.86
     904.000     0.995313        49494       213.33
     928.000     0.996094        49532       256.00
     953.000     0.996484        49551       284.44
    1008.000     0.996875        49570       320.00
    1300.000     0.997266        49590       365.71
    1905.000     0.997656        49609       426.67
    4575.000     0.998047        49628       512.00
   12191.000     0.998242        49638       568.89
   17247.000     0.998437        49648       640.00
   21487.000     0.998633        49658       731.43
   21967.000     0.998828        49667       853.33
   31887.000     0.999023        49677      1024.00
   35327.000     0.999121        49682      1137.78
   39999.000     0.999219        49687      1280.00
   40927.000     0.999316        49692      1462.86
   44383.000     0.999414        49696      1706.67
   45023.000     0.999512        49701      2048.00
   49311.000     0.999561        49704      2275.56
   49375.000     0.999609        49706      2560.00
   50271.000     0.999658        49709      2925.71
   53183.000     0.999707        49711      3413.33
   53279.000     0.999756        49713      4096.00
   53919.000     0.999780        49715      4551.11
   54079.000     0.999805        49716      5120.00
   54751.000     0.999829        49717      5851.43
   58047.000     0.999854        49718      6826.67
   58111.000     0.999878        49719      8192.00
   58143.000     0.999890        49720      9102.22
   58271.000     0.999902        49721     10240.00
   58271.000     0.999915        49721     11702.86
   58463.000     0.999927        49722     13653.33
   58463.000     0.999939        49722     16384.00
   58687.000     0.999945        49723     18204.44
   58687.000     0.999951        49723     20480.00
   58687.000     0.999957        49723     23405.71
   59007.000     0.999963        49724     27306.67
   59007.000     0.999969        49724     32768.00
   59007.000     0.999973        49724     36408.89
   59007.000     0.999976        49724     40960.00
   59007.000     0.999979        49724     46811.43
   59135.000     0.999982        49725     54613.33
   59135.000     1.000000        49725          inf
#[Mean    =      523.094, StdDeviation   =     1586.824]
#[Max     =    59104.000, Total count    =        49725]
#[Buckets =           27, SubBuckets     =         2048]
----------------------------------------------------------
  49734 requests in 10.00s, 4.17MB read
Requests/sec:   4972.98
Transfer/sec:    427.37KB

