Command: /tmp/wrk2/wrk http://10.10.1.1:8000/index.html -c 256 -t 32 -R 1000 -d 10 -L -U
Return code: 0
STDOUT:
Running 10s test @ http://10.10.1.1:8000/index.html
  32 threads and 256 connections
  Thread Stats   Avg      Stdev     Max   +/- Stdev
    Latency   2875.28u 2938.45us44992.00u   97.90%
    Req/Sec       -nan      -nan   0.00      0.00%
  Latency Distribution (HdrHistogram - Recorded Latency)
 50.000% 2255.00us
 75.000% 3507.00us
 90.000% 4591.00us
 99.000%19103.00us
 99.900%29023.00us
 99.990%29791.00us
 99.999%45023.00us
100.000%45023.00us

  Detailed Percentile spectrum:
       Value   Percentile   TotalCount 1/(1-Percentile)

     336.000     0.000000            1         1.00
    1060.000     0.100000         1007         1.11
    1338.000     0.200000         2009         1.25
    1572.000     0.300000         3015         1.43
    1851.000     0.400000         4020         1.67
    2255.000     0.500000         5026         2.00
    2531.000     0.550000         5526         2.22
    2829.000     0.600000         6029         2.50
    3105.000     0.650000         6531         2.86
    3323.000     0.700000         7036         3.33
    3507.000     0.750000         7536         4.00
    3633.000     0.775000         7785         4.44
    3787.000     0.800000         8041         5.00
    3989.000     0.825000         8293         5.71
    4199.000     0.850000         8541         6.67
    4399.000     0.875000         8790         8.00
    4503.000     0.887500         8923         8.89
    4591.000     0.900000         9041        10.00
    4687.000     0.912500         9170        11.43
    4783.000     0.925000         9294        13.33
    4875.000     0.937500         9418        16.00
    4943.000     0.943750         9482        17.78
    5027.000     0.950000         9545        20.00
    5115.000     0.956250         9609        22.86
    5227.000     0.962500         9670        26.67
    5391.000     0.968750         9734        32.00
    5491.000     0.971875         9763        35.56
    5567.000     0.975000         9794        40.00
    5699.000     0.978125         9826        45.71
   13535.000     0.981250         9857        53.33
   18863.000     0.984375         9889        64.00
   18991.000     0.985938         9906        71.11
   19039.000     0.987500         9928        80.00
   19071.000     0.989062         9937        91.43
   19167.000     0.990625         9953       106.67
   19407.000     0.992188         9968       128.00
   19615.000     0.992969         9975       142.22
   20975.000     0.993750         9983       160.00
   23375.000     0.994531         9991       182.86
   25183.000     0.995313         9998       213.33
   26847.000     0.996094        10006       256.00
   27279.000     0.996484        10010       284.44
   27695.000     0.996875        10014       320.00
   28799.000     0.997266        10018       365.71
   28959.000     0.997656        10022       426.67
   28975.000     0.998047        10026       512.00
   28991.000     0.998242        10029       568.89
   29007.000     0.998437        10031       640.00
   29023.000     0.998633        10035       731.43
   29023.000     0.998828        10035       853.33
   29039.000     0.999023        10038      1024.00
   29039.000     0.999121        10038      1137.78
   29039.000     0.999219        10038      1280.00
   29151.000     0.999316        10039      1462.86
   29167.000     0.999414        10040      1706.67
   29279.000     0.999512        10041      2048.00
   29279.000     0.999561        10041      2275.56
   29407.000     0.999609        10042      2560.00
   29407.000     0.999658        10042      2925.71
   29567.000     0.999707        10043      3413.33
   29567.000     0.999756        10043      4096.00
   29567.000     0.999780        10043      4551.11
   29791.000     0.999805        10044      5120.00
   29791.000     0.999829        10044      5851.43
   29791.000     0.999854        10044      6826.67
   29791.000     0.999878        10044      8192.00
   29791.000     0.999890        10044      9102.22
   45023.000     0.999902        10045     10240.00
   45023.000     1.000000        10045          inf
#[Mean    =     2875.281, StdDeviation   =     2938.451]
#[Max     =    44992.000, Total count    =        10045]
#[Buckets =           27, SubBuckets     =         2048]
----------------------------------------------------------

  Latency Distribution (HdrHistogram - Uncorrected Latency (measured without taking delayed starts into account))
 50.000% 1686.00us
 75.000% 2711.00us
 90.000% 3557.00us
 99.000%18735.00us
 99.900%19023.00us
 99.990%19343.00us
 99.999%19439.00us
100.000%19439.00us

  Detailed Percentile spectrum:
       Value   Percentile   TotalCount 1/(1-Percentile)

     216.000     0.000000            1         1.00
     527.000     0.100000         1006         1.11
     623.000     0.200000         2013         1.25
     718.000     0.300000         3023         1.43
     976.000     0.400000         4019         1.67
    1686.000     0.500000         5023         2.00
    1931.000     0.550000         5525         2.22
    2117.000     0.600000         6028         2.50
    2299.000     0.650000         6531         2.86
    2489.000     0.700000         7036         3.33
    2711.000     0.750000         7535         4.00
    2825.000     0.775000         7788         4.44
    2971.000     0.800000         8036         5.00
    3139.000     0.825000         8288         5.71
    3281.000     0.850000         8541         6.67
    3429.000     0.875000         8791         8.00
    3499.000     0.887500         8921         8.89
    3557.000     0.900000         9044        10.00
    3623.000     0.912500         9167        11.43
    3687.000     0.925000         9293        13.33
    3757.000     0.937500         9422        16.00
    3791.000     0.943750         9481        17.78
    3833.000     0.950000         9543        20.00
    3881.000     0.956250         9608        22.86
    3935.000     0.962500         9671        26.67
    4009.000     0.968750         9733        32.00
    4065.000     0.971875         9764        35.56
    4119.000     0.975000         9794        40.00
    4203.000     0.978125         9826        45.71
    4375.000     0.981250         9858        53.33
    5887.000     0.984375         9889        64.00
    7387.000     0.985938         9904        71.11
    9719.000     0.987500         9920        80.00
   18655.000     0.989062         9937        91.43
   18767.000     0.990625         9953       106.67
   18799.000     0.992188         9970       128.00
   18815.000     0.992969         9976       142.22
   18847.000     0.993750         9988       160.00
   18863.000     0.994531         9994       182.86
   18879.000     0.995313        10003       213.33
   18895.000     0.996094        10009       256.00
   18911.000     0.996484        10013       284.44
   18927.000     0.996875        10015       320.00
   18943.000     0.997266        10020       365.71
   18959.000     0.997656        10024       426.67
   18975.000     0.998047        10028       512.00
   18975.000     0.998242        10028       568.89
   18991.000     0.998437        10032       640.00
   18991.000     0.998633        10032       731.43
   19023.000     0.998828        10035       853.33
   19039.000     0.999023        10036      1024.00
   19087.000     0.999121        10037      1137.78
   19119.000     0.999219        10039      1280.00
   19119.000     0.999316        10039      1462.86
   19135.000     0.999414        10040      1706.67
   19215.000     0.999512        10041      2048.00
   19215.000     0.999561        10041      2275.56
   19231.000     0.999609        10042      2560.00
   19231.000     0.999658        10042      2925.71
   19247.000     0.999707        10043      3413.33
   19247.000     0.999756        10043      4096.00
   19247.000     0.999780        10043      4551.11
   19343.000     0.999805        10044      5120.00
   19343.000     0.999829        10044      5851.43
   19343.000     0.999854        10044      6826.67
   19343.000     0.999878        10044      8192.00
   19343.000     0.999890        10044      9102.22
   19439.000     0.999902        10045     10240.00
   19439.000     1.000000        10045          inf
#[Mean    =     1981.997, StdDeviation   =     2176.013]
#[Max     =    19424.000, Total count    =        10045]
#[Buckets =           27, SubBuckets     =         2048]
----------------------------------------------------------
  10080 requests in 10.00s, 866.25KB read
Requests/sec:   1007.59
Transfer/sec:     86.59KB

