Command: /tmp/wrk2/wrk http://10.10.1.1:8000/index.html -c 256 -t 8 -R 2000 -d 10 -L -U
Return code: 0
STDOUT:
Running 10s test @ http://10.10.1.1:8000/index.html
  8 threads and 256 connections
  Thread Stats   Avg      Stdev     Max   +/- Stdev
    Latency   1533.54u 2654.70us63904.00u   99.39%
    Req/Sec       -nan      -nan   0.00      0.00%
  Latency Distribution (HdrHistogram - Recorded Latency)
 50.000% 1351.00us
 75.000% 1655.00us
 90.000% 1992.00us
 99.000% 2897.00us
 99.900%53727.00us
 99.990%63775.00us
 99.999%63935.00us
100.000%63935.00us

  Detailed Percentile spectrum:
       Value   Percentile   TotalCount 1/(1-Percentile)

     298.000     0.000000            1         1.00
     782.000     0.100000         1985         1.11
     948.000     0.200000         3952         1.25
    1092.000     0.300000         5926         1.43
    1228.000     0.400000         7910         1.67
    1351.000     0.500000         9879         2.00
    1407.000     0.550000        10871         2.22
    1464.000     0.600000        11862         2.50
    1524.000     0.650000        12838         2.86
    1583.000     0.700000        13830         3.33
    1655.000     0.750000        14809         4.00
    1698.000     0.775000        15315         4.44
    1740.000     0.800000        15799         5.00
    1789.000     0.825000        16292         5.71
    1844.000     0.850000        16785         6.67
    1906.000     0.875000        17276         8.00
    1946.000     0.887500        17530         8.89
    1992.000     0.900000        17770        10.00
    2038.000     0.912500        18020        11.43
    2087.000     0.925000        18270        13.33
    2151.000     0.937500        18513        16.00
    2185.000     0.943750        18640        17.78
    2223.000     0.950000        18757        20.00
    2263.000     0.956250        18885        22.86
    2309.000     0.962500        19010        26.67
    2365.000     0.968750        19127        32.00
    2397.000     0.971875        19193        35.56
    2425.000     0.975000        19252        40.00
    2481.000     0.978125        19315        45.71
    2533.000     0.981250        19374        53.33
    2611.000     0.984375        19439        64.00
    2663.000     0.985938        19467        71.11
    2729.000     0.987500        19500        80.00
    2793.000     0.989062        19529        91.43
    2947.000     0.990625        19559       106.67
    3077.000     0.992188        19590       128.00
    3261.000     0.992969        19606       142.22
    4057.000     0.993750        19621       160.00
    8127.000     0.994531        19637       182.86
    8343.000     0.995313        19652       213.33
   13423.000     0.996094        19667       256.00
   21391.000     0.996484        19675       284.44
   21855.000     0.996875        19683       320.00
   30927.000     0.997266        19691       365.71
   35423.000     0.997656        19698       426.67
   40447.000     0.998047        19706       512.00
   44159.000     0.998242        19710       568.89
   45023.000     0.998437        19714       640.00
   49151.000     0.998633        19718       731.43
   49823.000     0.998828        19721       853.33
   53855.000     0.999023        19725      1024.00
   54079.000     0.999121        19727      1137.78
   54815.000     0.999219        19729      1280.00
   58303.000     0.999316        19731      1462.86
   58399.000     0.999414        19733      1706.67
   59679.000     0.999512        19735      2048.00
   59711.000     0.999561        19736      2275.56
   59871.000     0.999609        19737      2560.00
   63039.000     0.999658        19738      2925.71
   63231.000     0.999707        19739      3413.33
   63327.000     0.999756        19740      4096.00
   63327.000     0.999780        19740      4551.11
   63615.000     0.999805        19741      5120.00
   63615.000     0.999829        19741      5851.43
   63775.000     0.999854        19742      6826.67
   63775.000     0.999878        19742      8192.00
   63775.000     0.999890        19742      9102.22
   63807.000     0.999902        19743     10240.00
   63807.000     0.999915        19743     11702.86
   63807.000     0.999927        19743     13653.33
   63807.000     0.999939        19743     16384.00
   63807.000     0.999945        19743     18204.44
   63935.000     0.999951        19744     20480.00
   63935.000     1.000000        19744          inf
#[Mean    =     1533.539, StdDeviation   =     2654.700]
#[Max     =    63904.000, Total count    =        19744]
#[Buckets =           27, SubBuckets     =         2048]
----------------------------------------------------------

  Latency Distribution (HdrHistogram - Uncorrected Latency (measured without taking delayed starts into account))
 50.000%  553.00us
 75.000%  688.00us
 90.000%  821.00us
 99.000% 1497.00us
 99.900%53439.00us
 99.990%63551.00us
 99.999%63647.00us
100.000%63647.00us

  Detailed Percentile spectrum:
       Value   Percentile   TotalCount 1/(1-Percentile)

     146.000     0.000000            1         1.00
     396.000     0.100000         1976         1.11
     451.000     0.200000         3995         1.25
     483.000     0.300000         5979         1.43
     511.000     0.400000         7937         1.67
     553.000     0.500000         9899         2.00
     579.000     0.550000        10876         2.22
     609.000     0.600000        11867         2.50
     636.000     0.650000        12851         2.86
     663.000     0.700000        13832         3.33
     688.000     0.750000        14847         4.00
     700.000     0.775000        15310         4.44
     715.000     0.800000        15817         5.00
     732.000     0.825000        16301         5.71
     753.000     0.850000        16783         6.67
     780.000     0.875000        17285         8.00
     796.000     0.887500        17525         8.89
     821.000     0.900000        17770        10.00
     856.000     0.912500        18021        11.43
     914.000     0.925000        18264        13.33
    1005.000     0.937500        18512        16.00
    1054.000     0.943750        18635        17.78
    1118.000     0.950000        18758        20.00
    1171.000     0.956250        18886        22.86
    1219.000     0.962500        19004        26.67
    1270.000     0.968750        19128        32.00
    1293.000     0.971875        19190        35.56
    1324.000     0.975000        19252        40.00
    1351.000     0.978125        19313        45.71
    1378.000     0.981250        19375        53.33
    1408.000     0.984375        19438        64.00
    1428.000     0.985938        19467        71.11
    1447.000     0.987500        19498        80.00
    1472.000     0.989062        19529        91.43
    1514.000     0.990625        19559       106.67
    1590.000     0.992188        19591       128.00
    1634.000     0.992969        19606       142.22
    2269.000     0.993750        19621       160.00
    2717.000     0.994531        19637       182.86
    3913.000     0.995313        19652       213.33
   13063.000     0.996094        19667       256.00
   20911.000     0.996484        19675       284.44
   21295.000     0.996875        19683       320.00
   21679.000     0.997266        19691       365.71
   35103.000     0.997656        19698       426.67
   40159.000     0.998047        19706       512.00
   43743.000     0.998242        19710       568.89
   44735.000     0.998437        19714       640.00
   48959.000     0.998633        19718       731.43
   49471.000     0.998828        19721       853.33
   53695.000     0.999023        19725      1024.00
   53983.000     0.999121        19727      1137.78
   54623.000     0.999219        19730      1280.00
   57919.000     0.999316        19731      1462.86
   58175.000     0.999414        19733      1706.67
   59455.000     0.999512        19735      2048.00
   59487.000     0.999561        19736      2275.56
   59679.000     0.999609        19737      2560.00
   62623.000     0.999658        19738      2925.71
   63039.000     0.999707        19739      3413.33
   63071.000     0.999756        19740      4096.00
   63071.000     0.999780        19740      4551.11
   63295.000     0.999805        19741      5120.00
   63295.000     0.999829        19741      5851.43
   63551.000     0.999854        19742      6826.67
   63551.000     0.999878        19742      8192.00
   63551.000     0.999890        19742      9102.22
   63583.000     0.999902        19743     10240.00
   63583.000     0.999915        19743     11702.86
   63583.000     0.999927        19743     13653.33
   63583.000     0.999939        19743     16384.00
   63583.000     0.999945        19743     18204.44
   63647.000     0.999951        19744     20480.00
   63647.000     1.000000        19744          inf
#[Mean    =      762.072, StdDeviation   =     2617.563]
#[Max     =    63616.000, Total count    =        19744]
#[Buckets =           27, SubBuckets     =         2048]
----------------------------------------------------------
  19756 requests in 10.09s, 1.66MB read
Requests/sec:   1957.72
Transfer/sec:    168.24KB

