Command: /tmp/wrk2/wrk http://10.10.1.1:8000/index.html -c 256 -t 8 -R 55000 -d 10 -L -U
Return code: 0
STDOUT:
Running 10s test @ http://10.10.1.1:8000/index.html
  8 threads and 256 connections
  Thread Stats   Avg      Stdev     Max   +/- Stdev
    Latency   1874.35u  794.55us30976.00u   81.97%
    Req/Sec       -nan      -nan   0.00      0.00%
  Latency Distribution (HdrHistogram - Recorded Latency)
 50.000% 1791.00us
 75.000% 2191.00us
 90.000% 2657.00us
 99.000% 3911.00us
 99.900% 9791.00us
 99.990%20351.00us
 99.999%27375.00us
100.000%30991.00us

  Detailed Percentile spectrum:
       Value   Percentile   TotalCount 1/(1-Percentile)

     136.000     0.000000            1         1.00
    1127.000     0.100000        54649         1.11
    1341.000     0.200000       109280         1.25
    1506.000     0.300000       163956         1.43
    1651.000     0.400000       218359         1.67
    1791.000     0.500000       273080         2.00
    1862.000     0.550000       300423         2.22
    1935.000     0.600000       327437         2.50
    2012.000     0.650000       354836         2.86
    2097.000     0.700000       382446         3.33
    2191.000     0.750000       409628         4.00
    2245.000     0.775000       423314         4.44
    2303.000     0.800000       436737         5.00
    2371.000     0.825000       450227         5.71
    2451.000     0.850000       464065         6.67
    2545.000     0.875000       477678         8.00
    2599.000     0.887500       484570         8.89
    2657.000     0.900000       491346        10.00
    2725.000     0.912500       498096        11.43
    2803.000     0.925000       504919        13.33
    2897.000     0.937500       511663        16.00
    2951.000     0.943750       515105        17.78
    3011.000     0.950000       518513        20.00
    3077.000     0.956250       521874        22.86
    3151.000     0.962500       525278        26.67
    3241.000     0.968750       528675        32.00
    3293.000     0.971875       530381        35.56
    3353.000     0.975000       532099        40.00
    3425.000     0.978125       533822        45.71
    3507.000     0.981250       535496        53.33
    3617.000     0.984375       537208        64.00
    3683.000     0.985938       538044        71.11
    3755.000     0.987500       538918        80.00
    3845.000     0.989062       539754        91.43
    3963.000     0.990625       540603       106.67
    4115.000     0.992188       541457       128.00
    4223.000     0.992969       541889       142.22
    4351.000     0.993750       542311       160.00
    4547.000     0.994531       542737       182.86
    4791.000     0.995313       543165       213.33
    5123.000     0.996094       543586       256.00
    5363.000     0.996484       543801       284.44
    5639.000     0.996875       544012       320.00
    6031.000     0.997266       544226       365.71
    6579.000     0.997656       544438       426.67
    7363.000     0.998047       544652       512.00
    7735.000     0.998242       544758       568.89
    8255.000     0.998437       544865       640.00
    8735.000     0.998633       544971       731.43
    9287.000     0.998828       545080       853.33
    9919.000     0.999023       545186      1024.00
   10343.000     0.999121       545238      1137.78
   10799.000     0.999219       545292      1280.00
   11623.000     0.999316       545344      1462.86
   12383.000     0.999414       545398      1706.67
   13159.000     0.999512       545451      2048.00
   13703.000     0.999561       545478      2275.56
   14167.000     0.999609       545504      2560.00
   14975.000     0.999658       545531      2925.71
   15751.000     0.999707       545558      3413.33
   16831.000     0.999756       545584      4096.00
   17087.000     0.999780       545598      4551.11
   17343.000     0.999805       545611      5120.00
   17871.000     0.999829       545624      5851.43
   18735.000     0.999854       545639      6826.67
   19631.000     0.999878       545651      8192.00
   20287.000     0.999890       545658      9102.22
   20655.000     0.999902       545664     10240.00
   20975.000     0.999915       545671     11702.86
   21279.000     0.999927       545678     13653.33
   21599.000     0.999939       545684     16384.00
   21775.000     0.999945       545688     18204.44
   22111.000     0.999951       545691     20480.00
   22463.000     0.999957       545694     23405.71
   23423.000     0.999963       545698     27306.67
   24255.000     0.999969       545701     32768.00
   25055.000     0.999973       545703     36408.89
   25087.000     0.999976       545704     40960.00
   25503.000     0.999979       545706     46811.43
   25887.000     0.999982       545708     54613.33
   25951.000     0.999985       545709     65536.00
   26367.000     0.999986       545710     72817.78
   26399.000     0.999988       545711     81920.00
   27375.000     0.999989       545712     93622.86
   28255.000     0.999991       545713    109226.67
   28255.000     0.999992       545713    131072.00
   28991.000     0.999993       545714    145635.56
   28991.000     0.999994       545714    163840.00
   29887.000     0.999995       545715    187245.71
   29887.000     0.999995       545715    218453.33
   29887.000     0.999996       545715    262144.00
   30623.000     0.999997       545716    291271.11
   30623.000     0.999997       545716    327680.00
   30623.000     0.999997       545716    374491.43
   30623.000     0.999998       545716    436906.67
   30623.000     0.999998       545716    524288.00
   30991.000     0.999998       545717    582542.22
   30991.000     1.000000       545717          inf
#[Mean    =     1874.347, StdDeviation   =      794.545]
#[Max     =    30976.000, Total count    =       545717]
#[Buckets =           27, SubBuckets     =         2048]
----------------------------------------------------------

  Latency Distribution (HdrHistogram - Uncorrected Latency (measured without taking delayed starts into account))
 50.000% 1115.00us
 75.000% 1382.00us
 90.000% 1725.00us
 99.000% 2803.00us
 99.900% 4539.00us
 99.990% 7487.00us
 99.999%25135.00us
100.000%26175.00us

  Detailed Percentile spectrum:
       Value   Percentile   TotalCount 1/(1-Percentile)

      71.000     0.000000            1         1.00
     705.000     0.100000        54795         1.11
     839.000     0.200000       109243         1.25
     945.000     0.300000       164158         1.43
    1035.000     0.400000       218813         1.67
    1115.000     0.500000       272955         2.00
    1157.000     0.550000       300350         2.22
    1203.000     0.600000       327864         2.50
    1254.000     0.650000       355019         2.86
    1314.000     0.700000       382274         3.33
    1382.000     0.750000       409353         4.00
    1422.000     0.775000       423230         4.44
    1466.000     0.800000       436630         5.00
    1517.000     0.825000       450336         5.71
    1575.000     0.850000       463984         6.67
    1643.000     0.875000       477662         8.00
    1681.000     0.887500       484364         8.89
    1725.000     0.900000       491258        10.00
    1774.000     0.912500       497983        11.43
    1834.000     0.925000       504873        13.33
    1907.000     0.937500       511648        16.00
    1948.000     0.943750       515021        17.78
    1995.000     0.950000       518465        20.00
    2051.000     0.956250       521930        22.86
    2113.000     0.962500       525319        26.67
    2185.000     0.968750       528692        32.00
    2227.000     0.971875       530409        35.56
    2279.000     0.975000       532134        40.00
    2339.000     0.978125       533794        45.71
    2411.000     0.981250       535491        53.33
    2503.000     0.984375       537224        64.00
    2559.000     0.985938       538056        71.11
    2631.000     0.987500       538914        80.00
    2725.000     0.989062       539754        91.43
    2859.000     0.990625       540609       106.67
    3071.000     0.992188       541457       128.00
    3227.000     0.992969       541881       142.22
    3389.000     0.993750       542310       160.00
    3559.000     0.994531       542734       182.86
    3749.000     0.995313       543159       213.33
    3893.000     0.996094       543588       256.00
    3973.000     0.996484       543802       284.44
    4051.000     0.996875       544018       320.00
    4127.000     0.997266       544233       365.71
    4199.000     0.997656       544448       426.67
    4267.000     0.998047       544665       512.00
    4307.000     0.998242       544764       568.89
    4355.000     0.998437       544874       640.00
    4411.000     0.998633       544972       731.43
    4483.000     0.998828       545080       853.33
    4551.000     0.999023       545189      1024.00
    4587.000     0.999121       545238      1137.78
    4663.000     0.999219       545291      1280.00
    4783.000     0.999316       545344      1462.86
    5003.000     0.999414       545398      1706.67
    5243.000     0.999512       545451      2048.00
    5439.000     0.999561       545478      2275.56
    5567.000     0.999609       545504      2560.00
    5707.000     0.999658       545531      2925.71
    5835.000     0.999707       545559      3413.33
    6051.000     0.999756       545584      4096.00
    6171.000     0.999780       545598      4551.11
    6271.000     0.999805       545611      5120.00
    6463.000     0.999829       545626      5851.43
    6587.000     0.999854       545638      6826.67
    6999.000     0.999878       545651      8192.00
    7335.000     0.999890       545658      9102.22
    7627.000     0.999902       545664     10240.00
    9303.000     0.999915       545671     11702.86
   11319.000     0.999927       545678     13653.33
   12847.000     0.999939       545684     16384.00
   13287.000     0.999945       545688     18204.44
   15815.000     0.999951       545691     20480.00
   16735.000     0.999957       545694     23405.71
   17535.000     0.999963       545698     27306.67
   20127.000     0.999969       545701     32768.00
   20607.000     0.999973       545703     36408.89
   20847.000     0.999976       545704     40960.00
   21263.000     0.999979       545706     46811.43
   22303.000     0.999982       545708     54613.33
   23951.000     0.999985       545709     65536.00
   24815.000     0.999986       545710     72817.78
   24991.000     0.999988       545711     81920.00
   25135.000     0.999989       545712     93622.86
   25247.000     0.999991       545713    109226.67
   25247.000     0.999992       545713    131072.00
   25487.000     0.999993       545714    145635.56
   25487.000     0.999994       545714    163840.00
   25583.000     0.999995       545715    187245.71
   25583.000     0.999995       545715    218453.33
   25583.000     0.999996       545715    262144.00
   25663.000     0.999997       545716    291271.11
   25663.000     0.999997       545716    327680.00
   25663.000     0.999997       545716    374491.43
   25663.000     0.999998       545716    436906.67
   25663.000     0.999998       545716    524288.00
   26175.000     0.999998       545717    582542.22
   26175.000     1.000000       545717          inf
#[Mean    =     1186.138, StdDeviation   =      509.038]
#[Max     =    26160.000, Total count    =       545717]
#[Buckets =           27, SubBuckets     =         2048]
----------------------------------------------------------
  545726 requests in 10.00s, 45.80MB read
Requests/sec:  54569.04
Transfer/sec:      4.58MB

