Command: /tmp/wrk2/wrk http://10.10.1.1:8000/index.html -c 256 -t 8 -R 70000 -d 10 -L -U
Return code: 0
STDOUT:
Running 10s test @ http://10.10.1.1:8000/index.html
  8 threads and 256 connections
  Thread Stats   Avg      Stdev     Max   +/- Stdev
    Latency   804023.9603646.22u4130816.0   79.65%
    Req/Sec       -nan      -nan   0.00      0.00%
  Latency Distribution (HdrHistogram - Recorded Latency)
 50.000%728063.00u
 75.000%1080319.00
 90.000%1291263.00
 99.000%3203071.00
 99.900%3946495.00
 99.990%4085759.00
 99.999%4120575.00
100.000%4132863.00

  Detailed Percentile spectrum:
       Value   Percentile   TotalCount 1/(1-Percentile)

     184.000     0.000000            1         1.00
  167807.000     0.100000        57845         1.11
  312063.000     0.200000       115679         1.25
  451071.000     0.300000       173596         1.43
  589311.000     0.400000       231445         1.67
  728063.000     0.500000       289358         2.00
  797695.000     0.550000       318237         2.22
  869375.000     0.600000       347026         2.50
  940031.000     0.650000       376073         2.86
 1009151.000     0.700000       404864         3.33
 1080319.000     0.750000       434062         4.00
 1115135.000     0.775000       448220         4.44
 1150975.000     0.800000       462665         5.00
 1186815.000     0.825000       477297         5.71
 1222655.000     0.850000       491845         6.67
 1257471.000     0.875000       506328         8.00
 1273855.000     0.887500       513381         8.89
 1291263.000     0.900000       520664        10.00
 1351679.000     0.912500       527716        11.43
 1490943.000     0.925000       534966        13.33
 1693695.000     0.937500       542181        16.00
 1817599.000     0.943750       545782        17.78
 1954815.000     0.950000       549393        20.00
 2097151.000     0.956250       553017        22.86
 2250751.000     0.962500       556664        26.67
 2412543.000     0.968750       560235        32.00
 2506751.000     0.971875       562068        35.56
 2603007.000     0.975000       563866        40.00
 2701311.000     0.978125       565676        45.71
 2807807.000     0.981250       567477        53.33
 2932735.000     0.984375       569281        64.00
 3002367.000     0.985938       570184        71.11
 3076095.000     0.987500       571094        80.00
 3153919.000     0.989062       571985        91.43
 3239935.000     0.990625       572900       106.67
 3330047.000     0.992188       573789       128.00
 3383295.000     0.992969       574240       142.22
 3440639.000     0.993750       574689       160.00
 3502079.000     0.994531       575144       182.86
 3569663.000     0.995313       575604       213.33
 3639295.000     0.996094       576055       256.00
 3674111.000     0.996484       576281       284.44
 3710975.000     0.996875       576505       320.00
 3749887.000     0.997266       576724       365.71
 3792895.000     0.997656       576951       426.67
 3837951.000     0.998047       577179       512.00
 3860479.000     0.998242       577296       568.89
 3880959.000     0.998437       577401       640.00
 3903487.000     0.998633       577524       731.43
 3923967.000     0.998828       577626       853.33
 3948543.000     0.999023       577744      1024.00
 3960831.000     0.999121       577801      1137.78
 3973119.000     0.999219       577853      1280.00
 3987455.000     0.999316       577914      1462.86
 3999743.000     0.999414       577967      1706.67
 4014079.000     0.999512       578021      2048.00
 4022271.000     0.999561       578049      2275.56
 4030463.000     0.999609       578082      2560.00
 4038655.000     0.999658       578111      2925.71
 4046847.000     0.999707       578137      3413.33
 4055039.000     0.999756       578163      4096.00
 4061183.000     0.999780       578179      4551.11
 4065279.000     0.999805       578191      5120.00
 4071423.000     0.999829       578208      5851.43
 4075519.000     0.999854       578220      6826.67
 4081663.000     0.999878       578236      8192.00
 4083711.000     0.999890       578242      9102.22
 4085759.000     0.999902       578248     10240.00
 4089855.000     0.999915       578255     11702.86
 4091903.000     0.999927       578261     13653.33
 4095999.000     0.999939       578271     16384.00
 4098047.000     0.999945       578274     18204.44
 4100095.000     0.999951       578278     20480.00
 4102143.000     0.999957       578281     23405.71
 4104191.000     0.999963       578284     27306.67
 4108287.000     0.999969       578287     32768.00
 4110335.000     0.999973       578290     36408.89
 4110335.000     0.999976       578290     40960.00
 4112383.000     0.999979       578292     46811.43
 4114431.000     0.999982       578294     54613.33
 4118527.000     0.999985       578296     65536.00
 4118527.000     0.999986       578296     72817.78
 4118527.000     0.999988       578296     81920.00
 4120575.000     0.999989       578298     93622.86
 4120575.000     0.999991       578298    109226.67
 4122623.000     0.999992       578299    131072.00
 4124671.000     0.999993       578300    145635.56
 4124671.000     0.999994       578300    163840.00
 4124671.000     0.999995       578300    187245.71
 4128767.000     0.999995       578301    218453.33
 4128767.000     0.999996       578301    262144.00
 4130815.000     0.999997       578302    291271.11
 4130815.000     0.999997       578302    327680.00
 4130815.000     0.999997       578302    374491.43
 4130815.000     0.999998       578302    436906.67
 4130815.000     0.999998       578302    524288.00
 4132863.000     0.999998       578303    582542.22
 4132863.000     1.000000       578303          inf
#[Mean    =   804023.988, StdDeviation   =   603646.224]
#[Max     =  4130816.000, Total count    =       578303]
#[Buckets =           27, SubBuckets     =         2048]
----------------------------------------------------------

  Latency Distribution (HdrHistogram - Uncorrected Latency (measured without taking delayed starts into account))
 50.000% 4207.00us
 75.000% 4303.00us
 90.000% 4491.00us
 99.000% 6427.00us
 99.900% 6651.00us
 99.990%13271.00us
 99.999%22383.00us
100.000%24607.00us

  Detailed Percentile spectrum:
       Value   Percentile   TotalCount 1/(1-Percentile)

      71.000     0.000000            1         1.00
    4033.000     0.100000        58843         1.11
    4095.000     0.200000       116774         1.25
    4139.000     0.300000       176862         1.43
    4175.000     0.400000       237812         1.67
    4207.000     0.500000       296296         2.00
    4223.000     0.550000       324904         2.22
    4239.000     0.600000       351550         2.50
    4255.000     0.650000       376255         2.86
    4279.000     0.700000       408603         3.33
    4303.000     0.750000       435521         4.00
    4319.000     0.775000       450784         4.44
    4335.000     0.800000       464134         5.00
    4355.000     0.825000       478246         5.71
    4379.000     0.850000       491612         6.67
    4415.000     0.875000       506102         8.00
    4443.000     0.887500       513459         8.89
    4491.000     0.900000       520869        10.00
    5847.000     0.912500       527704        11.43
    6087.000     0.925000       534965        13.33
    6159.000     0.937500       542493        16.00
    6187.000     0.943750       546134        17.78
    6211.000     0.950000       549453        20.00
    6239.000     0.956250       553414        22.86
    6263.000     0.962500       556759        26.67
    6291.000     0.968750       560458        32.00
    6307.000     0.971875       562448        35.56
    6323.000     0.975000       564254        40.00
    6339.000     0.978125       565974        45.71
    6355.000     0.981250       567534        53.33
    6379.000     0.984375       569599        64.00
    6387.000     0.985938       570227        71.11
    6403.000     0.987500       571317        80.00
    6415.000     0.989062       572057        91.43
    6431.000     0.990625       572973       106.67
    6451.000     0.992188       573952       128.00
    6459.000     0.992969       574304       142.22
    6471.000     0.993750       574773       160.00
    6483.000     0.994531       575226       182.86
    6495.000     0.995313       575612       213.33
    6515.000     0.996094       576111       256.00
    6523.000     0.996484       576292       284.44
    6535.000     0.996875       576519       320.00
    6547.000     0.997266       576731       365.71
    6563.000     0.997656       576979       426.67
    6579.000     0.998047       577190       512.00
    6587.000     0.998242       577289       568.89
    6599.000     0.998437       577400       640.00
    6619.000     0.998633       577539       731.43
    6635.000     0.998828       577647       853.33
    6655.000     0.999023       577749      1024.00
    6667.000     0.999121       577806      1137.78
    6683.000     0.999219       577861      1280.00
    6699.000     0.999316       577915      1462.86
    6731.000     0.999414       577966      1706.67
    6791.000     0.999512       578022      2048.00
    6935.000     0.999561       578049      2275.56
    7283.000     0.999609       578078      2560.00
    7427.000     0.999658       578106      2925.71
    8127.000     0.999707       578134      3413.33
    8951.000     0.999756       578162      4096.00
   10383.000     0.999780       578176      4551.11
   11231.000     0.999805       578191      5120.00
   11839.000     0.999829       578205      5851.43
   12287.000     0.999854       578219      6826.67
   12863.000     0.999878       578233      8192.00
   13111.000     0.999890       578240      9102.22
   13303.000     0.999902       578247     10240.00
   13591.000     0.999915       578254     11702.86
   14135.000     0.999927       578261     13653.33
   15215.000     0.999939       578268     16384.00
   16207.000     0.999945       578272     18204.44
   17535.000     0.999951       578275     20480.00
   17983.000     0.999957       578279     23405.71
   18143.000     0.999963       578282     27306.67
   19983.000     0.999969       578286     32768.00
   20255.000     0.999973       578288     36408.89
   20991.000     0.999976       578289     40960.00
   21183.000     0.999979       578291     46811.43
   21647.000     0.999982       578293     54613.33
   22095.000     0.999985       578295     65536.00
   22319.000     0.999986       578296     72817.78
   22319.000     0.999988       578296     81920.00
   22383.000     0.999989       578297     93622.86
   22719.000     0.999991       578298    109226.67
   22927.000     0.999992       578299    131072.00
   23023.000     0.999993       578300    145635.56
   23023.000     0.999994       578300    163840.00
   23023.000     0.999995       578300    187245.71
   23039.000     0.999995       578301    218453.33
   23039.000     0.999996       578301    262144.00
   23951.000     0.999997       578302    291271.11
   23951.000     0.999997       578302    327680.00
   23951.000     0.999997       578302    374491.43
   23951.000     0.999998       578302    436906.67
   23951.000     0.999998       578302    524288.00
   24607.000     0.999998       578303    582542.22
   24607.000     1.000000       578303          inf
#[Mean    =     4349.918, StdDeviation   =      681.956]
#[Max     =    24592.000, Total count    =       578303]
#[Buckets =           27, SubBuckets     =         2048]
----------------------------------------------------------
  578317 requests in 10.00s, 48.53MB read
Requests/sec:  57833.51
Transfer/sec:      4.85MB

