Command: /tmp/wrk2/wrk http://10.10.1.1:8000/index.html -c 256 -t 32 -R 1000 -d 10 -L -U
Return code: 0
STDOUT:
Running 10s test @ http://10.10.1.1:8000/index.html
  32 threads and 256 connections
  Thread Stats   Avg      Stdev     Max   +/- Stdev
    Latency   2020.23u 2017.08us27952.00u   97.84%
    Req/Sec       -nan      -nan   0.00      0.00%
  Latency Distribution (HdrHistogram - Recorded Latency)
 50.000% 1619.00us
 75.000% 2275.00us
 90.000% 3061.00us
 99.000%13631.00us
 99.900%21775.00us
 99.990%27967.00us
 99.999%27967.00us
100.000%27967.00us

  Detailed Percentile spectrum:
       Value   Percentile   TotalCount 1/(1-Percentile)

     309.000     0.000000            1         1.00
     901.000     0.100000         1008         1.11
    1119.000     0.200000         2009         1.25
    1299.000     0.300000         3014         1.43
    1462.000     0.400000         4024         1.67
    1619.000     0.500000         5023         2.00
    1715.000     0.550000         5530         2.22
    1823.000     0.600000         6027         2.50
    1953.000     0.650000         6531         2.86
    2097.000     0.700000         7035         3.33
    2275.000     0.750000         7534         4.00
    2377.000     0.775000         7791         4.44
    2495.000     0.800000         8041         5.00
    2617.000     0.825000         8288         5.71
    2775.000     0.850000         8543         6.67
    2903.000     0.875000         8790         8.00
    2993.000     0.887500         8917         8.89
    3061.000     0.900000         9044        10.00
    3131.000     0.912500         9167        11.43
    3205.000     0.925000         9292        13.33
    3295.000     0.937500         9418        16.00
    3337.000     0.943750         9483        17.78
    3385.000     0.950000         9547        20.00
    3433.000     0.956250         9606        22.86
    3497.000     0.962500         9669        26.67
    3569.000     0.968750         9733        32.00
    3617.000     0.971875         9763        35.56
    3693.000     0.975000         9794        40.00
    3937.000     0.978125         9826        45.71
    8279.000     0.981250         9857        53.33
   11263.000     0.984375         9889        64.00
   12055.000     0.985938         9904        71.11
   12599.000     0.987500         9920        80.00
   13095.000     0.989062         9936        91.43
   13887.000     0.990625         9951       106.67
   15047.000     0.992188         9967       128.00
   15623.000     0.992969         9975       142.22
   15943.000     0.993750         9983       160.00
   16655.000     0.994531         9991       182.86
   17311.000     0.995313         9998       213.33
   18127.000     0.996094        10006       256.00
   18735.000     0.996484        10011       284.44
   19439.000     0.996875        10014       320.00
   19871.000     0.997266        10019       365.71
   19999.000     0.997656        10022       426.67
   20079.000     0.998047        10026       512.00
   20143.000     0.998242        10028       568.89
   20511.000     0.998437        10030       640.00
   20719.000     0.998633        10032       731.43
   20847.000     0.998828        10034       853.33
   21983.000     0.999023        10036      1024.00
   22623.000     0.999121        10037      1137.78
   22831.000     0.999219        10038      1280.00
   23263.000     0.999316        10039      1462.86
   23327.000     0.999414        10040      1706.67
   23343.000     0.999512        10041      2048.00
   23343.000     0.999561        10041      2275.56
   23583.000     0.999609        10042      2560.00
   23583.000     0.999658        10042      2925.71
   26095.000     0.999707        10043      3413.33
   26095.000     0.999756        10043      4096.00
   26095.000     0.999780        10043      4551.11
   27967.000     0.999805        10045      5120.00
   27967.000     1.000000        10045          inf
#[Mean    =     2020.235, StdDeviation   =     2017.085]
#[Max     =    27952.000, Total count    =        10045]
#[Buckets =           27, SubBuckets     =         2048]
----------------------------------------------------------

  Latency Distribution (HdrHistogram - Uncorrected Latency (measured without taking delayed starts into account))
 50.000%  721.00us
 75.000% 1461.00us
 90.000% 2047.00us
 99.000% 7899.00us
 99.900%19615.00us
 99.990%19903.00us
 99.999%19951.00us
100.000%19951.00us

  Detailed Percentile spectrum:
       Value   Percentile   TotalCount 1/(1-Percentile)

     172.000     0.000000            1         1.00
     463.000     0.100000         1018         1.11
     527.000     0.200000         2014         1.25
     590.000     0.300000         3031         1.43
     650.000     0.400000         4032         1.67
     721.000     0.500000         5024         2.00
     779.000     0.550000         5537         2.22
     866.000     0.600000         6030         2.50
    1063.000     0.650000         6534         2.86
    1277.000     0.700000         7033         3.33
    1461.000     0.750000         7534         4.00
    1533.000     0.775000         7788         4.44
    1615.000     0.800000         8039         5.00
    1704.000     0.825000         8290         5.71
    1807.000     0.850000         8541         6.67
    1924.000     0.875000         8792         8.00
    1984.000     0.887500         8916         8.89
    2047.000     0.900000         9041        10.00
    2107.000     0.912500         9170        11.43
    2171.000     0.925000         9295        13.33
    2235.000     0.937500         9418        16.00
    2279.000     0.943750         9483        17.78
    2317.000     0.950000         9546        20.00
    2373.000     0.956250         9607        22.86
    2453.000     0.962500         9669        26.67
    2547.000     0.968750         9733        32.00
    2587.000     0.971875         9764        35.56
    2659.000     0.975000         9795        40.00
    2771.000     0.978125         9826        45.71
    3159.000     0.981250         9857        53.33
    4207.000     0.984375         9889        64.00
    5315.000     0.985938         9904        71.11
    6515.000     0.987500         9920        80.00
    7835.000     0.989062         9936        91.43
    8123.000     0.990625         9951       106.67
   10119.000     0.992188         9967       128.00
   11999.000     0.992969         9975       142.22
   12311.000     0.993750         9983       160.00
   12687.000     0.994531         9991       182.86
   13559.000     0.995313         9998       213.33
   15431.000     0.996094        10006       256.00
   15559.000     0.996484        10010       284.44
   16415.000     0.996875        10014       320.00
   16607.000     0.997266        10018       365.71
   17439.000     0.997656        10022       426.67
   18351.000     0.998047        10026       512.00
   18495.000     0.998242        10028       568.89
   18639.000     0.998437        10030       640.00
   19503.000     0.998633        10032       731.43
   19567.000     0.998828        10034       853.33
   19647.000     0.999023        10036      1024.00
   19679.000     0.999121        10037      1137.78
   19711.000     0.999219        10038      1280.00
   19743.000     0.999316        10039      1462.86
   19759.000     0.999414        10040      1706.67
   19775.000     0.999512        10041      2048.00
   19775.000     0.999561        10041      2275.56
   19807.000     0.999609        10042      2560.00
   19807.000     0.999658        10042      2925.71
   19839.000     0.999707        10043      3413.33
   19839.000     0.999756        10043      4096.00
   19839.000     0.999780        10043      4551.11
   19903.000     0.999805        10044      5120.00
   19903.000     0.999829        10044      5851.43
   19903.000     0.999854        10044      6826.67
   19903.000     0.999878        10044      8192.00
   19903.000     0.999890        10044      9102.22
   19951.000     0.999902        10045     10240.00
   19951.000     1.000000        10045          inf
#[Mean    =     1161.755, StdDeviation   =     1520.643]
#[Max     =    19936.000, Total count    =        10045]
#[Buckets =           27, SubBuckets     =         2048]
----------------------------------------------------------
  10080 requests in 10.00s, 866.25KB read
Requests/sec:   1007.87
Transfer/sec:     86.61KB

