Command: /tmp/wrk2/wrk http://10.10.1.1:8000/index.html -c 256 -t 8 -R 8000 -d 10 -L -U
Return code: 0
STDOUT:
Running 10s test @ http://10.10.1.1:8000/index.html
  8 threads and 256 connections
  Thread Stats   Avg      Stdev     Max   +/- Stdev
    Latency   1369.82u 1113.22us51520.00u   98.07%
    Req/Sec       -nan      -nan   0.00      0.00%
  Latency Distribution (HdrHistogram - Recorded Latency)
 50.000% 1309.00us
 75.000% 1693.00us
 90.000% 2029.00us
 99.000% 2639.00us
 99.900% 9719.00us
 99.990%46655.00us
 99.999%51519.00us
100.000%51551.00us

  Detailed Percentile spectrum:
       Value   Percentile   TotalCount 1/(1-Percentile)

     207.000     0.000000            1         1.00
     683.000     0.100000         7904         1.11
     852.000     0.200000        15733         1.25
    1009.000     0.300000        23568         1.43
    1162.000     0.400000        31468         1.67
    1309.000     0.500000        39297         2.00
    1384.000     0.550000        43266         2.22
    1457.000     0.600000        47141         2.50
    1532.000     0.650000        51096         2.86
    1610.000     0.700000        55030         3.33
    1693.000     0.750000        58919         4.00
    1738.000     0.775000        60908         4.44
    1786.000     0.800000        62861         5.00
    1838.000     0.825000        64826         5.71
    1894.000     0.850000        66780         6.67
    1958.000     0.875000        68744         8.00
    1991.000     0.887500        69717         8.89
    2029.000     0.900000        70721        10.00
    2069.000     0.912500        71693        11.43
    2117.000     0.925000        72680        13.33
    2173.000     0.937500        73645        16.00
    2201.000     0.943750        74137        17.78
    2235.000     0.950000        74631        20.00
    2271.000     0.956250        75131        22.86
    2313.000     0.962500        75622        26.67
    2363.000     0.968750        76112        32.00
    2391.000     0.971875        76353        35.56
    2419.000     0.975000        76593        40.00
    2453.000     0.978125        76847        45.71
    2491.000     0.981250        77084        53.33
    2535.000     0.984375        77334        64.00
    2555.000     0.985938        77456        71.11
    2581.000     0.987500        77587        80.00
    2617.000     0.989062        77702        91.43
    2659.000     0.990625        77822       106.67
    2707.000     0.992188        77941       128.00
    2735.000     0.992969        78008       142.22
    2765.000     0.993750        78064       160.00
    2805.000     0.994531        78125       182.86
    2837.000     0.995313        78187       213.33
    2897.000     0.996094        78248       256.00
    2951.000     0.996484        78278       284.44
    3001.000     0.996875        78309       320.00
    3095.000     0.997266        78341       365.71
    3203.000     0.997656        78370       426.67
    4115.000     0.998047        78401       512.00
    4879.000     0.998242        78416       568.89
    6087.000     0.998437        78432       640.00
    8447.000     0.998633        78449       731.43
    9111.000     0.998828        78462       853.33
   10591.000     0.999023        78478      1024.00
   14607.000     0.999121        78485      1137.78
   18799.000     0.999219        78493      1280.00
   19663.000     0.999316        78501      1462.86
   23151.000     0.999414        78508      1706.67
   28175.000     0.999512        78516      2048.00
   32031.000     0.999561        78520      2275.56
   32895.000     0.999609        78524      2560.00
   37055.000     0.999658        78528      2925.71
   37823.000     0.999707        78531      3413.33
   41151.000     0.999756        78535      4096.00
   41535.000     0.999780        78537      4551.11
   42591.000     0.999805        78539      5120.00
   45919.000     0.999829        78541      5851.43
   46111.000     0.999854        78543      6826.67
   46495.000     0.999878        78545      8192.00
   46655.000     0.999890        78546      9102.22
   46943.000     0.999902        78547     10240.00
   50303.000     0.999915        78548     11702.86
   50751.000     0.999927        78549     13653.33
   50847.000     0.999939        78550     16384.00
   50847.000     0.999945        78550     18204.44
   50911.000     0.999951        78551     20480.00
   50911.000     0.999957        78551     23405.71
   51199.000     0.999963        78552     27306.67
   51199.000     0.999969        78552     32768.00
   51199.000     0.999973        78552     36408.89
   51519.000     0.999976        78553     40960.00
   51519.000     0.999979        78553     46811.43
   51519.000     0.999982        78553     54613.33
   51519.000     0.999985        78553     65536.00
   51519.000     0.999986        78553     72817.78
   51551.000     0.999988        78554     81920.00
   51551.000     1.000000        78554          inf
#[Mean    =     1369.816, StdDeviation   =     1113.220]
#[Max     =    51520.000, Total count    =        78554]
#[Buckets =           27, SubBuckets     =         2048]
----------------------------------------------------------

  Latency Distribution (HdrHistogram - Uncorrected Latency (measured without taking delayed starts into account))
 50.000%  508.00us
 75.000%  658.00us
 90.000%  878.00us
 99.000% 1380.00us
 99.900% 4919.00us
 99.990%46431.00us
 99.999%51231.00us
100.000%51327.00us

  Detailed Percentile spectrum:
       Value   Percentile   TotalCount 1/(1-Percentile)

     128.000     0.000000            1         1.00
     336.000     0.100000         7884         1.11
     385.000     0.200000        15827         1.25
     426.000     0.300000        23591         1.43
     466.000     0.400000        31604         1.67
     508.000     0.500000        39290         2.00
     533.000     0.550000        43247         2.22
     560.000     0.600000        47237         2.50
     589.000     0.650000        51187         2.86
     620.000     0.700000        55054         3.33
     658.000     0.750000        58953         4.00
     680.000     0.775000        60887         4.44
     706.000     0.800000        62881         5.00
     735.000     0.825000        64813         5.71
     771.000     0.850000        66815         6.67
     816.000     0.875000        68750         8.00
     845.000     0.887500        69733         8.89
     878.000     0.900000        70710        10.00
     915.000     0.912500        71697        11.43
     957.000     0.925000        72666        13.33
    1007.000     0.937500        73646        16.00
    1036.000     0.943750        74148        17.78
    1065.000     0.950000        74635        20.00
    1100.000     0.956250        75128        22.86
    1137.000     0.962500        75610        26.67
    1175.000     0.968750        76111        32.00
    1196.000     0.971875        76351        35.56
    1218.000     0.975000        76599        40.00
    1242.000     0.978125        76839        45.71
    1271.000     0.981250        77082        53.33
    1303.000     0.984375        77333        64.00
    1321.000     0.985938        77454        71.11
    1341.000     0.987500        77575        80.00
    1364.000     0.989062        77696        91.43
    1389.000     0.990625        77826       106.67
    1420.000     0.992188        77943       128.00
    1436.000     0.992969        78004       142.22
    1452.000     0.993750        78065       160.00
    1475.000     0.994531        78127       182.86
    1509.000     0.995313        78186       213.33
    1540.000     0.996094        78249       256.00
    1562.000     0.996484        78279       284.44
    1590.000     0.996875        78309       320.00
    1627.000     0.997266        78341       365.71
    1674.000     0.997656        78370       426.67
    1747.000     0.998047        78401       512.00
    1885.000     0.998242        78416       568.89
    2517.000     0.998437        78432       640.00
    2745.000     0.998633        78447       731.43
    3429.000     0.998828        78462       853.33
    5235.000     0.999023        78478      1024.00
    8847.000     0.999121        78485      1137.78
    9087.000     0.999219        78494      1280.00
    9335.000     0.999316        78501      1462.86
   22719.000     0.999414        78508      1706.67
   27823.000     0.999512        78516      2048.00
   31679.000     0.999561        78520      2275.56
   32575.000     0.999609        78524      2560.00
   36799.000     0.999658        78528      2925.71
   37503.000     0.999707        78531      3413.33
   40799.000     0.999756        78535      4096.00
   41247.000     0.999780        78537      4551.11
   42399.000     0.999805        78539      5120.00
   45631.000     0.999829        78541      5851.43
   45919.000     0.999854        78543      6826.67
   46271.000     0.999878        78545      8192.00
   46431.000     0.999890        78546      9102.22
   46655.000     0.999902        78547     10240.00
   50047.000     0.999915        78548     11702.86
   50527.000     0.999927        78549     13653.33
   50623.000     0.999939        78551     16384.00
   50623.000     0.999945        78551     18204.44
   50623.000     0.999951        78551     20480.00
   50623.000     0.999957        78551     23405.71
   50751.000     0.999963        78552     27306.67
   50751.000     0.999969        78552     32768.00
   50751.000     0.999973        78552     36408.89
   51231.000     0.999976        78553     40960.00
   51231.000     0.999979        78553     46811.43
   51231.000     0.999982        78553     54613.33
   51231.000     0.999985        78553     65536.00
   51231.000     0.999986        78553     72817.78
   51327.000     0.999988        78554     81920.00
   51327.000     1.000000        78554          inf
#[Mean    =      592.212, StdDeviation   =      986.075]
#[Max     =    51296.000, Total count    =        78554]
#[Buckets =           27, SubBuckets     =         2048]
----------------------------------------------------------
  78562 requests in 10.00s, 6.59MB read
Requests/sec:   7856.28
Transfer/sec:    675.15KB

