Command: /tmp/wrk2/wrk http://10.10.1.1:8000/index.html -c 256 -t 8 -R 10000 -d 10 -L -U
Return code: 0
STDOUT:
Running 10s test @ http://10.10.1.1:8000/index.html
  8 threads and 256 connections
  Thread Stats   Avg      Stdev     Max   +/- Stdev
    Latency   1290.14u  853.63us42304.00u   94.07%
    Req/Sec       -nan      -nan   0.00      0.00%
  Latency Distribution (HdrHistogram - Recorded Latency)
 50.000% 1234.00us
 75.000% 1616.00us
 90.000% 1938.00us
 99.000% 2437.00us
 99.900% 6359.00us
 99.990%36543.00us
 99.999%41983.00us
100.000%42335.00us

  Detailed Percentile spectrum:
       Value   Percentile   TotalCount 1/(1-Percentile)

     158.000     0.000000            1         1.00
     657.000     0.100000         9982         1.11
     815.000     0.200000        19866         1.25
     957.000     0.300000        29843         1.43
    1095.000     0.400000        39773         1.67
    1234.000     0.500000        49690         2.00
    1306.000     0.550000        54651         2.22
    1380.000     0.600000        59647         2.50
    1454.000     0.650000        64602         2.86
    1533.000     0.700000        69598         3.33
    1616.000     0.750000        74517         4.00
    1662.000     0.775000        77007         4.44
    1710.000     0.800000        79482         5.00
    1760.000     0.825000        81956         5.71
    1814.000     0.850000        84433         6.67
    1874.000     0.875000        86915         8.00
    1905.000     0.887500        88157         8.89
    1938.000     0.900000        89408        10.00
    1977.000     0.912500        90655        11.43
    2018.000     0.925000        91894        13.33
    2065.000     0.937500        93137        16.00
    2091.000     0.943750        93771        17.78
    2117.000     0.950000        94396        20.00
    2149.000     0.956250        94997        22.86
    2183.000     0.962500        95609        26.67
    2221.000     0.968750        96249        32.00
    2245.000     0.971875        96555        35.56
    2267.000     0.975000        96856        40.00
    2295.000     0.978125        97157        45.71
    2323.000     0.981250        97471        53.33
    2357.000     0.984375        97781        64.00
    2375.000     0.985938        97932        71.11
    2395.000     0.987500        98087        80.00
    2421.000     0.989062        98251        91.43
    2447.000     0.990625        98397       106.67
    2477.000     0.992188        98553       128.00
    2499.000     0.992969        98637       142.22
    2519.000     0.993750        98716       160.00
    2541.000     0.994531        98792       182.86
    2567.000     0.995313        98868       213.33
    2595.000     0.996094        98942       256.00
    2615.000     0.996484        98983       284.44
    2641.000     0.996875        99020       320.00
    2675.000     0.997266        99058       365.71
    2719.000     0.997656        99096       426.67
    2767.000     0.998047        99135       512.00
    2823.000     0.998242        99155       568.89
    2967.000     0.998437        99173       640.00
    4475.000     0.998633        99193       731.43
    5319.000     0.998828        99212       853.33
    7095.000     0.999023        99231      1024.00
    7883.000     0.999121        99241      1137.78
   10223.000     0.999219        99251      1280.00
   11399.000     0.999316        99261      1462.86
   13863.000     0.999414        99270      1706.67
   16991.000     0.999512        99280      2048.00
   18783.000     0.999561        99285      2275.56
   22847.000     0.999609        99290      2560.00
   24319.000     0.999658        99295      2925.71
   27791.000     0.999707        99300      3413.33
   28287.000     0.999756        99304      4096.00
   32543.000     0.999780        99307      4551.11
   32575.000     0.999805        99309      5120.00
   33407.000     0.999829        99312      5851.43
   36383.000     0.999854        99314      6826.67
   36479.000     0.999878        99316      8192.00
   36543.000     0.999890        99318      9102.22
   37471.000     0.999902        99319     10240.00
   37695.000     0.999915        99320     11702.86
   41343.000     0.999927        99321     13653.33
   41375.000     0.999939        99323     16384.00
   41375.000     0.999945        99323     18204.44
   41439.000     0.999951        99324     20480.00
   41439.000     0.999957        99324     23405.71
   41567.000     0.999963        99325     27306.67
   41567.000     0.999969        99325     32768.00
   41631.000     0.999973        99326     36408.89
   41631.000     0.999976        99326     40960.00
   41631.000     0.999979        99326     46811.43
   41983.000     0.999982        99327     54613.33
   41983.000     0.999985        99327     65536.00
   41983.000     0.999986        99327     72817.78
   41983.000     0.999988        99327     81920.00
   41983.000     0.999989        99327     93622.86
   42335.000     0.999991        99328    109226.67
   42335.000     1.000000        99328          inf
#[Mean    =     1290.139, StdDeviation   =      853.632]
#[Max     =    42304.000, Total count    =        99328]
#[Buckets =           27, SubBuckets     =         2048]
----------------------------------------------------------

  Latency Distribution (HdrHistogram - Uncorrected Latency (measured without taking delayed starts into account))
 50.000%  478.00us
 75.000%  597.00us
 90.000%  722.00us
 99.000%  979.00us
 99.900% 1306.00us
 99.990%36319.00us
 99.999%41663.00us
100.000%42079.00us

  Detailed Percentile spectrum:
       Value   Percentile   TotalCount 1/(1-Percentile)

     107.000     0.000000            1         1.00
     316.000     0.100000         9947         1.11
     363.000     0.200000        19925         1.25
     403.000     0.300000        30016         1.43
     440.000     0.400000        39937         1.67
     478.000     0.500000        49750         2.00
     498.000     0.550000        54695         2.22
     520.000     0.600000        59715         2.50
     543.000     0.650000        64588         2.86
     568.000     0.700000        69545         3.33
     597.000     0.750000        74663         4.00
     613.000     0.775000        77024         4.44
     630.000     0.800000        79491         5.00
     649.000     0.825000        82042         5.71
     670.000     0.850000        84499         6.67
     694.000     0.875000        86970         8.00
     708.000     0.887500        88244         8.89
     722.000     0.900000        89417        10.00
     739.000     0.912500        90655        11.43
     759.000     0.925000        91923        13.33
     780.000     0.937500        93149        16.00
     793.000     0.943750        93804        17.78
     806.000     0.950000        94367        20.00
     820.000     0.956250        94984        22.86
     838.000     0.962500        95610        26.67
     858.000     0.968750        96234        32.00
     869.000     0.971875        96535        35.56
     883.000     0.975000        96856        40.00
     898.000     0.978125        97175        45.71
     914.000     0.981250        97478        53.33
     933.000     0.984375        97788        64.00
     944.000     0.985938        97943        71.11
     956.000     0.987500        98097        80.00
     969.000     0.989062        98243        91.43
     985.000     0.990625        98408       106.67
    1006.000     0.992188        98556       128.00
    1016.000     0.992969        98630       142.22
    1029.000     0.993750        98710       160.00
    1044.000     0.994531        98786       182.86
    1060.000     0.995313        98866       213.33
    1080.000     0.996094        98940       256.00
    1090.000     0.996484        98980       284.44
    1105.000     0.996875        99019       320.00
    1126.000     0.997266        99059       365.71
    1144.000     0.997656        99096       426.67
    1164.000     0.998047        99138       512.00
    1179.000     0.998242        99154       568.89
    1198.000     0.998437        99173       640.00
    1223.000     0.998633        99193       731.43
    1252.000     0.998828        99212       853.33
    1319.000     0.999023        99231      1024.00
    1401.000     0.999121        99241      1137.78
    1472.000     0.999219        99251      1280.00
    4475.000     0.999316        99261      1462.86
    7307.000     0.999414        99270      1706.67
   14703.000     0.999512        99280      2048.00
   18495.000     0.999561        99285      2275.56
   22463.000     0.999609        99290      2560.00
   23951.000     0.999658        99295      2925.71
   27535.000     0.999707        99299      3413.33
   27935.000     0.999756        99304      4096.00
   32303.000     0.999780        99307      4551.11
   32335.000     0.999805        99309      5120.00
   33055.000     0.999829        99312      5851.43
   36159.000     0.999854        99314      6826.67
   36223.000     0.999878        99316      8192.00
   36319.000     0.999890        99318      9102.22
   37151.000     0.999902        99319     10240.00
   37503.000     0.999915        99320     11702.86
   41119.000     0.999927        99321     13653.33
   41183.000     0.999939        99322     16384.00
   41215.000     0.999945        99323     18204.44
   41279.000     0.999951        99326     20480.00
   41279.000     0.999957        99326     23405.71
   41279.000     0.999963        99326     27306.67
   41279.000     0.999969        99326     32768.00
   41279.000     0.999973        99326     36408.89
   41279.000     0.999976        99326     40960.00
   41279.000     0.999979        99326     46811.43
   41663.000     0.999982        99327     54613.33
   41663.000     0.999985        99327     65536.00
   41663.000     0.999986        99327     72817.78
   41663.000     0.999988        99327     81920.00
   41663.000     0.999989        99327     93622.86
   42079.000     0.999991        99328    109226.67
   42079.000     1.000000        99328          inf
#[Mean    =      517.988, StdDeviation   =      699.096]
#[Max     =    42048.000, Total count    =        99328]
#[Buckets =           27, SubBuckets     =         2048]
----------------------------------------------------------
  99340 requests in 10.00s, 8.34MB read
Requests/sec:   9933.53
Transfer/sec:    853.66KB

