Command: /tmp/wrk2/wrk http://10.10.1.1:8000/index.html -c 256 -t 8 -R 9000 -d 10 -L -U
Return code: 0
STDOUT:
Running 10s test @ http://10.10.1.1:8000/index.html
  8 threads and 256 connections
  Thread Stats   Avg      Stdev     Max   +/- Stdev
    Latency   1282.68u  989.75us47072.00u   97.81%
    Req/Sec       -nan      -nan   0.00      0.00%
  Latency Distribution (HdrHistogram - Recorded Latency)
 50.000% 1223.00us
 75.000% 1595.00us
 90.000% 1915.00us
 99.000% 2415.00us
 99.900% 9543.00us
 99.990%42239.00us
 99.999%47039.00us
100.000%47103.00us

  Detailed Percentile spectrum:
       Value   Percentile   TotalCount 1/(1-Percentile)

     188.000     0.000000            1         1.00
     649.000     0.100000         8963         1.11
     809.000     0.200000        17944         1.25
     949.000     0.300000        26847         1.43
    1088.000     0.400000        35815         1.67
    1223.000     0.500000        44716         2.00
    1293.000     0.550000        49211         2.22
    1364.000     0.600000        53670         2.50
    1438.000     0.650000        58137         2.86
    1514.000     0.700000        62648         3.33
    1595.000     0.750000        67067         4.00
    1638.000     0.775000        69311         4.44
    1684.000     0.800000        71546         5.00
    1735.000     0.825000        73787         5.71
    1789.000     0.850000        76018         6.67
    1848.000     0.875000        78244         8.00
    1881.000     0.887500        79375         8.89
    1915.000     0.900000        80468        10.00
    1952.000     0.912500        81604        11.43
    1992.000     0.925000        82703        13.33
    2039.000     0.937500        83834        16.00
    2065.000     0.943750        84398        17.78
    2095.000     0.950000        84940        20.00
    2123.000     0.956250        85497        22.86
    2157.000     0.962500        86075        26.67
    2197.000     0.968750        86631        32.00
    2219.000     0.971875        86901        35.56
    2243.000     0.975000        87188        40.00
    2267.000     0.978125        87459        45.71
    2295.000     0.981250        87734        53.33
    2331.000     0.984375        88021        64.00
    2349.000     0.985938        88157        71.11
    2373.000     0.987500        88293        80.00
    2397.000     0.989062        88431        91.43
    2423.000     0.990625        88571       106.67
    2459.000     0.992188        88718       128.00
    2475.000     0.992969        88787       142.22
    2499.000     0.993750        88854       160.00
    2525.000     0.994531        88923       182.86
    2549.000     0.995313        88989       213.33
    2581.000     0.996094        89063       256.00
    2601.000     0.996484        89096       284.44
    2631.000     0.996875        89129       320.00
    2669.000     0.997266        89166       365.71
    2721.000     0.997656        89199       426.67
    2793.000     0.998047        89234       512.00
    2935.000     0.998242        89251       568.89
    3651.000     0.998437        89269       640.00
    4843.000     0.998633        89286       731.43
    6043.000     0.998828        89304       853.33
    9655.000     0.999023        89321      1024.00
   10199.000     0.999121        89330      1137.78
   14183.000     0.999219        89339      1280.00
   18351.000     0.999316        89348      1462.86
   19199.000     0.999414        89357      1706.67
   23759.000     0.999512        89365      2048.00
   27647.000     0.999561        89369      2275.56
   28447.000     0.999609        89374      2560.00
   32319.000     0.999658        89378      2925.71
   33055.000     0.999707        89382      3413.33
   37311.000     0.999756        89387      4096.00
   37535.000     0.999780        89389      4551.11
   38175.000     0.999805        89391      5120.00
   41567.000     0.999829        89393      5851.43
   41791.000     0.999854        89395      6826.67
   42047.000     0.999878        89398      8192.00
   42239.000     0.999890        89399      9102.22
   42591.000     0.999902        89400     10240.00
   46175.000     0.999915        89402     11702.86
   46175.000     0.999927        89402     13653.33
   46239.000     0.999939        89403     16384.00
   46431.000     0.999945        89404     18204.44
   46431.000     0.999951        89404     20480.00
   46719.000     0.999957        89405     23405.71
   46719.000     0.999963        89405     27306.67
   46815.000     0.999969        89406     32768.00
   46815.000     0.999973        89406     36408.89
   46815.000     0.999976        89406     40960.00
   47039.000     0.999979        89407     46811.43
   47039.000     0.999982        89407     54613.33
   47039.000     0.999985        89407     65536.00
   47039.000     0.999986        89407     72817.78
   47039.000     0.999988        89407     81920.00
   47103.000     0.999989        89408     93622.86
   47103.000     1.000000        89408          inf
#[Mean    =     1282.683, StdDeviation   =      989.750]
#[Max     =    47072.000, Total count    =        89408]
#[Buckets =           27, SubBuckets     =         2048]
----------------------------------------------------------

  Latency Distribution (HdrHistogram - Uncorrected Latency (measured without taking delayed starts into account))
 50.000%  473.00us
 75.000%  583.00us
 90.000%  695.00us
 99.000%  918.00us
 99.900% 1851.00us
 99.990%41951.00us
 99.999%46815.00us
100.000%46911.00us

  Detailed Percentile spectrum:
       Value   Percentile   TotalCount 1/(1-Percentile)

     106.000     0.000000            1         1.00
     319.000     0.100000         9021         1.11
     363.000     0.200000        17935         1.25
     401.000     0.300000        26992         1.43
     436.000     0.400000        35960         1.67
     473.000     0.500000        44924         2.00
     492.000     0.550000        49233         2.22
     513.000     0.600000        53870         2.50
     534.000     0.650000        58250         2.86
     557.000     0.700000        62657         3.33
     583.000     0.750000        67102         4.00
     598.000     0.775000        69382         4.44
     613.000     0.800000        71587         5.00
     630.000     0.825000        73830         5.71
     649.000     0.850000        76083         6.67
     670.000     0.875000        78325         8.00
     681.000     0.887500        79372         8.89
     695.000     0.900000        80546        10.00
     709.000     0.912500        81625        11.43
     726.000     0.925000        82749        13.33
     745.000     0.937500        83849        16.00
     756.000     0.943750        84395        17.78
     768.000     0.950000        84971        20.00
     782.000     0.956250        85541        22.86
     796.000     0.962500        86076        26.67
     814.000     0.968750        86627        32.00
     824.000     0.971875        86916        35.56
     835.000     0.975000        87186        40.00
     847.000     0.978125        87456        45.71
     861.000     0.981250        87734        53.33
     877.000     0.984375        88018        64.00
     887.000     0.985938        88156        71.11
     896.000     0.987500        88292        80.00
     909.000     0.989062        88431        91.43
     925.000     0.990625        88577       106.67
     942.000     0.992188        88715       128.00
     952.000     0.992969        88782       142.22
     965.000     0.993750        88851       160.00
     980.000     0.994531        88922       182.86
     995.000     0.995313        88994       213.33
    1015.000     0.996094        89059       256.00
    1025.000     0.996484        89101       284.44
    1042.000     0.996875        89129       320.00
    1063.000     0.997266        89165       365.71
    1083.000     0.997656        89199       426.67
    1114.000     0.998047        89234       512.00
    1133.000     0.998242        89251       568.89
    1158.000     0.998437        89270       640.00
    1216.000     0.998633        89286       731.43
    1298.000     0.998828        89304       853.33
    2127.000     0.999023        89321      1024.00
    4575.000     0.999121        89330      1137.78
    9079.000     0.999219        89339      1280.00
    9463.000     0.999316        89348      1462.86
   18639.000     0.999414        89356      1706.67
   23407.000     0.999512        89365      2048.00
   27375.000     0.999561        89369      2275.56
   28191.000     0.999609        89374      2560.00
   31967.000     0.999658        89378      2925.71
   32687.000     0.999707        89382      3413.33
   36991.000     0.999756        89387      4096.00
   37119.000     0.999780        89389      4551.11
   37887.000     0.999805        89391      5120.00
   41407.000     0.999829        89393      5851.43
   41503.000     0.999854        89395      6826.67
   41791.000     0.999878        89398      8192.00
   41951.000     0.999890        89399      9102.22
   42399.000     0.999902        89400     10240.00
   45951.000     0.999915        89401     11702.86
   45983.000     0.999927        89402     13653.33
   46015.000     0.999939        89403     16384.00
   46271.000     0.999945        89404     18204.44
   46271.000     0.999951        89404     20480.00
   46527.000     0.999957        89406     23405.71
   46527.000     0.999963        89406     27306.67
   46527.000     0.999969        89406     32768.00
   46527.000     0.999973        89406     36408.89
   46527.000     0.999976        89406     40960.00
   46815.000     0.999979        89407     46811.43
   46815.000     0.999982        89407     54613.33
   46815.000     0.999985        89407     65536.00
   46815.000     0.999986        89407     72817.78
   46815.000     0.999988        89407     81920.00
   46911.000     0.999989        89408     93622.86
   46911.000     1.000000        89408          inf
#[Mean    =      514.411, StdDeviation   =      853.096]
#[Max     =    46880.000, Total count    =        89408]
#[Buckets =           27, SubBuckets     =         2048]
----------------------------------------------------------
  89417 requests in 10.00s, 7.50MB read
Requests/sec:   8941.84
Transfer/sec:    768.44KB

