Command: /tmp/wrk2/wrk http://10.10.1.1:8000/index.html -c 256 -t 8 -R 20000 -d 10 -L -U
Return code: 0
STDOUT:
Running 10s test @ http://10.10.1.1:8000/index.html
  8 threads and 256 connections
  Thread Stats   Avg      Stdev     Max   +/- Stdev
    Latency   1305.17u  824.19us45120.00u   89.32%
    Req/Sec       -nan      -nan   0.00      0.00%
  Latency Distribution (HdrHistogram - Recorded Latency)
 50.000% 1246.00us
 75.000% 1659.00us
 90.000% 2013.00us
 99.000% 2603.00us
 99.900% 5299.00us
 99.990%34463.00us
 99.999%44767.00us
100.000%45151.00us

  Detailed Percentile spectrum:
       Value   Percentile   TotalCount 1/(1-Percentile)

     133.000     0.000000            1         1.00
     626.000     0.100000        19899         1.11
     795.000     0.200000        39708         1.25
     947.000     0.300000        59565         1.43
    1096.000     0.400000        79455         1.67
    1246.000     0.500000        99360         2.00
    1322.000     0.550000       109189         2.22
    1400.000     0.600000       119123         2.50
    1483.000     0.650000       129068         2.86
    1568.000     0.700000       139004         3.33
    1659.000     0.750000       148981         4.00
    1708.000     0.775000       153941         4.44
    1759.000     0.800000       158844         5.00
    1813.000     0.825000       163789         5.71
    1872.000     0.850000       168785         6.67
    1937.000     0.875000       173733         8.00
    1973.000     0.887500       176205         8.89
    2013.000     0.900000       178684        10.00
    2057.000     0.912500       181238        11.43
    2103.000     0.925000       183661        13.33
    2157.000     0.937500       186147        16.00
    2187.000     0.943750       187379        17.78
    2221.000     0.950000       188620        20.00
    2255.000     0.956250       189842        22.86
    2297.000     0.962500       191122        26.67
    2343.000     0.968750       192356        32.00
    2367.000     0.971875       192933        35.56
    2397.000     0.975000       193561        40.00
    2429.000     0.978125       194187        45.71
    2465.000     0.981250       194816        53.33
    2505.000     0.984375       195413        64.00
    2529.000     0.985938       195744        71.11
    2555.000     0.987500       196046        80.00
    2583.000     0.989062       196350        91.43
    2619.000     0.990625       196662       106.67
    2659.000     0.992188       196970       128.00
    2681.000     0.992969       197129       142.22
    2705.000     0.993750       197277       160.00
    2743.000     0.994531       197434       182.86
    2783.000     0.995313       197587       213.33
    2829.000     0.996094       197738       256.00
    2865.000     0.996484       197817       284.44
    2899.000     0.996875       197895       320.00
    2941.000     0.997266       197972       365.71
    2991.000     0.997656       198048       426.67
    3077.000     0.998047       198126       512.00
    3137.000     0.998242       198166       568.89
    3259.000     0.998437       198203       640.00
    3529.000     0.998633       198242       731.43
    4223.000     0.998828       198281       853.33
    5587.000     0.999023       198320      1024.00
    6935.000     0.999121       198339      1137.78
    7499.000     0.999219       198358      1280.00
    8503.000     0.999316       198378      1462.86
   11639.000     0.999414       198397      1706.67
   15263.000     0.999512       198417      2048.00
   16943.000     0.999561       198426      2275.56
   19263.000     0.999609       198436      2560.00
   21087.000     0.999658       198446      2925.71
   23295.000     0.999707       198455      3413.33
   25215.000     0.999756       198465      4096.00
   27919.000     0.999780       198470      4551.11
   28879.000     0.999805       198475      5120.00
   29823.000     0.999829       198480      5851.43
   32399.000     0.999854       198484      6826.67
   33535.000     0.999878       198489      8192.00
   34143.000     0.999890       198492      9102.22
   34879.000     0.999902       198494     10240.00
   35295.000     0.999915       198497     11702.86
   38687.000     0.999927       198499     13653.33
   39263.000     0.999939       198501     16384.00
   39487.000     0.999945       198503     18204.44
   39551.000     0.999951       198504     20480.00
   39807.000     0.999957       198505     23405.71
   43359.000     0.999963       198506     27306.67
   44031.000     0.999969       198508     32768.00
   44031.000     0.999973       198508     36408.89
   44479.000     0.999976       198509     40960.00
   44479.000     0.999979       198509     46811.43
   44607.000     0.999982       198510     54613.33
   44607.000     0.999985       198510     65536.00
   44767.000     0.999986       198511     72817.78
   44767.000     0.999988       198511     81920.00
   44767.000     0.999989       198511     93622.86
   44831.000     0.999991       198512    109226.67
   44831.000     0.999992       198512    131072.00
   44831.000     0.999993       198512    145635.56
   44831.000     0.999994       198512    163840.00
   44831.000     0.999995       198512    187245.71
   45151.000     0.999995       198513    218453.33
   45151.000     1.000000       198513          inf
#[Mean    =     1305.169, StdDeviation   =      824.192]
#[Max     =    45120.000, Total count    =       198513]
#[Buckets =           27, SubBuckets     =         2048]
----------------------------------------------------------

  Latency Distribution (HdrHistogram - Uncorrected Latency (measured without taking delayed starts into account))
 50.000%  461.00us
 75.000%  617.00us
 90.000%  790.00us
 99.000% 1180.00us
 99.900% 1975.00us
 99.990%34207.00us
 99.999%44575.00us
100.000%44895.00us

  Detailed Percentile spectrum:
       Value   Percentile   TotalCount 1/(1-Percentile)

      80.000     0.000000            1         1.00
     272.000     0.100000        19931         1.11
     324.000     0.200000        39796         1.25
     368.000     0.300000        59814         1.43
     413.000     0.400000        79815         1.67
     461.000     0.500000        99583         2.00
     486.000     0.550000       109245         2.22
     515.000     0.600000       119427         2.50
     545.000     0.650000       129258         2.86
     579.000     0.700000       139182         3.33
     617.000     0.750000       148964         4.00
     639.000     0.775000       153980         4.44
     662.000     0.800000       158916         5.00
     688.000     0.825000       163862         5.71
     717.000     0.850000       168834         6.67
     751.000     0.875000       173763         8.00
     770.000     0.887500       176254         8.89
     790.000     0.900000       178702        10.00
     813.000     0.912500       181168        11.43
     840.000     0.925000       183678        13.33
     871.000     0.937500       186182        16.00
     888.000     0.943750       187413        17.78
     906.000     0.950000       188611        20.00
     928.000     0.956250       189884        22.86
     953.000     0.962500       191104        26.67
     984.000     0.968750       192338        32.00
    1002.000     0.971875       192948        35.56
    1021.000     0.975000       193560        40.00
    1041.000     0.978125       194177        45.71
    1070.000     0.981250       194805        53.33
    1102.000     0.984375       195416        64.00
    1120.000     0.985938       195725        71.11
    1142.000     0.987500       196042        80.00
    1166.000     0.989062       196353        91.43
    1194.000     0.990625       196664       106.67
    1225.000     0.992188       196964       128.00
    1244.000     0.992969       197123       142.22
    1265.000     0.993750       197279       160.00
    1290.000     0.994531       197428       182.86
    1324.000     0.995313       197584       213.33
    1375.000     0.996094       197739       256.00
    1402.000     0.996484       197817       284.44
    1437.000     0.996875       197893       320.00
    1475.000     0.997266       197972       365.71
    1530.000     0.997656       198048       426.67
    1602.000     0.998047       198126       512.00
    1655.000     0.998242       198165       568.89
    1714.000     0.998437       198203       640.00
    1794.000     0.998633       198242       731.43
    1879.000     0.998828       198281       853.33
    2014.000     0.999023       198320      1024.00
    2073.000     0.999121       198339      1137.78
    2163.000     0.999219       198358      1280.00
    2269.000     0.999316       198378      1462.86
    2443.000     0.999414       198397      1706.67
    2631.000     0.999512       198417      2048.00
    2763.000     0.999561       198426      2275.56
    2959.000     0.999609       198436      2560.00
    3385.000     0.999658       198446      2925.71
    5519.000     0.999707       198455      3413.33
   14911.000     0.999756       198465      4096.00
   19375.000     0.999780       198470      4551.11
   23359.000     0.999805       198475      5120.00
   24863.000     0.999829       198480      5851.43
   28703.000     0.999854       198484      6826.67
   29807.000     0.999878       198489      8192.00
   33951.000     0.999890       198492      9102.22
   34623.000     0.999902       198494     10240.00
   34975.000     0.999915       198497     11702.86
   38463.000     0.999927       198499     13653.33
   38975.000     0.999939       198501     16384.00
   39199.000     0.999945       198503     18204.44
   39359.000     0.999951       198504     20480.00
   39551.000     0.999957       198505     23405.71
   43135.000     0.999963       198506     27306.67
   43775.000     0.999969       198508     32768.00
   43775.000     0.999973       198508     36408.89
   44351.000     0.999976       198509     40960.00
   44351.000     0.999979       198509     46811.43
   44415.000     0.999982       198510     54613.33
   44415.000     0.999985       198510     65536.00
   44575.000     0.999986       198511     72817.78
   44575.000     0.999988       198511     81920.00
   44575.000     0.999989       198511     93622.86
   44639.000     0.999991       198512    109226.67
   44639.000     0.999992       198512    131072.00
   44639.000     0.999993       198512    145635.56
   44639.000     0.999994       198512    163840.00
   44639.000     0.999995       198512    187245.71
   44895.000     0.999995       198513    218453.33
   44895.000     1.000000       198513          inf
#[Mean    =      511.443, StdDeviation   =      553.504]
#[Max     =    44864.000, Total count    =       198513]
#[Buckets =           27, SubBuckets     =         2048]
----------------------------------------------------------
  198524 requests in 10.00s, 16.66MB read
Requests/sec:  19852.04
Transfer/sec:      1.67MB

