Command: /tmp/wrk2/wrk http://10.10.1.1:8000/index.html -c 256 -t 8 -R 40000 -d 10 -L -U
Return code: 0
STDOUT:
Running 10s test @ http://10.10.1.1:8000/index.html
  8 threads and 256 connections
  Thread Stats   Avg      Stdev     Max   +/- Stdev
    Latency   1658.63u  715.60us29456.00u   70.83%
    Req/Sec       -nan      -nan   0.00      0.00%
  Latency Distribution (HdrHistogram - Recorded Latency)
 50.000% 1582.00us
 75.000% 2087.00us
 90.000% 2557.00us
 99.000% 3413.00us
 99.900% 5363.00us
 99.990%15447.00us
 99.999%28543.00us
100.000%29471.00us

  Detailed Percentile spectrum:
       Value   Percentile   TotalCount 1/(1-Percentile)

     145.000     0.000000            2         1.00
     841.000     0.100000        38798         1.11
    1058.000     0.200000        77717         1.25
    1239.000     0.300000       116346         1.43
    1409.000     0.400000       155186         1.67
    1582.000     0.500000       193825         2.00
    1673.000     0.550000       213225         2.22
    1767.000     0.600000       232667         2.50
    1867.000     0.650000       252170         2.86
    1971.000     0.700000       271396         3.33
    2087.000     0.750000       290889         4.00
    2149.000     0.775000       300517         4.44
    2217.000     0.800000       310290         5.00
    2289.000     0.825000       319899         5.71
    2369.000     0.850000       329546         6.67
    2457.000     0.875000       339303         8.00
    2507.000     0.887500       344215         8.89
    2557.000     0.900000       348950        10.00
    2615.000     0.912500       353728        11.43
    2679.000     0.925000       358632        13.33
    2751.000     0.937500       363510        16.00
    2791.000     0.943750       365915        17.78
    2835.000     0.950000       368308        20.00
    2883.000     0.956250       370695        22.86
    2935.000     0.962500       373115        26.67
    2997.000     0.968750       375529        32.00
    3033.000     0.971875       376772        35.56
    3073.000     0.975000       377974        40.00
    3117.000     0.978125       379169        45.71
    3171.000     0.981250       380391        53.33
    3233.000     0.984375       381611        64.00
    3273.000     0.985938       382210        71.11
    3317.000     0.987500       382814        80.00
    3371.000     0.989062       383408        91.43
    3441.000     0.990625       384024       106.67
    3529.000     0.992188       384614       128.00
    3583.000     0.992969       384918       142.22
    3645.000     0.993750       385229       160.00
    3725.000     0.994531       385521       182.86
    3825.000     0.995313       385823       213.33
    3957.000     0.996094       386126       256.00
    4059.000     0.996484       386280       284.44
    4175.000     0.996875       386431       320.00
    4311.000     0.997266       386583       365.71
    4467.000     0.997656       386732       426.67
    4659.000     0.998047       386884       512.00
    4767.000     0.998242       386960       568.89
    4903.000     0.998437       387035       640.00
    5043.000     0.998633       387112       731.43
    5215.000     0.998828       387186       853.33
    5391.000     0.999023       387262      1024.00
    5471.000     0.999121       387302      1137.78
    5543.000     0.999219       387339      1280.00
    5695.000     0.999316       387377      1462.86
    5851.000     0.999414       387415      1706.67
    6167.000     0.999512       387452      2048.00
    6399.000     0.999561       387470      2275.56
    6707.000     0.999609       387489      2560.00
    7099.000     0.999658       387508      2925.71
    7407.000     0.999707       387528      3413.33
    7763.000     0.999756       387546      4096.00
    7943.000     0.999780       387555      4551.11
    8791.000     0.999805       387565      5120.00
    9823.000     0.999829       387574      5851.43
   11631.000     0.999854       387584      6826.67
   12911.000     0.999878       387593      8192.00
   14087.000     0.999890       387598      9102.22
   15583.000     0.999902       387603     10240.00
   16815.000     0.999915       387607     11702.86
   17647.000     0.999927       387612     13653.33
   18863.000     0.999939       387617     16384.00
   19215.000     0.999945       387619     18204.44
   20079.000     0.999951       387622     20480.00
   22575.000     0.999957       387624     23405.71
   23295.000     0.999963       387626     27306.67
   23471.000     0.999969       387629     32768.00
   23679.000     0.999973       387630     36408.89
   23807.000     0.999976       387631     40960.00
   24207.000     0.999979       387632     46811.43
   24335.000     0.999982       387633     54613.33
   28511.000     0.999985       387635     65536.00
   28511.000     0.999986       387635     72817.78
   28543.000     0.999988       387636     81920.00
   28543.000     0.999989       387636     93622.86
   28591.000     0.999991       387637    109226.67
   29279.000     0.999992       387638    131072.00
   29279.000     0.999993       387638    145635.56
   29279.000     0.999994       387638    163840.00
   29279.000     0.999995       387638    187245.71
   29359.000     0.999995       387639    218453.33
   29359.000     0.999996       387639    262144.00
   29359.000     0.999997       387639    291271.11
   29359.000     0.999997       387639    327680.00
   29359.000     0.999997       387639    374491.43
   29471.000     0.999998       387640    436906.67
   29471.000     1.000000       387640          inf
#[Mean    =     1658.633, StdDeviation   =      715.600]
#[Max     =    29456.000, Total count    =       387640]
#[Buckets =           27, SubBuckets     =         2048]
----------------------------------------------------------

  Latency Distribution (HdrHistogram - Uncorrected Latency (measured without taking delayed starts into account))
 50.000%  790.00us
 75.000% 1081.00us
 90.000% 1352.00us
 99.000% 2071.00us
 99.900% 4147.00us
 99.990% 5915.00us
 99.999%28351.00us
100.000%29311.00us

  Detailed Percentile spectrum:
       Value   Percentile   TotalCount 1/(1-Percentile)

      64.000     0.000000            1         1.00
     397.000     0.100000        38959         1.11
     506.000     0.200000        77825         1.25
     597.000     0.300000       116521         1.43
     690.000     0.400000       155307         1.67
     790.000     0.500000       194143         2.00
     842.000     0.550000       213480         2.22
     897.000     0.600000       232773         2.50
     955.000     0.650000       252141         2.86
    1016.000     0.700000       271398         3.33
    1081.000     0.750000       290905         4.00
    1115.000     0.775000       300432         4.44
    1152.000     0.800000       310117         5.00
    1194.000     0.825000       319914         5.71
    1239.000     0.850000       329550         6.67
    1291.000     0.875000       339299         8.00
    1320.000     0.887500       344143         8.89
    1352.000     0.900000       349012        10.00
    1388.000     0.912500       353766        11.43
    1430.000     0.925000       358633        13.33
    1478.000     0.937500       363413        16.00
    1506.000     0.943750       365869        17.78
    1537.000     0.950000       368263        20.00
    1573.000     0.956250       370714        22.86
    1615.000     0.962500       373157        26.67
    1666.000     0.968750       375544        32.00
    1696.000     0.971875       376743        35.56
    1730.000     0.975000       377975        40.00
    1769.000     0.978125       379167        45.71
    1820.000     0.981250       380388        53.33
    1878.000     0.984375       381592        64.00
    1918.000     0.985938       382200        71.11
    1968.000     0.987500       382809        80.00
    2027.000     0.989062       383410        91.43
    2105.000     0.990625       384015       106.67
    2215.000     0.992188       384613       128.00
    2295.000     0.992969       384916       142.22
    2397.000     0.993750       385219       160.00
    2507.000     0.994531       385523       182.86
    2637.000     0.995313       385823       213.33
    2855.000     0.996094       386127       256.00
    2993.000     0.996484       386278       284.44
    3115.000     0.996875       386432       320.00
    3245.000     0.997266       386581       365.71
    3367.000     0.997656       386732       426.67
    3553.000     0.998047       386883       512.00
    3667.000     0.998242       386959       568.89
    3799.000     0.998437       387036       640.00
    3915.000     0.998633       387111       731.43
    4045.000     0.998828       387186       853.33
    4155.000     0.999023       387262      1024.00
    4211.000     0.999121       387305      1137.78
    4295.000     0.999219       387338      1280.00
    4371.000     0.999316       387377      1462.86
    4447.000     0.999414       387413      1706.67
    4579.000     0.999512       387452      2048.00
    4691.000     0.999561       387470      2275.56
    4807.000     0.999609       387489      2560.00
    4883.000     0.999658       387511      2925.71
    4939.000     0.999707       387527      3413.33
    5059.000     0.999756       387546      4096.00
    5135.000     0.999780       387555      4551.11
    5291.000     0.999805       387565      5120.00
    5423.000     0.999829       387574      5851.43
    5623.000     0.999854       387584      6826.67
    5795.000     0.999878       387594      8192.00
    5895.000     0.999890       387599      9102.22
    6095.000     0.999902       387603     10240.00
    6407.000     0.999915       387607     11702.86
   10431.000     0.999927       387612     13653.33
   14975.000     0.999939       387617     16384.00
   15143.000     0.999945       387619     18204.44
   15559.000     0.999951       387622     20480.00
   18703.000     0.999957       387624     23405.71
   19263.000     0.999963       387626     27306.67
   23039.000     0.999969       387629     32768.00
   23503.000     0.999973       387630     36408.89
   23615.000     0.999976       387631     40960.00
   23823.000     0.999979       387632     46811.43
   24143.000     0.999982       387633     54613.33
   28335.000     0.999985       387635     65536.00
   28335.000     0.999986       387635     72817.78
   28351.000     0.999988       387636     81920.00
   28351.000     0.999989       387636     93622.86
   28463.000     0.999991       387637    109226.67
   29055.000     0.999992       387638    131072.00
   29055.000     0.999993       387638    145635.56
   29055.000     0.999994       387638    163840.00
   29055.000     0.999995       387638    187245.71
   29087.000     0.999995       387639    218453.33
   29087.000     0.999996       387639    262144.00
   29087.000     0.999997       387639    291271.11
   29087.000     0.999997       387639    327680.00
   29087.000     0.999997       387639    374491.43
   29311.000     0.999998       387640    436906.67
   29311.000     1.000000       387640          inf
#[Mean    =      852.277, StdDeviation   =      455.606]
#[Max     =    29296.000, Total count    =       387640]
#[Buckets =           27, SubBuckets     =         2048]
----------------------------------------------------------
  387650 requests in 10.00s, 32.53MB read
Requests/sec:  38764.75
Transfer/sec:      3.25MB

