Command: /tmp/wrk2/wrk http://10.10.1.1:8000/index.html -c 256 -t 8 -R 6000 -d 10 -L -U
Return code: 0
STDOUT:
Running 10s test @ http://10.10.1.1:8000/index.html
  8 threads and 256 connections
  Thread Stats   Avg      Stdev     Max   +/- Stdev
    Latency   1269.21u 1375.05us54688.00u   99.69%
    Req/Sec       -nan      -nan   0.00      0.00%
  Latency Distribution (HdrHistogram - Recorded Latency)
 50.000% 1200.00us
 75.000% 1530.00us
 90.000% 1831.00us
 99.000% 2331.00us
 99.900%22015.00us
 99.990%53695.00us
 99.999%54591.00us
100.000%54719.00us

  Detailed Percentile spectrum:
       Value   Percentile   TotalCount 1/(1-Percentile)

     195.000     0.000000            1         1.00
     643.000     0.100000         5990         1.11
     800.000     0.200000        11930         1.25
     942.000     0.300000        17919         1.43
    1073.000     0.400000        23867         1.67
    1200.000     0.500000        29832         2.00
    1263.000     0.550000        32850         2.22
    1324.000     0.600000        35836         2.50
    1387.000     0.650000        38772         2.86
    1457.000     0.700000        41769         3.33
    1530.000     0.750000        44746         4.00
    1569.000     0.775000        46233         4.44
    1610.000     0.800000        47733         5.00
    1657.000     0.825000        49224         5.71
    1708.000     0.850000        50712         6.67
    1766.000     0.875000        52202         8.00
    1799.000     0.887500        52949         8.89
    1831.000     0.900000        53685        10.00
    1867.000     0.912500        54442        11.43
    1904.000     0.925000        55178        13.33
    1951.000     0.937500        55936        16.00
    1977.000     0.943750        56303        17.78
    2004.000     0.950000        56686        20.00
    2034.000     0.956250        57042        22.86
    2067.000     0.962500        57422        26.67
    2107.000     0.968750        57793        32.00
    2127.000     0.971875        57981        35.56
    2151.000     0.975000        58164        40.00
    2177.000     0.978125        58344        45.71
    2211.000     0.981250        58540        53.33
    2241.000     0.984375        58717        64.00
    2261.000     0.985938        58810        71.11
    2287.000     0.987500        58907        80.00
    2311.000     0.989062        59003        91.43
    2345.000     0.990625        59092       106.67
    2375.000     0.992188        59183       128.00
    2393.000     0.992969        59233       142.22
    2417.000     0.993750        59277       160.00
    2447.000     0.994531        59325       182.86
    2491.000     0.995313        59369       213.33
    2543.000     0.996094        59417       256.00
    2585.000     0.996484        59439       284.44
    2635.000     0.996875        59462       320.00
    2827.000     0.997266        59485       365.71
    4307.000     0.997656        59510       426.67
    7063.000     0.998047        59532       512.00
    8095.000     0.998242        59544       568.89
    9967.000     0.998437        59555       640.00
   12511.000     0.998633        59567       731.43
   17279.000     0.998828        59580       853.33
   22287.000     0.999023        59590      1024.00
   27071.000     0.999121        59597      1137.78
   31167.000     0.999219        59602      1280.00
   32223.000     0.999316        59608      1462.86
   36351.000     0.999414        59614      1706.67
   40415.000     0.999512        59619      2048.00
   40735.000     0.999561        59622      2275.56
   44927.000     0.999609        59625      2560.00
   45279.000     0.999658        59628      2925.71
   45791.000     0.999707        59631      3413.33
   49279.000     0.999756        59634      4096.00
   49503.000     0.999780        59635      4551.11
   49567.000     0.999805        59637      5120.00
   49759.000     0.999829        59638      5851.43
   50559.000     0.999854        59640      6826.67
   53599.000     0.999878        59641      8192.00
   53695.000     0.999890        59642      9102.22
   53727.000     0.999902        59644     10240.00
   53727.000     0.999915        59644     11702.86
   53727.000     0.999927        59644     13653.33
   54079.000     0.999939        59645     16384.00
   54079.000     0.999945        59645     18204.44
   54399.000     0.999951        59646     20480.00
   54399.000     0.999957        59646     23405.71
   54399.000     0.999963        59646     27306.67
   54591.000     0.999969        59647     32768.00
   54591.000     0.999973        59647     36408.89
   54591.000     0.999976        59647     40960.00
   54591.000     0.999979        59647     46811.43
   54591.000     0.999982        59647     54613.33
   54719.000     0.999985        59648     65536.00
   54719.000     1.000000        59648          inf
#[Mean    =     1269.210, StdDeviation   =     1375.046]
#[Max     =    54688.000, Total count    =        59648]
#[Buckets =           27, SubBuckets     =         2048]
----------------------------------------------------------

  Latency Distribution (HdrHistogram - Uncorrected Latency (measured without taking delayed starts into account))
 50.000%  457.00us
 75.000%  542.00us
 90.000%  646.00us
 99.000%  867.00us
 99.900%17311.00us
 99.990%53471.00us
 99.999%54271.00us
100.000%54463.00us

  Detailed Percentile spectrum:
       Value   Percentile   TotalCount 1/(1-Percentile)

     128.000     0.000000            1         1.00
     320.000     0.100000         6002         1.11
     362.000     0.200000        12072         1.25
     394.000     0.300000        18071         1.43
     425.000     0.400000        23989         1.67
     457.000     0.500000        29977         2.00
     472.000     0.550000        32980         2.22
     486.000     0.600000        35799         2.50
     503.000     0.650000        38940         2.86
     520.000     0.700000        41761         3.33
     542.000     0.750000        44862         4.00
     554.000     0.775000        46330         4.44
     567.000     0.800000        47788         5.00
     583.000     0.825000        49278         5.71
     601.000     0.850000        50751         6.67
     622.000     0.875000        52209         8.00
     634.000     0.887500        52969         8.89
     646.000     0.900000        53684        10.00
     661.000     0.912500        54457        11.43
     677.000     0.925000        55185        13.33
     695.000     0.937500        55940        16.00
     706.000     0.943750        56305        17.78
     718.000     0.950000        56689        20.00
     730.000     0.956250        57048        22.86
     746.000     0.962500        57427        26.67
     763.000     0.968750        57792        32.00
     773.000     0.971875        57985        35.56
     783.000     0.975000        58158        40.00
     796.000     0.978125        58353        45.71
     810.000     0.981250        58539        53.33
     827.000     0.984375        58723        64.00
     838.000     0.985938        58815        71.11
     847.000     0.987500        58905        80.00
     859.000     0.989062        58998        91.43
     874.000     0.990625        59090       106.67
     893.000     0.992188        59183       128.00
     905.000     0.992969        59231       142.22
     917.000     0.993750        59281       160.00
     932.000     0.994531        59325       182.86
     948.000     0.995313        59369       213.33
     973.000     0.996094        59417       256.00
     990.000     0.996484        59440       284.44
    1008.000     0.996875        59463       320.00
    1024.000     0.997266        59487       365.71
    1047.000     0.997656        59509       426.67
    1090.000     0.998047        59532       512.00
    1161.000     0.998242        59544       568.89
    3939.000     0.998437        59555       640.00
    9071.000     0.998633        59567       731.43
   16863.000     0.998828        59579       853.33
   17327.000     0.999023        59590      1024.00
   26415.000     0.999121        59596      1137.78
   30703.000     0.999219        59602      1280.00
   31855.000     0.999316        59608      1462.86
   36127.000     0.999414        59614      1706.67
   40063.000     0.999512        59619      2048.00
   40383.000     0.999561        59622      2275.56
   44575.000     0.999609        59625      2560.00
   44991.000     0.999658        59629      2925.71
   45599.000     0.999707        59632      3413.33
   49119.000     0.999756        59634      4096.00
   49279.000     0.999780        59635      4551.11
   49375.000     0.999805        59637      5120.00
   49439.000     0.999829        59638      5851.43
   50431.000     0.999854        59640      6826.67
   53343.000     0.999878        59641      8192.00
   53471.000     0.999890        59643      9102.22
   53471.000     0.999902        59643     10240.00
   53471.000     0.999915        59643     11702.86
   53535.000     0.999927        59644     13653.33
   53919.000     0.999939        59645     16384.00
   53919.000     0.999945        59645     18204.44
   54207.000     0.999951        59646     20480.00
   54207.000     0.999957        59646     23405.71
   54207.000     0.999963        59646     27306.67
   54271.000     0.999969        59647     32768.00
   54271.000     0.999973        59647     36408.89
   54271.000     0.999976        59647     40960.00
   54271.000     0.999979        59647     46811.43
   54271.000     0.999982        59647     54613.33
   54463.000     0.999985        59648     65536.00
   54463.000     1.000000        59648          inf
#[Mean    =      515.250, StdDeviation   =     1293.010]
#[Max     =    54432.000, Total count    =        59648]
#[Buckets =           27, SubBuckets     =         2048]
----------------------------------------------------------
  59658 requests in 10.00s, 5.01MB read
Requests/sec:   5964.62
Transfer/sec:    512.58KB

