Command: /tmp/wrk2/wrk http://10.10.1.1:8000/index.html -c 256 -t 8 -R 50000 -d 10 -L -U
Return code: 0
STDOUT:
Running 10s test @ http://10.10.1.1:8000/index.html
  8 threads and 256 connections
  Thread Stats   Avg      Stdev     Max   +/- Stdev
    Latency   1903.00u  737.54us25568.00u   71.98%
    Req/Sec       -nan      -nan   0.00      0.00%
  Latency Distribution (HdrHistogram - Recorded Latency)
 50.000% 1846.00us
 75.000% 2329.00us
 90.000% 2793.00us
 99.000% 3723.00us
 99.900% 6707.00us
 99.990%15279.00us
 99.999%24799.00us
100.000%25583.00us

  Detailed Percentile spectrum:
       Value   Percentile   TotalCount 1/(1-Percentile)

     138.000     0.000000            1         1.00
    1050.000     0.100000        49643         1.11
    1299.000     0.200000        99261         1.25
    1496.000     0.300000       148953         1.43
    1674.000     0.400000       198595         1.67
    1846.000     0.500000       248084         2.00
    1933.000     0.550000       272968         2.22
    2023.000     0.600000       297876         2.50
    2117.000     0.650000       322635         2.86
    2219.000     0.700000       347440         3.33
    2329.000     0.750000       372092         4.00
    2391.000     0.775000       384805         4.44
    2455.000     0.800000       397039         5.00
    2525.000     0.825000       409277         5.71
    2603.000     0.850000       421779         6.67
    2693.000     0.875000       434303         8.00
    2741.000     0.887500       440315         8.89
    2793.000     0.900000       446431        10.00
    2853.000     0.912500       452790        11.43
    2917.000     0.925000       458843        13.33
    2993.000     0.937500       465162        16.00
    3035.000     0.943750       468157        17.78
    3081.000     0.950000       471249        20.00
    3133.000     0.956250       474351        22.86
    3191.000     0.962500       477430        26.67
    3263.000     0.968750       480559        32.00
    3303.000     0.971875       482100        35.56
    3349.000     0.975000       483668        40.00
    3399.000     0.978125       485209        45.71
    3459.000     0.981250       486737        53.33
    3533.000     0.984375       488291        64.00
    3577.000     0.985938       489081        71.11
    3625.000     0.987500       489842        80.00
    3683.000     0.989062       490623        91.43
    3751.000     0.990625       491395       106.67
    3841.000     0.992188       492172       128.00
    3895.000     0.992969       492556       142.22
    3961.000     0.993750       492943       160.00
    4041.000     0.994531       493323       182.86
    4155.000     0.995313       493715       213.33
    4351.000     0.996094       494098       256.00
    4495.000     0.996484       494294       284.44
    4707.000     0.996875       494481       320.00
    4975.000     0.997266       494676       365.71
    5271.000     0.997656       494869       426.67
    5615.000     0.998047       495064       512.00
    5827.000     0.998242       495161       568.89
    5999.000     0.998437       495256       640.00
    6203.000     0.998633       495356       731.43
    6443.000     0.998828       495450       853.33
    6743.000     0.999023       495547      1024.00
    6959.000     0.999121       495597      1137.78
    7075.000     0.999219       495646      1280.00
    7203.000     0.999316       495692      1462.86
    7439.000     0.999414       495741      1706.67
    7751.000     0.999512       495789      2048.00
    7959.000     0.999561       495815      2275.56
    8239.000     0.999609       495838      2560.00
    8455.000     0.999658       495863      2925.71
    8783.000     0.999707       495886      3413.33
    9231.000     0.999756       495910      4096.00
    9831.000     0.999780       495923      4551.11
   10639.000     0.999805       495936      5120.00
   11055.000     0.999829       495947      5851.43
   11735.000     0.999854       495959      6826.67
   12231.000     0.999878       495971      8192.00
   13487.000     0.999890       495977      9102.22
   15327.000     0.999902       495983     10240.00
   15639.000     0.999915       495989     11702.86
   16135.000     0.999927       495995     13653.33
   16575.000     0.999939       496001     16384.00
   16767.000     0.999945       496004     18204.44
   19679.000     0.999951       496007     20480.00
   19983.000     0.999957       496010     23405.71
   20239.000     0.999963       496013     27306.67
   20575.000     0.999969       496016     32768.00
   20735.000     0.999973       496019     36408.89
   20735.000     0.999976       496019     40960.00
   20911.000     0.999979       496021     46811.43
   21071.000     0.999982       496022     54613.33
   24255.000     0.999985       496024     65536.00
   24639.000     0.999986       496025     72817.78
   24639.000     0.999988       496025     81920.00
   24799.000     0.999989       496026     93622.86
   24863.000     0.999991       496027    109226.67
   25103.000     0.999992       496028    131072.00
   25103.000     0.999993       496028    145635.56
   25103.000     0.999994       496028    163840.00
   25327.000     0.999995       496029    187245.71
   25327.000     0.999995       496029    218453.33
   25407.000     0.999996       496030    262144.00
   25407.000     0.999997       496030    291271.11
   25407.000     0.999997       496030    327680.00
   25407.000     0.999997       496030    374491.43
   25407.000     0.999998       496030    436906.67
   25583.000     0.999998       496031    524288.00
   25583.000     1.000000       496031          inf
#[Mean    =     1902.996, StdDeviation   =      737.544]
#[Max     =    25568.000, Total count    =       496031]
#[Buckets =           27, SubBuckets     =         2048]
----------------------------------------------------------

  Latency Distribution (HdrHistogram - Uncorrected Latency (measured without taking delayed starts into account))
 50.000% 1099.00us
 75.000% 1421.00us
 90.000% 1745.00us
 99.000% 2469.00us
 99.900% 4719.00us
 99.990% 7263.00us
 99.999%24591.00us
100.000%25343.00us

  Detailed Percentile spectrum:
       Value   Percentile   TotalCount 1/(1-Percentile)

      65.000     0.000000            1         1.00
     549.000     0.100000        49753         1.11
     710.000     0.200000        99359         1.25
     844.000     0.300000       149077         1.43
     978.000     0.400000       198628         1.67
    1099.000     0.500000       248411         2.00
    1156.000     0.550000       272837         2.22
    1216.000     0.600000       297847         2.50
    1279.000     0.650000       322668         2.86
    1347.000     0.700000       347471         3.33
    1421.000     0.750000       372283         4.00
    1461.000     0.775000       384473         4.44
    1506.000     0.800000       397025         5.00
    1555.000     0.825000       409292         5.71
    1609.000     0.850000       421646         6.67
    1671.000     0.875000       434175         8.00
    1706.000     0.887500       440254         8.89
    1745.000     0.900000       446478        10.00
    1789.000     0.912500       452688        11.43
    1840.000     0.925000       458946        13.33
    1898.000     0.937500       465062        16.00
    1933.000     0.943750       468183        17.78
    1970.000     0.950000       471300        20.00
    2011.000     0.956250       474392        22.86
    2057.000     0.962500       477435        26.67
    2111.000     0.968750       480576        32.00
    2143.000     0.971875       482171        35.56
    2177.000     0.975000       483646        40.00
    2217.000     0.978125       485207        45.71
    2265.000     0.981250       486762        53.33
    2321.000     0.984375       488283        64.00
    2353.000     0.985938       489063        71.11
    2391.000     0.987500       489870        80.00
    2435.000     0.989062       490611        91.43
    2497.000     0.990625       491395       106.67
    2575.000     0.992188       492163       128.00
    2627.000     0.992969       492546       142.22
    2695.000     0.993750       492936       160.00
    2797.000     0.994531       493320       182.86
    2941.000     0.995313       493708       213.33
    3181.000     0.996094       494094       256.00
    3327.000     0.996484       494289       284.44
    3491.000     0.996875       494482       320.00
    3683.000     0.997266       494676       365.71
    3913.000     0.997656       494871       426.67
    4103.000     0.998047       495063       512.00
    4231.000     0.998242       495164       568.89
    4311.000     0.998437       495257       640.00
    4415.000     0.998633       495356       731.43
    4547.000     0.998828       495453       853.33
    4747.000     0.999023       495549      1024.00
    4923.000     0.999121       495596      1137.78
    5095.000     0.999219       495645      1280.00
    5183.000     0.999316       495692      1462.86
    5315.000     0.999414       495741      1706.67
    5487.000     0.999512       495789      2048.00
    5727.000     0.999561       495814      2275.56
    5931.000     0.999609       495838      2560.00
    6191.000     0.999658       495863      2925.71
    6371.000     0.999707       495886      3413.33
    6547.000     0.999756       495910      4096.00
    6659.000     0.999780       495923      4551.11
    6771.000     0.999805       495935      5120.00
    6927.000     0.999829       495947      5851.43
    7043.000     0.999854       495959      6826.67
    7135.000     0.999878       495971      8192.00
    7187.000     0.999890       495977      9102.22
    7303.000     0.999902       495983     10240.00
    7839.000     0.999915       495989     11702.86
   10327.000     0.999927       495995     13653.33
   11855.000     0.999939       496001     16384.00
   12055.000     0.999945       496004     18204.44
   14927.000     0.999951       496007     20480.00
   15463.000     0.999957       496010     23405.71
   16351.000     0.999963       496013     27306.67
   19647.000     0.999969       496016     32768.00
   19967.000     0.999973       496018     36408.89
   20047.000     0.999976       496019     40960.00
   20399.000     0.999979       496021     46811.43
   20655.000     0.999982       496022     54613.33
   24031.000     0.999985       496024     65536.00
   24559.000     0.999986       496025     72817.78
   24559.000     0.999988       496025     81920.00
   24591.000     0.999989       496026     93622.86
   24655.000     0.999991       496027    109226.67
   24831.000     0.999992       496028    131072.00
   24831.000     0.999993       496028    145635.56
   24831.000     0.999994       496028    163840.00
   25055.000     0.999995       496029    187245.71
   25055.000     0.999995       496029    218453.33
   25087.000     0.999996       496030    262144.00
   25087.000     0.999997       496030    291271.11
   25087.000     0.999997       496030    327680.00
   25087.000     0.999997       496030    374491.43
   25087.000     0.999998       496030    436906.67
   25343.000     0.999998       496031    524288.00
   25343.000     1.000000       496031          inf
#[Mean    =     1136.759, StdDeviation   =      528.010]
#[Max     =    25328.000, Total count    =       496031]
#[Buckets =           27, SubBuckets     =         2048]
----------------------------------------------------------
  496043 requests in 10.00s, 41.63MB read
Requests/sec:  49605.31
Transfer/sec:      4.16MB

