Command: /tmp/wrk2/wrk http://10.10.1.1:8000/index.html -c 256 -t 32 -R 40000 -d 10 -L -U
Return code: 0
STDOUT:
Running 10s test @ http://10.10.1.1:8000/index.html
  32 threads and 256 connections
  Thread Stats   Avg      Stdev     Max   +/- Stdev
    Latency   5089.04u50552.17us1028096.0   99.25%
    Req/Sec       -nan      -nan   0.00      0.00%
  Latency Distribution (HdrHistogram - Recorded Latency)
 50.000% 1208.00us
 75.000% 1616.00us
 90.000% 1958.00us
 99.000% 8807.00us
 99.900%887295.00u
 99.990%1015295.00
 99.999%1027583.00
100.000%1028607.00

  Detailed Percentile spectrum:
       Value   Percentile   TotalCount 1/(1-Percentile)

      93.000     0.000000            1         1.00
     558.000     0.100000        40077         1.11
     740.000     0.200000        79856         1.25
     902.000     0.300000       119831         1.43
    1056.000     0.400000       159781         1.67
    1208.000     0.500000       199693         2.00
    1284.000     0.550000       219762         2.22
    1363.000     0.600000       239694         2.50
    1443.000     0.650000       259533         2.86
    1527.000     0.700000       279600         3.33
    1616.000     0.750000       299456         4.00
    1662.000     0.775000       309541         4.44
    1710.000     0.800000       319402         5.00
    1762.000     0.825000       329348         5.71
    1820.000     0.850000       339366         6.67
    1883.000     0.875000       349275         8.00
    1918.000     0.887500       354258         8.89
    1958.000     0.900000       359269        10.00
    2002.000     0.912500       364312        11.43
    2051.000     0.925000       369244        13.33
    2111.000     0.937500       374236        16.00
    2147.000     0.943750       376798        17.78
    2185.000     0.950000       379249        20.00
    2229.000     0.956250       381730        22.86
    2281.000     0.962500       384184        26.67
    2353.000     0.968750       386713        32.00
    2399.000     0.971875       387939        35.56
    2457.000     0.975000       389186        40.00
    2533.000     0.978125       390451        45.71
    2661.000     0.981250       391675        53.33
    2979.000     0.984375       392914        64.00
    3363.000     0.985938       393537        71.11
    3897.000     0.987500       394162        80.00
    5367.000     0.989062       394785        91.43
   11871.000     0.990625       395408       106.67
   30799.000     0.992188       396032       128.00
  100479.000     0.992969       396344       142.22
  168575.000     0.993750       396656       160.00
  253695.000     0.994531       396968       182.86
  365567.000     0.995313       397280       213.33
  475135.000     0.996094       397591       256.00
  530943.000     0.996484       397747       284.44
  586751.000     0.996875       397905       320.00
  642047.000     0.997266       398059       365.71
  697855.000     0.997656       398215       426.67
  753663.000     0.998047       398374       512.00
  781311.000     0.998242       398449       568.89
  807935.000     0.998437       398527       640.00
  836607.000     0.998633       398607       731.43
  864767.000     0.998828       398684       853.33
  891391.000     0.999023       398761      1024.00
  905215.000     0.999121       398800      1137.78
  919039.000     0.999219       398839      1280.00
  933375.000     0.999316       398879      1462.86
  947711.000     0.999414       398918      1706.67
  961023.000     0.999512       398956      2048.00
  968191.000     0.999561       398976      2275.56
  974335.000     0.999609       398995      2560.00
  981503.000     0.999658       399015      2925.71
  988671.000     0.999707       399034      3413.33
  995839.000     0.999756       399054      4096.00
  999935.000     0.999780       399066      4551.11
 1002495.000     0.999805       399075      5120.00
 1006079.000     0.999829       399085      5851.43
 1009663.000     0.999854       399093      6826.67
 1012735.000     0.999878       399102      8192.00
 1014783.000     0.999890       399107      9102.22
 1015807.000     0.999902       399112     10240.00
 1018879.000     0.999915       399119     11702.86
 1019391.000     0.999927       399121     13653.33
 1021951.000     0.999939       399129     16384.00
 1021951.000     0.999945       399129     18204.44
 1022975.000     0.999951       399132     20480.00
 1023487.000     0.999957       399133     23405.71
 1024511.000     0.999963       399136     27306.67
 1025535.000     0.999969       399140     32768.00
 1025535.000     0.999973       399140     36408.89
 1026047.000     0.999976       399141     40960.00
 1026559.000     0.999979       399142     46811.43
 1027583.000     0.999982       399146     54613.33
 1027583.000     0.999985       399146     65536.00
 1027583.000     0.999986       399146     72817.78
 1027583.000     0.999988       399146     81920.00
 1027583.000     0.999989       399146     93622.86
 1028095.000     0.999991       399148    109226.67
 1028095.000     0.999992       399148    131072.00
 1028095.000     0.999993       399148    145635.56
 1028095.000     0.999994       399148    163840.00
 1028095.000     0.999995       399148    187245.71
 1028607.000     0.999995       399150    218453.33
 1028607.000     1.000000       399150          inf
#[Mean    =     5089.039, StdDeviation   =    50552.168]
#[Max     =  1028096.000, Total count    =       399150]
#[Buckets =           27, SubBuckets     =         2048]
----------------------------------------------------------

  Latency Distribution (HdrHistogram - Uncorrected Latency (measured without taking delayed starts into account))
 50.000%  419.00us
 75.000%  614.00us
 90.000%  815.00us
 99.000% 1608.00us
 99.900% 4287.00us
 99.990%22959.00us
 99.999%205311.00u
100.000%207231.00u

  Detailed Percentile spectrum:
       Value   Percentile   TotalCount 1/(1-Percentile)

      74.000     0.000000            1         1.00
     211.000     0.100000        40678         1.11
     254.000     0.200000        80378         1.25
     303.000     0.300000       120077         1.43
     357.000     0.400000       159707         1.67
     419.000     0.500000       199981         2.00
     452.000     0.550000       219584         2.22
     488.000     0.600000       239751         2.50
     527.000     0.650000       259967         2.86
     568.000     0.700000       279635         3.33
     614.000     0.750000       299774         4.00
     638.000     0.775000       309356         4.44
     665.000     0.800000       319337         5.00
     696.000     0.825000       329413         5.71
     730.000     0.850000       339518         6.67
     769.000     0.875000       349443         8.00
     790.000     0.887500       354296         8.89
     815.000     0.900000       359387        10.00
     842.000     0.912500       364306        11.43
     874.000     0.925000       369356        13.33
     912.000     0.937500       374331        16.00
     934.000     0.943750       376773        17.78
     958.000     0.950000       379203        20.00
     986.000     0.956250       381693        22.86
    1022.000     0.962500       384226        26.67
    1066.000     0.968750       386691        32.00
    1093.000     0.971875       387966        35.56
    1127.000     0.975000       389173        40.00
    1169.000     0.978125       390443        45.71
    1220.000     0.981250       391672        53.33
    1294.000     0.984375       392930        64.00
    1341.000     0.985938       393541        71.11
    1413.000     0.987500       394170        80.00
    1517.000     0.989062       394786        91.43
    1694.000     0.990625       395410       106.67
    1926.000     0.992188       396035       128.00
    2067.000     0.992969       396345       142.22
    2235.000     0.993750       396657       160.00
    2415.000     0.994531       396968       182.86
    2619.000     0.995313       397279       213.33
    2827.000     0.996094       397593       256.00
    2959.000     0.996484       397747       284.44
    3127.000     0.996875       397905       320.00
    3273.000     0.997266       398061       365.71
    3367.000     0.997656       398216       426.67
    3495.000     0.998047       398373       512.00
    3595.000     0.998242       398449       568.89
    3743.000     0.998437       398527       640.00
    3873.000     0.998633       398605       731.43
    4079.000     0.998828       398683       853.33
    4331.000     0.999023       398761      1024.00
    4451.000     0.999121       398801      1137.78
    4715.000     0.999219       398839      1280.00
    4943.000     0.999316       398878      1462.86
    5503.000     0.999414       398917      1706.67
   10255.000     0.999512       398956      2048.00
   11087.000     0.999561       398975      2275.56
   12183.000     0.999609       398996      2560.00
   13775.000     0.999658       399014      2925.71
   15087.000     0.999707       399034      3413.33
   17807.000     0.999756       399054      4096.00
   17871.000     0.999780       399065      4551.11
   17903.000     0.999805       399073      5120.00
   17999.000     0.999829       399082      5851.43
   18415.000     0.999854       399092      6826.67
   22495.000     0.999878       399102      8192.00
   22847.000     0.999890       399107      9102.22
   23103.000     0.999902       399112     10240.00
   23599.000     0.999915       399116     11702.86
   23935.000     0.999927       399121     13653.33
   24783.000     0.999939       399126     16384.00
   24879.000     0.999945       399129     18204.44
   25055.000     0.999951       399131     20480.00
   25167.000     0.999957       399133     23405.71
   25631.000     0.999963       399136     27306.67
   26111.000     0.999969       399138     32768.00
   26479.000     0.999973       399140     36408.89
  203007.000     0.999976       399141     40960.00
  203135.000     0.999979       399143     46811.43
  203135.000     0.999982       399143     54613.33
  204415.000     0.999985       399144     65536.00
  204927.000     0.999986       399145     72817.78
  205311.000     0.999988       399146     81920.00
  205311.000     0.999989       399146     93622.86
  205695.000     0.999991       399147    109226.67
  205695.000     0.999992       399147    131072.00
  206207.000     0.999993       399148    145635.56
  206207.000     0.999994       399148    163840.00
  206207.000     0.999995       399148    187245.71
  206975.000     0.999995       399149    218453.33
  206975.000     0.999996       399149    262144.00
  206975.000     0.999997       399149    291271.11
  206975.000     0.999997       399149    327680.00
  206975.000     0.999997       399149    374491.43
  207231.000     0.999998       399150    436906.67
  207231.000     1.000000       399150          inf
#[Mean    =      500.447, StdDeviation   =     1137.728]
#[Max     =   207104.000, Total count    =       399150]
#[Buckets =           27, SubBuckets     =         2048]
----------------------------------------------------------
  399187 requests in 10.00s, 33.50MB read
Requests/sec:  39922.27
Transfer/sec:      3.35MB

