Command: /tmp/wrk2/wrk http://10.10.1.1:8000/index.html -c 256 -t 8 -R 100000 -d 10 -L -U
Return code: 0
STDOUT:
Running 10s test @ http://10.10.1.1:8000/index.html
  8 threads and 256 connections
  Thread Stats   Avg      Stdev     Max   +/- Stdev
    Latency   1765727.1027781.815206016.0   63.50%
    Req/Sec       -nan      -nan   0.00      0.00%
  Latency Distribution (HdrHistogram - Recorded Latency)
 50.000%1909759.00
 75.000%2547711.00
 90.000%2920447.00
 99.000%4255743.00
 99.900%4972543.00
 99.990%5148671.00
 99.999%5193727.00
100.000%5210111.00

  Detailed Percentile spectrum:
       Value   Percentile   TotalCount 1/(1-Percentile)

     115.000     0.000000            1         1.00
  206975.000     0.100000        64202         1.11
  663551.000     0.200000       128396         1.25
 1146879.000     0.300000       192595         1.43
 1617919.000     0.400000       256784         1.67
 1909759.000     0.500000       321042         2.00
 2039807.000     0.550000       353195         2.22
 2168831.000     0.600000       385402         2.50
 2295807.000     0.650000       417271         2.86
 2422783.000     0.700000       449662         3.33
 2547711.000     0.750000       481765         4.00
 2609151.000     0.775000       497548         4.44
 2672639.000     0.800000       513888         5.00
 2734079.000     0.825000       529934         5.71
 2795519.000     0.850000       545854         6.67
 2856959.000     0.875000       561716         8.00
 2889727.000     0.887500       570137         8.89
 2920447.000     0.900000       578007        10.00
 2955263.000     0.912500       586199        11.43
 2994175.000     0.925000       594079        13.33
 3037183.000     0.937500       602155        16.00
 3069951.000     0.943750       605906        17.78
 3151871.000     0.950000       609891        20.00
 3254271.000     0.956250       613894        22.86
 3381247.000     0.962500       617863        26.67
 3532799.000     0.968750       621884        32.00
 3610623.000     0.971875       623923        35.56
 3690495.000     0.975000       625905        40.00
 3780607.000     0.978125       627898        45.71
 3880959.000     0.981250       629909        53.33
 3995647.000     0.984375       631903        64.00
 4050943.000     0.985938       632905        71.11
 4116479.000     0.987500       633908        80.00
 4202495.000     0.989062       634943        91.43
 4292607.000     0.990625       635957       106.67
 4390911.000     0.992188       636928       128.00
 4444159.000     0.992969       637451       142.22
 4497407.000     0.993750       637947       160.00
 4550655.000     0.994531       638440       182.86
 4612095.000     0.995313       638936       213.33
 4677631.000     0.996094       639445       256.00
 4710399.000     0.996484       639677       284.44
 4747263.000     0.996875       639932       320.00
 4784127.000     0.997266       640175       365.71
 4825087.000     0.997656       640445       426.67
 4861951.000     0.998047       640689       512.00
 4882431.000     0.998242       640809       568.89
 4902911.000     0.998437       640926       640.00
 4927487.000     0.998633       641058       731.43
 4952063.000     0.998828       641187       853.33
 4976639.000     0.999023       641321      1024.00
 4988927.000     0.999121       641383      1137.78
 4997119.000     0.999219       641428      1280.00
 5009407.000     0.999316       641493      1462.86
 5025791.000     0.999414       641559      1706.67
 5042175.000     0.999512       641618      2048.00
 5054463.000     0.999561       641654      2275.56
 5066751.000     0.999609       641687      2560.00
 5074943.000     0.999658       641710      2925.71
 5087231.000     0.999707       641744      3413.33
 5103615.000     0.999756       641778      4096.00
 5111807.000     0.999780       641796      4551.11
 5115903.000     0.999805       641804      5120.00
 5124095.000     0.999829       641821      5851.43
 5132287.000     0.999854       641837      6826.67
 5140479.000     0.999878       641856      8192.00
 5144575.000     0.999890       641864      9102.22
 5148671.000     0.999902       641870     10240.00
 5152767.000     0.999915       641879     11702.86
 5156863.000     0.999927       641884     13653.33
 5160959.000     0.999939       641892     16384.00
 5165055.000     0.999945       641897     18204.44
 5169151.000     0.999951       641903     20480.00
 5169151.000     0.999957       641903     23405.71
 5173247.000     0.999963       641909     27306.67
 5177343.000     0.999969       641914     32768.00
 5177343.000     0.999973       641914     36408.89
 5177343.000     0.999976       641914     40960.00
 5181439.000     0.999979       641917     46811.43
 5185535.000     0.999982       641920     54613.33
 5185535.000     0.999985       641920     65536.00
 5189631.000     0.999986       641922     72817.78
 5189631.000     0.999988       641922     81920.00
 5193727.000     0.999989       641923     93622.86
 5197823.000     0.999991       641925    109226.67
 5197823.000     0.999992       641925    131072.00
 5197823.000     0.999993       641925    145635.56
 5201919.000     0.999994       641926    163840.00
 5201919.000     0.999995       641926    187245.71
 5206015.000     0.999995       641928    218453.33
 5206015.000     0.999996       641928    262144.00
 5206015.000     0.999997       641928    291271.11
 5206015.000     0.999997       641928    327680.00
 5206015.000     0.999997       641928    374491.43
 5206015.000     0.999998       641928    436906.67
 5206015.000     0.999998       641928    524288.00
 5206015.000     0.999998       641928    582542.22
 5210111.000     0.999998       641929    655360.00
 5210111.000     1.000000       641929          inf
#[Mean    =  1765727.296, StdDeviation   =  1027781.815]
#[Max     =  5206016.000, Total count    =       641929]
#[Buckets =           27, SubBuckets     =         2048]
----------------------------------------------------------

  Latency Distribution (HdrHistogram - Uncorrected Latency (measured without taking delayed starts into account))
 50.000% 3519.00us
 75.000% 4259.00us
 90.000% 4491.00us
 99.000% 6447.00us
 99.900% 6747.00us
 99.990%30623.00us
 99.999%101311.00u
100.000%114175.00u

  Detailed Percentile spectrum:
       Value   Percentile   TotalCount 1/(1-Percentile)

      51.000     0.000000            1         1.00
    3237.000     0.100000        64416         1.11
    3353.000     0.200000       129005         1.25
    3415.000     0.300000       193780         1.43
    3465.000     0.400000       258833         1.67
    3519.000     0.500000       322250         2.00
    3563.000     0.550000       353809         2.22
    3667.000     0.600000       385226         2.50
    4115.000     0.650000       418183         2.86
    4199.000     0.700000       449703         3.33
    4259.000     0.750000       482018         4.00
    4287.000     0.775000       498207         4.44
    4315.000     0.800000       514042         5.00
    4347.000     0.825000       530616         5.71
    4383.000     0.850000       546621         6.67
    4427.000     0.875000       561780         8.00
    4459.000     0.887500       570658         8.89
    4491.000     0.900000       578404        10.00
    4531.000     0.912500       585850        11.43
    4599.000     0.925000       593785        13.33
    4927.000     0.937500       601866        16.00
    5023.000     0.943750       606040        17.78
    5083.000     0.950000       609958        20.00
    5139.000     0.956250       613954        22.86
    5199.000     0.962500       618064        26.67
    5279.000     0.968750       621910        32.00
    5375.000     0.971875       623909        35.56
    6131.000     0.975000       625887        40.00
    6231.000     0.978125       627953        45.71
    6295.000     0.981250       629894        53.33
    6351.000     0.984375       631998        64.00
    6375.000     0.985938       632984        71.11
    6403.000     0.987500       634016        80.00
    6427.000     0.989062       634951        91.43
    6459.000     0.990625       636031       106.67
    6487.000     0.992188       636949       128.00
    6503.000     0.992969       637452       142.22
    6523.000     0.993750       637975       160.00
    6543.000     0.994531       638506       182.86
    6563.000     0.995313       638987       213.33
    6587.000     0.996094       639482       256.00
    6599.000     0.996484       639716       284.44
    6611.000     0.996875       639955       320.00
    6631.000     0.997266       640210       365.71
    6651.000     0.997656       640460       426.67
    6675.000     0.998047       640711       512.00
    6683.000     0.998242       640803       568.89
    6699.000     0.998437       640939       640.00
    6715.000     0.998633       641069       731.43
    6731.000     0.998828       641190       853.33
    6751.000     0.999023       641318      1024.00
    6767.000     0.999121       641380      1137.78
    6779.000     0.999219       641441      1280.00
    6799.000     0.999316       641502      1462.86
    6823.000     0.999414       641556      1706.67
    6847.000     0.999512       641616      2048.00
    6867.000     0.999561       641655      2275.56
    6891.000     0.999609       641687      2560.00
    6919.000     0.999658       641713      2925.71
    6967.000     0.999707       641743      3413.33
    7259.000     0.999756       641773      4096.00
   10247.000     0.999780       641788      4551.11
   11911.000     0.999805       641804      5120.00
   14927.000     0.999829       641820      5851.43
   19135.000     0.999854       641835      6826.67
   24799.000     0.999878       641851      8192.00
   27807.000     0.999890       641859      9102.22
   30991.000     0.999902       641867     10240.00
   34527.000     0.999915       641875     11702.86
   38207.000     0.999927       641882     13653.33
   45631.000     0.999939       641890     16384.00
   51071.000     0.999945       641894     18204.44
   54815.000     0.999951       641898     20480.00
   58751.000     0.999957       641902     23405.71
   66111.000     0.999963       641906     27306.67
   74047.000     0.999969       641910     32768.00
   78079.000     0.999973       641912     36408.89
   82239.000     0.999976       641914     40960.00
   86399.000     0.999979       641916     46811.43
   90751.000     0.999982       641918     54613.33
   95103.000     0.999985       641920     65536.00
   97215.000     0.999986       641921     72817.78
   99263.000     0.999988       641922     81920.00
  101311.000     0.999989       641923     93622.86
  103615.000     0.999991       641924    109226.67
  105663.000     0.999992       641925    131072.00
  105663.000     0.999993       641925    145635.56
  107775.000     0.999994       641926    163840.00
  107775.000     0.999995       641926    187245.71
  109887.000     0.999995       641927    218453.33
  109887.000     0.999996       641927    262144.00
  109887.000     0.999997       641927    291271.11
  112127.000     0.999997       641928    327680.00
  112127.000     0.999997       641928    374491.43
  112127.000     0.999998       641928    436906.67
  112127.000     0.999998       641928    524288.00
  112127.000     0.999998       641928    582542.22
  114175.000     0.999998       641929    655360.00
  114175.000     1.000000       641929          inf
#[Mean    =     3815.265, StdDeviation   =      962.962]
#[Max     =   114112.000, Total count    =       641929]
#[Buckets =           27, SubBuckets     =         2048]
----------------------------------------------------------
  641944 requests in 10.00s, 53.87MB read
Requests/sec:  64199.05
Transfer/sec:      5.39MB

