Command: /tmp/wrk2/wrk http://10.10.1.1:8000/index.html -c 256 -t 8 -R 3000 -d 10 -L -U
Return code: 0
STDOUT:
Running 10s test @ http://10.10.1.1:8000/index.html
  8 threads and 256 connections
  Thread Stats   Avg      Stdev     Max   +/- Stdev
    Latency   1638.53u 2369.07us70080.00u   98.97%
    Req/Sec       -nan      -nan   0.00      0.00%
  Latency Distribution (HdrHistogram - Recorded Latency)
 50.000% 1384.00us
 75.000% 1850.00us
 90.000% 2555.00us
 99.000% 4033.00us
 99.900%50175.00us
 99.990%69375.00us
 99.999%70143.00us
100.000%70143.00us

  Detailed Percentile spectrum:
       Value   Percentile   TotalCount 1/(1-Percentile)

     243.000     0.000000            1         1.00
     762.000     0.100000         2937         1.11
     935.000     0.200000         5850         1.25
    1088.000     0.300000         8760         1.43
    1240.000     0.400000        11695         1.67
    1384.000     0.500000        14604         2.00
    1459.000     0.550000        16071         2.22
    1540.000     0.600000        17536         2.50
    1630.000     0.650000        18980         2.86
    1732.000     0.700000        20442         3.33
    1850.000     0.750000        21900         4.00
    1923.000     0.775000        22631         4.44
    2008.000     0.800000        23360         5.00
    2109.000     0.825000        24093         5.71
    2227.000     0.850000        24815         6.67
    2369.000     0.875000        25548         8.00
    2453.000     0.887500        25918         8.89
    2555.000     0.900000        26277        10.00
    2661.000     0.912500        26646        11.43
    2773.000     0.925000        27009        13.33
    2897.000     0.937500        27373        16.00
    2969.000     0.943750        27553        17.78
    3043.000     0.950000        27740        20.00
    3127.000     0.956250        27918        22.86
    3225.000     0.962500        28103        26.67
    3333.000     0.968750        28283        32.00
    3395.000     0.971875        28376        35.56
    3479.000     0.975000        28465        40.00
    3563.000     0.978125        28557        45.71
    3659.000     0.981250        28648        53.33
    3733.000     0.984375        28739        64.00
    3799.000     0.985938        28784        71.11
    3871.000     0.987500        28830        80.00
    3953.000     0.989062        28876        91.43
    4065.000     0.990625        28921       106.67
    4195.000     0.992188        28967       128.00
    4291.000     0.992969        28989       142.22
    4359.000     0.993750        29012       160.00
    4475.000     0.994531        29035       182.86
    4659.000     0.995313        29059       213.33
    5479.000     0.996094        29080       256.00
    8079.000     0.996484        29092       284.44
    8471.000     0.996875        29103       320.00
    9079.000     0.997266        29115       365.71
   18287.000     0.997656        29126       426.67
   27199.000     0.998047        29137       512.00
   31727.000     0.998242        29143       568.89
   36543.000     0.998437        29149       640.00
   41055.000     0.998633        29155       731.43
   45823.000     0.998828        29160       853.33
   50495.000     0.999023        29166      1024.00
   50847.000     0.999121        29169      1137.78
   55039.000     0.999219        29172      1280.00
   55391.000     0.999316        29175      1462.86
   59807.000     0.999414        29177      1706.67
   60223.000     0.999512        29180      2048.00
   60927.000     0.999561        29182      2275.56
   64287.000     0.999609        29183      2560.00
   64415.000     0.999658        29186      2925.71
   64415.000     0.999707        29186      3413.33
   64639.000     0.999756        29187      4096.00
   65983.000     0.999780        29188      4551.11
   69247.000     0.999805        29189      5120.00
   69375.000     0.999829        29191      5851.43
   69375.000     0.999854        29191      6826.67
   69375.000     0.999878        29191      8192.00
   69375.000     0.999890        29191      9102.22
   69631.000     0.999902        29192     10240.00
   69631.000     0.999915        29192     11702.86
   69631.000     0.999927        29192     13653.33
   69887.000     0.999939        29193     16384.00
   69887.000     0.999945        29193     18204.44
   69887.000     0.999951        29193     20480.00
   69887.000     0.999957        29193     23405.71
   69887.000     0.999963        29193     27306.67
   70143.000     0.999969        29194     32768.00
   70143.000     1.000000        29194          inf
#[Mean    =     1638.533, StdDeviation   =     2369.073]
#[Max     =    70080.000, Total count    =        29194]
#[Buckets =           27, SubBuckets     =         2048]
----------------------------------------------------------

  Latency Distribution (HdrHistogram - Uncorrected Latency (measured without taking delayed starts into account))
 50.000%  566.00us
 75.000%  778.00us
 90.000% 1668.00us
 99.000% 2685.00us
 99.900%50015.00us
 99.990%69183.00us
 99.999%69887.00us
100.000%69887.00us

  Detailed Percentile spectrum:
       Value   Percentile   TotalCount 1/(1-Percentile)

     166.000     0.000000            1         1.00
     385.000     0.100000         2923         1.11
     437.000     0.200000         5893         1.25
     479.000     0.300000         8802         1.43
     518.000     0.400000        11680         1.67
     566.000     0.500000        14623         2.00
     594.000     0.550000        16085         2.22
     629.000     0.600000        17535         2.50
     667.000     0.650000        18993         2.86
     709.000     0.700000        20455         3.33
     778.000     0.750000        21896         4.00
     843.000     0.775000        22627         4.44
     934.000     0.800000        23359         5.00
    1067.000     0.825000        24086         5.71
    1266.000     0.850000        24821         6.67
    1467.000     0.875000        25548         8.00
    1570.000     0.887500        25911         8.89
    1668.000     0.900000        26278        10.00
    1767.000     0.912500        26643        11.43
    1868.000     0.925000        27007        13.33
    1978.000     0.937500        27373        16.00
    2034.000     0.943750        27554        17.78
    2095.000     0.950000        27737        20.00
    2157.000     0.956250        27918        22.86
    2229.000     0.962500        28102        26.67
    2311.000     0.968750        28285        32.00
    2349.000     0.971875        28375        35.56
    2397.000     0.975000        28465        40.00
    2443.000     0.978125        28557        45.71
    2497.000     0.981250        28648        53.33
    2561.000     0.984375        28740        64.00
    2595.000     0.985938        28784        71.11
    2629.000     0.987500        28830        80.00
    2667.000     0.989062        28879        91.43
    2713.000     0.990625        28921       106.67
    2767.000     0.992188        28968       128.00
    2793.000     0.992969        28989       142.22
    2831.000     0.993750        29013       160.00
    2873.000     0.994531        29035       182.86
    2943.000     0.995313        29058       213.33
    3073.000     0.996094        29080       256.00
    3885.000     0.996484        29092       284.44
    4491.000     0.996875        29103       320.00
    8423.000     0.997266        29115       365.71
   17871.000     0.997656        29126       426.67
   25295.000     0.998047        29137       512.00
   31327.000     0.998242        29143       568.89
   36223.000     0.998437        29149       640.00
   40671.000     0.998633        29155       731.43
   45439.000     0.998828        29160       853.33
   50111.000     0.999023        29166      1024.00
   50527.000     0.999121        29169      1137.78
   54751.000     0.999219        29173      1280.00
   55071.000     0.999316        29175      1462.86
   59455.000     0.999414        29177      1706.67
   59871.000     0.999512        29180      2048.00
   60575.000     0.999561        29182      2275.56
   63999.000     0.999609        29183      2560.00
   64063.000     0.999658        29185      2925.71
   64095.000     0.999707        29186      3413.33
   64319.000     0.999756        29187      4096.00
   65727.000     0.999780        29188      4551.11
   69055.000     0.999805        29189      5120.00
   69183.000     0.999829        29191      5851.43
   69183.000     0.999854        29191      6826.67
   69183.000     0.999878        29191      8192.00
   69183.000     0.999890        29191      9102.22
   69439.000     0.999902        29192     10240.00
   69439.000     0.999915        29192     11702.86
   69439.000     0.999927        29192     13653.33
   69631.000     0.999939        29193     16384.00
   69631.000     0.999945        29193     18204.44
   69631.000     0.999951        29193     20480.00
   69631.000     0.999957        29193     23405.71
   69631.000     0.999963        29193     27306.67
   69887.000     0.999969        29194     32768.00
   69887.000     1.000000        29194          inf
#[Mean    =      877.730, StdDeviation   =     2327.129]
#[Max     =    69824.000, Total count    =        29194]
#[Buckets =           27, SubBuckets     =         2048]
----------------------------------------------------------
  29205 requests in 10.05s, 2.45MB read
Requests/sec:   2906.59
Transfer/sec:    249.79KB

