Command: /tmp/wrk2/wrk http://10.10.1.1:8000/index.html -c 256 -t 32 -R 55000 -d 10 -L -U
Return code: 0
STDOUT:
Running 10s test @ http://10.10.1.1:8000/index.html
  32 threads and 256 connections
  Thread Stats   Avg      Stdev     Max   +/- Stdev
    Latency   2467.24u 3587.73us83008.00u   98.05%
    Req/Sec       -nan      -nan   0.00      0.00%
  Latency Distribution (HdrHistogram - Recorded Latency)
 50.000% 2061.00us
 75.000% 2775.00us
 90.000% 3401.00us
 99.000%13783.00us
 99.900%59007.00us
 99.990%77631.00us
 99.999%82047.00us
100.000%83071.00us

  Detailed Percentile spectrum:
       Value   Percentile   TotalCount 1/(1-Percentile)

      83.000     0.000000            1         1.00
     909.000     0.100000        54920         1.11
    1265.000     0.200000       109885         1.25
    1539.000     0.300000       164677         1.43
    1800.000     0.400000       219580         1.67
    2061.000     0.500000       274350         2.00
    2193.000     0.550000       301789         2.22
    2329.000     0.600000       329245         2.50
    2473.000     0.650000       356852         2.86
    2621.000     0.700000       384237         3.33
    2775.000     0.750000       411801         4.00
    2855.000     0.775000       425255         4.44
    2941.000     0.800000       439064         5.00
    3033.000     0.825000       452846         5.71
    3135.000     0.850000       466661         6.67
    3251.000     0.875000       480223         8.00
    3321.000     0.887500       487080         8.89
    3401.000     0.900000       493925        10.00
    3497.000     0.912500       500723        11.43
    3621.000     0.925000       507581        13.33
    3803.000     0.937500       514396        16.00
    3941.000     0.943750       517847        17.78
    4115.000     0.950000       521267        20.00
    4327.000     0.956250       524735        22.86
    4575.000     0.962500       528136        26.67
    4903.000     0.968750       531552        32.00
    5115.000     0.971875       533259        35.56
    5367.000     0.975000       534977        40.00
    5683.000     0.978125       536681        45.71
    6207.000     0.981250       538398        53.33
    7719.000     0.984375       540105        64.00
    8903.000     0.985938       540970        71.11
   10391.000     0.987500       541821        80.00
   12407.000     0.989062       542680        91.43
   14727.000     0.990625       543534       106.67
   17823.000     0.992188       544395       128.00
   19839.000     0.992969       544820       142.22
   22079.000     0.993750       545248       160.00
   24447.000     0.994531       545681       182.86
   26719.000     0.995313       546106       213.33
   30351.000     0.996094       546536       256.00
   32895.000     0.996484       546750       284.44
   35999.000     0.996875       546964       320.00
   39839.000     0.997266       547177       365.71
   43231.000     0.997656       547393       426.67
   47359.000     0.998047       547606       512.00
   49663.000     0.998242       547713       568.89
   51999.000     0.998437       547820       640.00
   54239.000     0.998633       547928       731.43
   56703.000     0.998828       548035       853.33
   59391.000     0.999023       548142      1024.00
   60735.000     0.999121       548195      1137.78
   61887.000     0.999219       548249      1280.00
   63199.000     0.999316       548302      1462.86
   64703.000     0.999414       548357      1706.67
   66495.000     0.999512       548410      2048.00
   67455.000     0.999561       548438      2275.56
   68543.000     0.999609       548465      2560.00
   69695.000     0.999658       548491      2925.71
   70655.000     0.999707       548518      3413.33
   71487.000     0.999756       548544      4096.00
   72383.000     0.999780       548557      4551.11
   73663.000     0.999805       548571      5120.00
   75007.000     0.999829       548584      5851.43
   75967.000     0.999854       548597      6826.67
   76863.000     0.999878       548611      8192.00
   77375.000     0.999890       548618      9102.22
   77759.000     0.999902       548624     10240.00
   78143.000     0.999915       548631     11702.86
   78591.000     0.999927       548637     13653.33
   79359.000     0.999939       548644     16384.00
   79999.000     0.999945       548647     18204.44
   80255.000     0.999951       548651     20480.00
   80575.000     0.999957       548654     23405.71
   80895.000     0.999963       548658     27306.67
   81215.000     0.999969       548662     32768.00
   81215.000     0.999973       548662     36408.89
   81471.000     0.999976       548665     40960.00
   81535.000     0.999979       548667     46811.43
   81535.000     0.999982       548667     54613.33
   81663.000     0.999985       548669     65536.00
   81919.000     0.999986       548671     72817.78
   81919.000     0.999988       548671     81920.00
   82047.000     0.999989       548672     93622.86
   82047.000     0.999991       548672    109226.67
   82111.000     0.999992       548674    131072.00
   82111.000     0.999993       548674    145635.56
   82111.000     0.999994       548674    163840.00
   82431.000     0.999995       548675    187245.71
   82431.000     0.999995       548675    218453.33
   82431.000     0.999996       548675    262144.00
   82815.000     0.999997       548676    291271.11
   82815.000     0.999997       548676    327680.00
   82815.000     0.999997       548676    374491.43
   82815.000     0.999998       548676    436906.67
   82815.000     0.999998       548676    524288.00
   83071.000     0.999998       548677    582542.22
   83071.000     1.000000       548677          inf
#[Mean    =     2467.239, StdDeviation   =     3587.729]
#[Max     =    83008.000, Total count    =       548677]
#[Buckets =           27, SubBuckets     =         2048]
----------------------------------------------------------

  Latency Distribution (HdrHistogram - Uncorrected Latency (measured without taking delayed starts into account))
 50.000% 1319.00us
 75.000% 1782.00us
 90.000% 2255.00us
 99.000% 4443.00us
 99.900% 6359.00us
 99.990%19743.00us
 99.999%63519.00us
100.000%74367.00us

  Detailed Percentile spectrum:
       Value   Percentile   TotalCount 1/(1-Percentile)

      63.000     0.000000            1         1.00
     434.000     0.100000        54998         1.11
     669.000     0.200000       109931         1.25
     904.000     0.300000       164733         1.43
    1122.000     0.400000       219690         1.67
    1319.000     0.500000       274434         2.00
    1414.000     0.550000       301867         2.22
    1508.000     0.600000       329449         2.50
    1598.000     0.650000       356647         2.86
    1688.000     0.700000       384241         3.33
    1782.000     0.750000       411686         4.00
    1833.000     0.775000       425400         4.44
    1887.000     0.800000       438959         5.00
    1948.000     0.825000       452666         5.71
    2021.000     0.850000       466510         6.67
    2115.000     0.875000       480161         8.00
    2177.000     0.887500       487062         8.89
    2255.000     0.900000       493887        10.00
    2371.000     0.912500       500687        11.43
    2577.000     0.925000       507551        13.33
    2917.000     0.937500       514389        16.00
    3125.000     0.943750       517835        17.78
    3333.000     0.950000       521251        20.00
    3529.000     0.956250       524675        22.86
    3737.000     0.962500       528118        26.67
    3901.000     0.968750       531573        32.00
    3981.000     0.971875       533262        35.56
    4053.000     0.975000       534969        40.00
    4127.000     0.978125       536720        45.71
    4195.000     0.981250       538407        53.33
    4267.000     0.984375       540125        64.00
    4303.000     0.985938       540964        71.11
    4347.000     0.987500       541822        80.00
    4403.000     0.989062       542700        91.43
    4471.000     0.990625       543543       106.67
    4567.000     0.992188       544425       128.00
    4627.000     0.992969       544823       142.22
    4715.000     0.993750       545263       160.00
    4807.000     0.994531       545695       182.86
    4915.000     0.995313       546111       213.33
    5051.000     0.996094       546534       256.00
    5143.000     0.996484       546751       284.44
    5283.000     0.996875       546971       320.00
    5471.000     0.997266       547177       365.71
    5655.000     0.997656       547393       426.67
    5899.000     0.998047       547606       512.00
    5999.000     0.998242       547714       568.89
    6099.000     0.998437       547822       640.00
    6187.000     0.998633       547930       731.43
    6271.000     0.998828       548036       853.33
    6375.000     0.999023       548144      1024.00
    6435.000     0.999121       548199      1137.78
    6483.000     0.999219       548251      1280.00
    6595.000     0.999316       548303      1462.86
    6707.000     0.999414       548356      1706.67
    7075.000     0.999512       548410      2048.00
    7387.000     0.999561       548437      2275.56
    9935.000     0.999609       548463      2560.00
   11567.000     0.999658       548490      2925.71
   13575.000     0.999707       548517      3413.33
   15767.000     0.999756       548545      4096.00
   15815.000     0.999780       548558      4551.11
   15903.000     0.999805       548573      5120.00
   15951.000     0.999829       548588      5851.43
   15999.000     0.999854       548597      6826.67
   16119.000     0.999878       548611      8192.00
   16175.000     0.999890       548617      9102.22
   23807.000     0.999902       548624     10240.00
   25983.000     0.999915       548631     11702.86
   26959.000     0.999927       548637     13653.33
   27663.000     0.999939       548644     16384.00
   27823.000     0.999945       548647     18204.44
   28959.000     0.999951       548651     20480.00
   29727.000     0.999957       548654     23405.71
   31951.000     0.999963       548657     27306.67
   40095.000     0.999969       548661     32768.00
   42111.000     0.999973       548662     36408.89
   46367.000     0.999976       548664     40960.00
   50783.000     0.999979       548666     46811.43
   52735.000     0.999982       548667     54613.33
   57055.000     0.999985       548669     65536.00
   58943.000     0.999986       548670     72817.78
   61343.000     0.999988       548671     81920.00
   63519.000     0.999989       548672     93622.86
   63519.000     0.999991       548672    109226.67
   65727.000     0.999992       548673    131072.00
   67775.000     0.999993       548674    145635.56
   67775.000     0.999994       548674    163840.00
   70015.000     0.999995       548675    187245.71
   70015.000     0.999995       548675    218453.33
   70015.000     0.999996       548675    262144.00
   72319.000     0.999997       548676    291271.11
   72319.000     0.999997       548676    327680.00
   72319.000     0.999997       548676    374491.43
   72319.000     0.999998       548676    436906.67
   72319.000     0.999998       548676    524288.00
   74367.000     0.999998       548677    582542.22
   74367.000     1.000000       548677          inf
#[Mean    =     1415.499, StdDeviation   =      994.960]
#[Max     =    74304.000, Total count    =       548677]
#[Buckets =           27, SubBuckets     =         2048]
----------------------------------------------------------
  548712 requests in 10.00s, 46.05MB read
Requests/sec:  54893.25
Transfer/sec:      4.61MB

