Command: /tmp/wrk2/wrk http://10.10.1.1:8000/index.html -c 256 -t 8 -R 4000 -d 10 -L -U
Return code: 0
STDOUT:
Running 10s test @ http://10.10.1.1:8000/index.html
  8 threads and 256 connections
  Thread Stats   Avg      Stdev     Max   +/- Stdev
    Latency   1415.35u 1831.92us61536.00u   99.55%
    Req/Sec       -nan      -nan   0.00      0.00%
  Latency Distribution (HdrHistogram - Recorded Latency)
 50.000% 1307.00us
 75.000% 1678.00us
 90.000% 2042.00us
 99.000% 2875.00us
 99.900%37599.00us
 99.990%60927.00us
 99.999%61567.00us
100.000%61567.00us

  Detailed Percentile spectrum:
       Value   Percentile   TotalCount 1/(1-Percentile)

     237.000     0.000000            1         1.00
     672.000     0.100000         3935         1.11
     845.000     0.200000         7872         1.25
    1008.000     0.300000        11812         1.43
    1164.000     0.400000        15750         1.67
    1307.000     0.500000        19675         2.00
    1374.000     0.550000        21662         2.22
    1438.000     0.600000        23611         2.50
    1510.000     0.650000        25594         2.86
    1587.000     0.700000        27557         3.33
    1678.000     0.750000        29515         4.00
    1725.000     0.775000        30493         4.44
    1777.000     0.800000        31480         5.00
    1834.000     0.825000        32464         5.71
    1897.000     0.850000        33446         6.67
    1968.000     0.875000        34441         8.00
    2001.000     0.887500        34921         8.89
    2042.000     0.900000        35414        10.00
    2091.000     0.912500        35910        11.43
    2145.000     0.925000        36406        13.33
    2209.000     0.937500        36891        16.00
    2245.000     0.943750        37134        17.78
    2287.000     0.950000        37383        20.00
    2333.000     0.956250        37629        22.86
    2391.000     0.962500        37878        26.67
    2451.000     0.968750        38128        32.00
    2479.000     0.971875        38241        35.56
    2517.000     0.975000        38364        40.00
    2557.000     0.978125        38487        45.71
    2625.000     0.981250        38607        53.33
    2695.000     0.984375        38730        64.00
    2735.000     0.985938        38793        71.11
    2777.000     0.987500        38853        80.00
    2839.000     0.989062        38915        91.43
    2911.000     0.990625        38979       106.67
    2983.000     0.992188        39039       128.00
    3017.000     0.992969        39069       142.22
    3085.000     0.993750        39099       160.00
    3147.000     0.994531        39129       182.86
    3231.000     0.995313        39161       213.33
    3351.000     0.996094        39191       256.00
    3497.000     0.996484        39206       284.44
    5823.000     0.996875        39222       320.00
    7831.000     0.997266        39237       365.71
    8503.000     0.997656        39252       426.67
   13943.000     0.998047        39268       512.00
   19007.000     0.998242        39275       568.89
   20927.000     0.998437        39283       640.00
   28415.000     0.998633        39291       731.43
   32991.000     0.998828        39298       853.33
   37631.000     0.999023        39306      1024.00
   42015.000     0.999121        39310      1137.78
   42559.000     0.999219        39314      1280.00
   46655.000     0.999316        39318      1462.86
   47295.000     0.999414        39321      1706.67
   51551.000     0.999512        39325      2048.00
   51743.000     0.999561        39327      2275.56
   52319.000     0.999609        39329      2560.00
   55871.000     0.999658        39331      2925.71
   56031.000     0.999707        39333      3413.33
   56255.000     0.999756        39335      4096.00
   57471.000     0.999780        39336      4551.11
   57663.000     0.999805        39337      5120.00
   60735.000     0.999829        39338      5851.43
   60927.000     0.999854        39340      6826.67
   60927.000     0.999878        39340      8192.00
   60927.000     0.999890        39340      9102.22
   61087.000     0.999902        39341     10240.00
   61087.000     0.999915        39341     11702.86
   61119.000     0.999927        39342     13653.33
   61119.000     0.999939        39342     16384.00
   61119.000     0.999945        39342     18204.44
   61503.000     0.999951        39343     20480.00
   61503.000     0.999957        39343     23405.71
   61503.000     0.999963        39343     27306.67
   61503.000     0.999969        39343     32768.00
   61503.000     0.999973        39343     36408.89
   61567.000     0.999976        39344     40960.00
   61567.000     1.000000        39344          inf
#[Mean    =     1415.353, StdDeviation   =     1831.916]
#[Max     =    61536.000, Total count    =        39344]
#[Buckets =           27, SubBuckets     =         2048]
----------------------------------------------------------

  Latency Distribution (HdrHistogram - Uncorrected Latency (measured without taking delayed starts into account))
 50.000%  493.00us
 75.000%  619.00us
 90.000%  841.00us
 99.000% 1441.00us
 99.900%37247.00us
 99.990%60639.00us
 99.999%61343.00us
100.000%61343.00us

  Detailed Percentile spectrum:
       Value   Percentile   TotalCount 1/(1-Percentile)

     170.000     0.000000            1         1.00
     345.000     0.100000         3948         1.11
     388.000     0.200000         7965         1.25
     426.000     0.300000        11869         1.43
     462.000     0.400000        15789         1.67
     493.000     0.500000        19709         2.00
     511.000     0.550000        21682         2.22
     532.000     0.600000        23647         2.50
     555.000     0.650000        25577         2.86
     584.000     0.700000        27591         3.33
     619.000     0.750000        29515         4.00
     640.000     0.775000        30528         4.44
     662.000     0.800000        31501         5.00
     689.000     0.825000        32480         5.71
     719.000     0.850000        33469         6.67
     765.000     0.875000        34427         8.00
     800.000     0.887500        34929         8.89
     841.000     0.900000        35417        10.00
     898.000     0.912500        35908        11.43
     965.000     0.925000        36399        13.33
    1041.000     0.937500        36893        16.00
    1081.000     0.943750        37135        17.78
    1121.000     0.950000        37377        20.00
    1165.000     0.956250        37627        22.86
    1208.000     0.962500        37871        26.67
    1252.000     0.968750        38119        32.00
    1272.000     0.971875        38239        35.56
    1293.000     0.975000        38361        40.00
    1321.000     0.978125        38485        45.71
    1349.000     0.981250        38607        53.33
    1378.000     0.984375        38731        64.00
    1394.000     0.985938        38792        71.11
    1413.000     0.987500        38855        80.00
    1430.000     0.989062        38915        91.43
    1450.000     0.990625        38977       106.67
    1478.000     0.992188        39038       128.00
    1499.000     0.992969        39068       142.22
    1524.000     0.993750        39100       160.00
    1545.000     0.994531        39129       182.86
    1589.000     0.995313        39161       213.33
    1651.000     0.996094        39191       256.00
    1746.000     0.996484        39206       284.44
    2221.000     0.996875        39222       320.00
    2785.000     0.997266        39237       365.71
    4267.000     0.997656        39252       426.67
   13575.000     0.998047        39268       512.00
   18719.000     0.998242        39275       568.89
   20479.000     0.998437        39283       640.00
   20863.000     0.998633        39291       731.43
   32591.000     0.998828        39298       853.33
   37375.000     0.999023        39306      1024.00
   41631.000     0.999121        39310      1137.78
   42239.000     0.999219        39314      1280.00
   46463.000     0.999316        39318      1462.86
   46943.000     0.999414        39321      1706.67
   51167.000     0.999512        39325      2048.00
   51359.000     0.999561        39327      2275.56
   51967.000     0.999609        39329      2560.00
   55519.000     0.999658        39331      2925.71
   55679.000     0.999707        39333      3413.33
   55999.000     0.999756        39335      4096.00
   57183.000     0.999780        39336      4551.11
   57375.000     0.999805        39337      5120.00
   60351.000     0.999829        39338      5851.43
   60639.000     0.999854        39340      6826.67
   60639.000     0.999878        39340      8192.00
   60639.000     0.999890        39340      9102.22
   60767.000     0.999902        39341     10240.00
   60767.000     0.999915        39341     11702.86
   60831.000     0.999927        39342     13653.33
   60831.000     0.999939        39342     16384.00
   60831.000     0.999945        39342     18204.44
   61183.000     0.999951        39343     20480.00
   61183.000     0.999957        39343     23405.71
   61183.000     0.999963        39343     27306.67
   61183.000     0.999969        39343     32768.00
   61183.000     0.999973        39343     36408.89
   61343.000     0.999976        39344     40960.00
   61343.000     1.000000        39344          inf
#[Mean    =      629.228, StdDeviation   =     1767.776]
#[Max     =    61312.000, Total count    =        39344]
#[Buckets =           27, SubBuckets     =         2048]
----------------------------------------------------------
  39356 requests in 10.03s, 3.30MB read
Requests/sec:   3925.08
Transfer/sec:    337.31KB

