Command: /tmp/wrk2/wrk http://10.10.1.1:8000/index.html -c 256 -t 32 -R 40000 -d 10 -L -U
Return code: 0
STDOUT:
Running 10s test @ http://10.10.1.1:8000/index.html
  32 threads and 256 connections
  Thread Stats   Avg      Stdev     Max   +/- Stdev
    Latency   1405.45u 1176.65us52192.00u   97.77%
    Req/Sec       -nan      -nan   0.00      0.00%
  Latency Distribution (HdrHistogram - Recorded Latency)
 50.000% 1333.00us
 75.000% 1747.00us
 90.000% 2053.00us
 99.000% 3401.00us
 99.900%19631.00us
 99.990%36063.00us
 99.999%47935.00us
100.000%52223.00us

  Detailed Percentile spectrum:
       Value   Percentile   TotalCount 1/(1-Percentile)

      97.000     0.000000            2         1.00
     612.000     0.100000        39947         1.11
     828.000     0.200000        79829         1.25
    1007.000     0.300000       119923         1.43
    1173.000     0.400000       159721         1.67
    1333.000     0.500000       199647         2.00
    1415.000     0.550000       219706         2.22
    1495.000     0.600000       239504         2.50
    1578.000     0.650000       259578         2.86
    1661.000     0.700000       279445         3.33
    1747.000     0.750000       299516         4.00
    1790.000     0.775000       309446         4.44
    1835.000     0.800000       319291         5.00
    1883.000     0.825000       329389         5.71
    1933.000     0.850000       339284         6.67
    1989.000     0.875000       349317         8.00
    2019.000     0.887500       354254         8.89
    2053.000     0.900000       359371        10.00
    2091.000     0.912500       364378        11.43
    2133.000     0.925000       369288        13.33
    2181.000     0.937500       374154        16.00
    2211.000     0.943750       376729        17.78
    2243.000     0.950000       379166        20.00
    2281.000     0.956250       381721        22.86
    2325.000     0.962500       384142        26.67
    2385.000     0.968750       386639        32.00
    2423.000     0.971875       387901        35.56
    2469.000     0.975000       389115        40.00
    2533.000     0.978125       390370        45.71
    2621.000     0.981250       391612        53.33
    2765.000     0.984375       392867        64.00
    2863.000     0.985938       393481        71.11
    3013.000     0.987500       394105        80.00
    3217.000     0.989062       394729        91.43
    3517.000     0.990625       395354       106.67
    3905.000     0.992188       395975       128.00
    4131.000     0.992969       396286       142.22
    4467.000     0.993750       396600       160.00
    4807.000     0.994531       396910       182.86
    5215.000     0.995313       397223       213.33
    6215.000     0.996094       397534       256.00
    7379.000     0.996484       397691       284.44
    9047.000     0.996875       397846       320.00
   10127.000     0.997266       398001       365.71
   11663.000     0.997656       398159       426.67
   13495.000     0.998047       398313       512.00
   14351.000     0.998242       398391       568.89
   15663.000     0.998437       398469       640.00
   16959.000     0.998633       398547       731.43
   18031.000     0.998828       398627       853.33
   19919.000     0.999023       398703      1024.00
   20863.000     0.999121       398743      1137.78
   22015.000     0.999219       398781      1280.00
   22831.000     0.999316       398820      1462.86
   23855.000     0.999414       398859      1706.67
   25071.000     0.999512       398898      2048.00
   25839.000     0.999561       398917      2275.56
   26383.000     0.999609       398937      2560.00
   27071.000     0.999658       398957      2925.71
   27727.000     0.999707       398976      3413.33
   28991.000     0.999756       398995      4096.00
   29935.000     0.999780       399005      4551.11
   30735.000     0.999805       399015      5120.00
   31439.000     0.999829       399024      5851.43
   33023.000     0.999854       399034      6826.67
   34431.000     0.999878       399044      8192.00
   35295.000     0.999890       399049      9102.22
   36639.000     0.999902       399054     10240.00
   37567.000     0.999915       399058     11702.86
   38815.000     0.999927       399063     13653.33
   39583.000     0.999939       399068     16384.00
   41439.000     0.999945       399071     18204.44
   41727.000     0.999951       399073     20480.00
   41983.000     0.999957       399075     23405.71
   43199.000     0.999963       399078     27306.67
   43455.000     0.999969       399080     32768.00
   45151.000     0.999973       399082     36408.89
   46047.000     0.999976       399083     40960.00
   46367.000     0.999979       399084     46811.43
   47071.000     0.999982       399085     54613.33
   47135.000     0.999985       399086     65536.00
   47295.000     0.999986       399087     72817.78
   47935.000     0.999988       399088     81920.00
   47935.000     0.999989       399088     93622.86
   49439.000     0.999991       399089    109226.67
   49439.000     0.999992       399089    131072.00
   50207.000     0.999993       399090    145635.56
   50207.000     0.999994       399090    163840.00
   50207.000     0.999995       399090    187245.71
   51903.000     0.999995       399091    218453.33
   51903.000     0.999996       399091    262144.00
   51903.000     0.999997       399091    291271.11
   51903.000     0.999997       399091    327680.00
   51903.000     0.999997       399091    374491.43
   52223.000     0.999998       399092    436906.67
   52223.000     1.000000       399092          inf
#[Mean    =     1405.448, StdDeviation   =     1176.653]
#[Max     =    52192.000, Total count    =       399092]
#[Buckets =           27, SubBuckets     =         2048]
----------------------------------------------------------

  Latency Distribution (HdrHistogram - Uncorrected Latency (measured without taking delayed starts into account))
 50.000%  555.00us
 75.000%  804.00us
 90.000% 1012.00us
 99.000% 2411.00us
 99.900% 4831.00us
 99.990%26319.00us
 99.999%39647.00us
100.000%41375.00us

  Detailed Percentile spectrum:
       Value   Percentile   TotalCount 1/(1-Percentile)

      74.000     0.000000            1         1.00
     220.000     0.100000        39916         1.11
     283.000     0.200000        80296         1.25
     361.000     0.300000       120208         1.43
     455.000     0.400000       159710         1.67
     555.000     0.500000       199624         2.00
     604.000     0.550000       219551         2.22
     653.000     0.600000       239604         2.50
     702.000     0.650000       259459         2.86
     752.000     0.700000       279692         3.33
     804.000     0.750000       299673         4.00
     831.000     0.775000       309394         4.44
     860.000     0.800000       319330         5.00
     892.000     0.825000       329455         5.71
     927.000     0.850000       339466         6.67
     966.000     0.875000       349351         8.00
     988.000     0.887500       354323         8.89
    1012.000     0.900000       359292        10.00
    1040.000     0.912500       364283        11.43
    1071.000     0.925000       369224        13.33
    1108.000     0.937500       374157        16.00
    1131.000     0.943750       376731        17.78
    1156.000     0.950000       379205        20.00
    1186.000     0.956250       381673        22.86
    1224.000     0.962500       384148        26.67
    1275.000     0.968750       386643        32.00
    1310.000     0.971875       387882        35.56
    1357.000     0.975000       389124        40.00
    1431.000     0.978125       390371        45.71
    1550.000     0.981250       391618        53.33
    1756.000     0.984375       392859        64.00
    1916.000     0.985938       393482        71.11
    2093.000     0.987500       394104        80.00
    2287.000     0.989062       394733        91.43
    2505.000     0.990625       395352       106.67
    2781.000     0.992188       395979       128.00
    2943.000     0.992969       396286       142.22
    3147.000     0.993750       396602       160.00
    3353.000     0.994531       396910       182.86
    3569.000     0.995313       397223       213.33
    3737.000     0.996094       397540       256.00
    3845.000     0.996484       397690       284.44
    3973.000     0.996875       397847       320.00
    4081.000     0.997266       398001       365.71
    4179.000     0.997656       398159       426.67
    4291.000     0.998047       398314       512.00
    4359.000     0.998242       398393       568.89
    4423.000     0.998437       398474       640.00
    4507.000     0.998633       398549       731.43
    4631.000     0.998828       398628       853.33
    4867.000     0.999023       398704      1024.00
    5031.000     0.999121       398742      1137.78
    5195.000     0.999219       398781      1280.00
    5759.000     0.999316       398820      1462.86
    6267.000     0.999414       398859      1706.67
    9935.000     0.999512       398898      2048.00
   10207.000     0.999561       398917      2275.56
   12831.000     0.999609       398937      2560.00
   15351.000     0.999658       398956      2925.71
   16655.000     0.999707       398976      3413.33
   16751.000     0.999756       399001      4096.00
   16767.000     0.999780       399005      4551.11
   16863.000     0.999805       399017      5120.00
   16895.000     0.999829       399026      5851.43
   17007.000     0.999854       399034      6826.67
   23391.000     0.999878       399044      8192.00
   25887.000     0.999890       399049      9102.22
   26671.000     0.999902       399054     10240.00
   26991.000     0.999915       399058     11702.86
   27695.000     0.999927       399063     13653.33
   28767.000     0.999939       399068     16384.00
   29167.000     0.999945       399071     18204.44
   29839.000     0.999951       399073     20480.00
   29967.000     0.999957       399075     23405.71
   32303.000     0.999963       399078     27306.67
   33951.000     0.999969       399080     32768.00
   34815.000     0.999973       399082     36408.89
   35615.000     0.999976       399083     40960.00
   36223.000     0.999979       399084     46811.43
   37247.000     0.999982       399085     54613.33
   37823.000     0.999985       399086     65536.00
   38879.000     0.999986       399087     72817.78
   39647.000     0.999988       399088     81920.00
   39647.000     0.999989       399088     93622.86
   40255.000     0.999991       399089    109226.67
   40255.000     0.999992       399089    131072.00
   40511.000     0.999993       399090    145635.56
   40511.000     0.999994       399090    163840.00
   40511.000     0.999995       399090    187245.71
   40831.000     0.999995       399091    218453.33
   40831.000     0.999996       399091    262144.00
   40831.000     0.999997       399091    291271.11
   40831.000     0.999997       399091    327680.00
   40831.000     0.999997       399091    374491.43
   41375.000     0.999998       399092    436906.67
   41375.000     1.000000       399092          inf
#[Mean    =      623.799, StdDeviation   =      615.550]
#[Max     =    41344.000, Total count    =       399092]
#[Buckets =           27, SubBuckets     =         2048]
----------------------------------------------------------
  399129 requests in 10.00s, 33.50MB read
Requests/sec:  39929.98
Transfer/sec:      3.35MB

