Command: /users/vj2267/machnet/examples/scripts/../../release_build/examples/webclient/webclient http://10.10.1.1:8000/index.html -c 1 -t 1 -R 80000 -d 10 -L -U
Return code: 0
STDOUT:
Running 10s test @ http://10.10.1.1:8000/index.html
  1 threads and 1 connections
[INFO] sock_connect: Connected successfully to 10.10.1.1:8000 and c->thread_start=1750727732380818
  Thread calibration: mean lat.: 52.784ms, rate sampling interval: 143ms
  Thread Stats   Avg      Stdev     Max   +/- Stdev
    Latency   34138.51 3403.85us40032.00u   54.09%
    Req/Sec    80.44k   198.52    80.59k    92.31%
  Latency Distribution (HdrHistogram - Recorded Latency)
 50.000%34239.00us
 75.000%37119.00us
 90.000%38847.00us
 99.000%39935.00us
 99.900%40063.00us
 99.990%40063.00us
 99.999%40063.00us
100.000%40063.00us

  Detailed Percentile spectrum:
       Value   Percentile   TotalCount 1/(1-Percentile)

   28959.000     0.000000          238         1.00
   29663.000     0.100000        16188         1.11
   30223.000     0.200000        32388         1.25
   31407.000     0.300000        48089         1.43
   32831.000     0.400000        64231         1.67
   34239.000     0.500000        80329         2.00
   34943.000     0.550000        88288         2.22
   35487.000     0.600000        96006         2.50
   36063.000     0.650000       104124         2.86
   36639.000     0.700000       112401         3.33
   37119.000     0.750000       120095         4.00
   37407.000     0.775000       124343         4.44
   37695.000     0.800000       128341         5.00
   37951.000     0.825000       132075         5.71
   38271.000     0.850000       136228         6.67
   38559.000     0.875000       140167         8.00
   38847.000     0.900000       144121        10.00
   39007.000     0.912500       146356        11.43
   39167.000     0.925000       148431        13.33
   39295.000     0.937500       150232        16.00
   39359.000     0.943750       151061        17.78
   39455.000     0.950000       152412        20.00
   39519.000     0.956250       153235        22.86
   39583.000     0.962500       154041        26.67
   39679.000     0.968750       155214        32.00
   39711.000     0.971875       155704        35.56
   39743.000     0.975000       156183        40.00
   39775.000     0.978125       156559        45.71
   39839.000     0.981250       157370        53.33
   39871.000     0.984375       157699        64.00
   39903.000     0.987500       158117        80.00
   39935.000     0.989063       158470        91.43
   39967.000     0.990625       158922       106.67
   39967.000     0.992188       158922       128.00
   39999.000     0.993750       159412       160.00
   39999.000     0.994531       159412       182.86
   39999.000     0.995313       159412       213.33
   39999.000     0.996094       159412       256.00
   40031.000     0.996484       159813       284.44
   40031.000     0.996875       159813       320.00
   40031.000     0.997266       159813       365.71
   40031.000     0.997656       159813       426.67
   40031.000     0.998047       159813       512.00
   40031.000     0.998242       159813       568.89
   40031.000     0.998437       159813       640.00
   40031.000     0.998633       159813       731.43
   40031.000     0.998828       159813       853.33
   40063.000     0.999023       159995      1024.00
   40063.000     1.000000       159995          inf
#[Mean    =    34138.513, StdDeviation   =     3403.851]
#[Max     =    40032.000, Total count    =       159995]
#[Buckets =           27, SubBuckets     =         2048]
----------------------------------------------------------

  Latency Distribution (HdrHistogram - Uncorrected Latency (measured without taking delayed starts into account))
 50.000%   12.00us
 75.000%   12.00us
 90.000%   12.00us
 99.000%   13.00us
 99.900%   14.00us
 99.990%   15.00us
 99.999%   24.00us
100.000%   29.00us

  Detailed Percentile spectrum:
       Value   Percentile   TotalCount 1/(1-Percentile)

      10.000     0.000000            5         1.00
      11.000     0.100000        65117         1.11
      11.000     0.200000        65117         1.25
      11.000     0.300000        65117         1.43
      11.000     0.400000        65117         1.67
      12.000     0.500000       157832         2.00
      12.000     0.550000       157832         2.22
      12.000     0.600000       157832         2.50
      12.000     0.650000       157832         2.86
      12.000     0.700000       157832         3.33
      12.000     0.750000       157832         4.00
      12.000     0.775000       157832         4.44
      12.000     0.800000       157832         5.00
      12.000     0.825000       157832         5.71
      12.000     0.850000       157832         6.67
      12.000     0.875000       157832         8.00
      12.000     0.900000       157832        10.00
      12.000     0.912500       157832        11.43
      12.000     0.925000       157832        13.33
      12.000     0.937500       157832        16.00
      12.000     0.943750       157832        17.78
      12.000     0.950000       157832        20.00
      12.000     0.956250       157832        22.86
      12.000     0.962500       157832        26.67
      12.000     0.968750       157832        32.00
      12.000     0.971875       157832        35.56
      12.000     0.975000       157832        40.00
      12.000     0.978125       157832        45.71
      12.000     0.981250       157832        53.33
      12.000     0.984375       157832        64.00
      13.000     0.987500       159644        80.00
      13.000     0.989063       159644        91.43
      13.000     0.990625       159644       106.67
      13.000     0.992188       159644       128.00
      13.000     0.993750       159644       160.00
      13.000     0.994531       159644       182.86
      13.000     0.995313       159644       213.33
      13.000     0.996094       159644       256.00
      13.000     0.996484       159644       284.44
      13.000     0.996875       159644       320.00
      13.000     0.997266       159644       365.71
      13.000     0.997656       159644       426.67
      14.000     0.998047       159965       512.00
      14.000     0.998242       159965       568.89
      14.000     0.998437       159965       640.00
      14.000     0.998633       159965       731.43
      14.000     0.998828       159965       853.33
      14.000     0.999023       159965      1024.00
      14.000     0.999121       159965      1137.78
      14.000     0.999219       159965      1280.00
      14.000     0.999316       159965      1462.86
      14.000     0.999414       159965      1706.67
      14.000     0.999512       159965      2048.00
      14.000     0.999561       159965      2275.56
      14.000     0.999609       159965      2560.00
      14.000     0.999658       159965      2925.71
      14.000     0.999707       159965      3413.33
      14.000     0.999756       159965      4096.00
      14.000     0.999805       159965      5120.00
      15.000     0.999829       159982      5851.43
      15.000     0.999854       159982      6826.67
      15.000     0.999878       159982      8192.00
      15.000     0.999902       159982     10240.00
      15.000     0.999915       159982     11702.86
      16.000     0.999927       159985     13653.33
      17.000     0.999939       159988     16384.00
      17.000     0.999951       159988     20480.00
      18.000     0.999957       159989     23405.71
      19.000     0.999963       159992     27306.67
      19.000     0.999969       159992     32768.00
      19.000     0.999973       159992     36408.89
      19.000     0.999976       159992     40960.00
      19.000     0.999979       159992     46811.43
      24.000     0.999982       159993     54613.33
      24.000     0.999985       159993     65536.00
      24.000     0.999986       159993     72817.78
      27.000     0.999988       159994     81920.00
      27.000     0.999989       159994     93622.86
      27.000     0.999991       159994    109226.67
      27.000     0.999992       159994    131072.00
      27.000     0.999993       159994    145635.56
      29.000     0.999994       159995    163840.00
      29.000     1.000000       159995          inf
#[Mean    =       11.609, StdDeviation   =        0.530]
#[Max     =       29.000, Total count    =       159995]
#[Buckets =           27, SubBuckets     =         2048]
----------------------------------------------------------
  797685 requests in 11.99s, 76.07MB read
Requests/sec:  79768.50
Transfer/sec:      7.61MB

STDERR:
[WARNING] script_wrk_connect is not implemented...
Checking for file descriptor...
Got a file descriptor!

