Command: /tmp/wrk2/wrk http://10.10.1.1:8000/index.html -c 256 -t 8 -R 4000 -d 10 -L -U
Return code: 0
STDOUT:
Running 10s test @ http://10.10.1.1:8000/index.html
  8 threads and 256 connections
  Thread Stats   Avg      Stdev     Max   +/- Stdev
    Latency   1581.50u 1820.18us60000.00u   92.77%
    Req/Sec       -nan      -nan   0.00      0.00%
  Latency Distribution (HdrHistogram - Recorded Latency)
 50.000% 1277.00us
 75.000% 1797.00us
 90.000% 3187.00us
 99.000% 4107.00us
 99.900%31103.00us
 99.990%59231.00us
 99.999%60031.00us
100.000%60031.00us

  Detailed Percentile spectrum:
       Value   Percentile   TotalCount 1/(1-Percentile)

     186.000     0.000000            1         1.00
     594.000     0.100000         3888         1.11
     788.000     0.200000         7779         1.25
     957.000     0.300000        11679         1.43
    1117.000     0.400000        15571         1.67
    1277.000     0.500000        19451         2.00
    1359.000     0.550000        21405         2.22
    1446.000     0.600000        23339         2.50
    1547.000     0.650000        25275         2.86
    1663.000     0.700000        27219         3.33
    1797.000     0.750000        29171         4.00
    1882.000     0.775000        30144         4.44
    2006.000     0.800000        31105         5.00
    2209.000     0.825000        32087         5.71
    2599.000     0.850000        33049         6.67
    2939.000     0.875000        34024         8.00
    3075.000     0.887500        34509         8.89
    3187.000     0.900000        34994        10.00
    3287.000     0.912500        35479        11.43
    3385.000     0.925000        35965        13.33
    3479.000     0.937500        36452        16.00
    3535.000     0.943750        36700        17.78
    3585.000     0.950000        36938        20.00
    3645.000     0.956250        37179        22.86
    3703.000     0.962500        37429        26.67
    3767.000     0.968750        37668        32.00
    3799.000     0.971875        37791        35.56
    3837.000     0.975000        37912        40.00
    3877.000     0.978125        38031        45.71
    3919.000     0.981250        38155        53.33
    3973.000     0.984375        38279        64.00
    4005.000     0.985938        38336        71.11
    4041.000     0.987500        38395        80.00
    4081.000     0.989062        38455        91.43
    4127.000     0.990625        38518       106.67
    4183.000     0.992188        38577       128.00
    4227.000     0.992969        38607       142.22
    4275.000     0.993750        38641       160.00
    4327.000     0.994531        38670       182.86
    4371.000     0.995313        38701       213.33
    4439.000     0.996094        38729       256.00
    4527.000     0.996484        38745       284.44
    4735.000     0.996875        38759       320.00
    5655.000     0.997266        38774       365.71
   10295.000     0.997656        38789       426.67
   11919.000     0.998047        38805       512.00
   12023.000     0.998242        38812       568.89
   12391.000     0.998437        38820       640.00
   21455.000     0.998633        38827       731.43
   26367.000     0.998828        38835       853.33
   31551.000     0.999023        38843      1024.00
   35711.000     0.999121        38846      1137.78
   36895.000     0.999219        38850      1280.00
   40607.000     0.999316        38854      1462.86
   45311.000     0.999414        38858      1706.67
   45951.000     0.999512        38862      2048.00
   49727.000     0.999561        38863      2275.56
   50239.000     0.999609        38866      2560.00
   50943.000     0.999658        38867      2925.71
   54239.000     0.999707        38869      3413.33
   54463.000     0.999756        38871      4096.00
   54559.000     0.999780        38872      4551.11
   54943.000     0.999805        38873      5120.00
   55711.000     0.999829        38874      5851.43
   59167.000     0.999854        38875      6826.67
   59231.000     0.999878        38876      8192.00
   59231.000     0.999890        38876      9102.22
   59551.000     0.999902        38877     10240.00
   59551.000     0.999915        38877     11702.86
   59583.000     0.999927        38878     13653.33
   59583.000     0.999939        38878     16384.00
   59583.000     0.999945        38878     18204.44
   59967.000     0.999951        38879     20480.00
   59967.000     0.999957        38879     23405.71
   59967.000     0.999963        38879     27306.67
   59967.000     0.999969        38879     32768.00
   59967.000     0.999973        38879     36408.89
   60031.000     0.999976        38880     40960.00
   60031.000     1.000000        38880          inf
#[Mean    =     1581.499, StdDeviation   =     1820.183]
#[Max     =    60000.000, Total count    =        38880]
#[Buckets =           27, SubBuckets     =         2048]
----------------------------------------------------------

  Latency Distribution (HdrHistogram - Uncorrected Latency (measured without taking delayed starts into account))
 50.000%  409.00us
 75.000%  718.00us
 90.000% 2137.00us
 99.000% 2885.00us
 99.900%30815.00us
 99.990%59135.00us
 99.999%59775.00us
100.000%59775.00us

  Detailed Percentile spectrum:
       Value   Percentile   TotalCount 1/(1-Percentile)

      99.000     0.000000            1         1.00
     275.000     0.100000         3963         1.11
     309.000     0.200000         7875         1.25
     344.000     0.300000        11705         1.43
     380.000     0.400000        15573         1.67
     409.000     0.500000        19493         2.00
     425.000     0.550000        21384         2.22
     449.000     0.600000        23353         2.50
     482.000     0.650000        25303         2.86
     542.000     0.700000        27225         3.33
     718.000     0.750000        29162         4.00
     855.000     0.775000        30139         4.44
    1019.000     0.800000        31110         5.00
    1361.000     0.825000        32077         5.71
    1718.000     0.850000        33051         6.67
    1949.000     0.875000        34021         8.00
    2046.000     0.887500        34509         8.89
    2137.000     0.900000        34994        10.00
    2227.000     0.912500        35483        11.43
    2307.000     0.925000        35970        13.33
    2385.000     0.937500        36458        16.00
    2423.000     0.943750        36697        17.78
    2463.000     0.950000        36944        20.00
    2505.000     0.956250        37184        22.86
    2553.000     0.962500        37424        26.67
    2613.000     0.968750        37666        32.00
    2641.000     0.971875        37787        35.56
    2671.000     0.975000        37908        40.00
    2703.000     0.978125        38038        45.71
    2743.000     0.981250        38155        53.33
    2785.000     0.984375        38273        64.00
    2809.000     0.985938        38338        71.11
    2837.000     0.987500        38394        80.00
    2869.000     0.989062        38455        91.43
    2903.000     0.990625        38519       106.67
    2945.000     0.992188        38578       128.00
    2965.000     0.992969        38607       142.22
    3001.000     0.993750        38637       160.00
    3043.000     0.994531        38669       182.86
    3083.000     0.995313        38698       213.33
    3157.000     0.996094        38729       256.00
    3199.000     0.996484        38745       284.44
    3259.000     0.996875        38759       320.00
    3317.000     0.997266        38774       365.71
    3547.000     0.997656        38789       426.67
    5599.000     0.998047        38805       512.00
    7775.000     0.998242        38812       568.89
   11431.000     0.998437        38820       640.00
   11759.000     0.998633        38827       731.43
   26175.000     0.998828        38835       853.33
   31311.000     0.999023        38843      1024.00
   35455.000     0.999121        38846      1137.78
   36639.000     0.999219        38850      1280.00
   40351.000     0.999316        38854      1462.86
   45087.000     0.999414        38858      1706.67
   45695.000     0.999512        38862      2048.00
   49535.000     0.999561        38863      2275.56
   50047.000     0.999609        38865      2560.00
   50751.000     0.999658        38868      2925.71
   54047.000     0.999707        38869      3413.33
   54239.000     0.999756        38871      4096.00
   54431.000     0.999780        38872      4551.11
   54655.000     0.999805        38873      5120.00
   55647.000     0.999829        38874      5851.43
   59071.000     0.999854        38875      6826.67
   59135.000     0.999878        38876      8192.00
   59135.000     0.999890        38876      9102.22
   59423.000     0.999902        38877     10240.00
   59423.000     0.999915        38877     11702.86
   59455.000     0.999927        38878     13653.33
   59455.000     0.999939        38878     16384.00
   59455.000     0.999945        38878     18204.44
   59711.000     0.999951        38879     20480.00
   59711.000     0.999957        38879     23405.71
   59711.000     0.999963        38879     27306.67
   59711.000     0.999969        38879     32768.00
   59711.000     0.999973        38879     36408.89
   59775.000     0.999976        38880     40960.00
   59775.000     1.000000        38880          inf
#[Mean    =      798.833, StdDeviation   =     1719.040]
#[Max     =    59744.000, Total count    =        38880]
#[Buckets =           27, SubBuckets     =         2048]
----------------------------------------------------------
  38891 requests in 10.03s, 3.26MB read
Requests/sec:   3878.05
Transfer/sec:    333.27KB

