Command: /tmp/wrk2/wrk http://10.10.1.1:8000/index.html -c 256 -t 8 -R 3000 -d 10 -L -U
Return code: 0
STDOUT:
Running 10s test @ http://10.10.1.1:8000/index.html
  8 threads and 256 connections
  Thread Stats   Avg      Stdev     Max   +/- Stdev
    Latency   1312.62u 2431.32us66048.00u   99.58%
    Req/Sec       -nan      -nan   0.00      0.00%
  Latency Distribution (HdrHistogram - Recorded Latency)
 50.000% 1164.00us
 75.000% 1497.00us
 90.000% 1791.00us
 99.000% 2329.00us
 99.900%51519.00us
 99.990%65311.00us
 99.999%66111.00us
100.000%66111.00us

  Detailed Percentile spectrum:
       Value   Percentile   TotalCount 1/(1-Percentile)

     205.000     0.000000            1         1.00
     602.000     0.100000         2993         1.11
     763.000     0.200000         6000         1.25
     902.000     0.300000         8974         1.43
    1035.000     0.400000        11955         1.67
    1164.000     0.500000        14961         2.00
    1227.000     0.550000        16446         2.22
    1291.000     0.600000        17929         2.50
    1357.000     0.650000        19422         2.86
    1424.000     0.700000        20917         3.33
    1497.000     0.750000        22429         4.00
    1537.000     0.775000        23173         4.44
    1580.000     0.800000        23917         5.00
    1624.000     0.825000        24663         5.71
    1674.000     0.850000        25399         6.67
    1727.000     0.875000        26152         8.00
    1758.000     0.887500        26526         8.89
    1791.000     0.900000        26904        10.00
    1825.000     0.912500        27276        11.43
    1863.000     0.925000        27645        13.33
    1907.000     0.937500        28014        16.00
    1935.000     0.943750        28200        17.78
    1961.000     0.950000        28391        20.00
    1994.000     0.956250        28579        22.86
    2034.000     0.962500        28761        26.67
    2075.000     0.968750        28948        32.00
    2099.000     0.971875        29042        35.56
    2125.000     0.975000        29141        40.00
    2149.000     0.978125        29237        45.71
    2179.000     0.981250        29325        53.33
    2225.000     0.984375        29416        64.00
    2245.000     0.985938        29460        71.11
    2269.000     0.987500        29507        80.00
    2301.000     0.989062        29554        91.43
    2341.000     0.990625        29601       106.67
    2379.000     0.992188        29647       128.00
    2405.000     0.992969        29670       142.22
    2447.000     0.993750        29694       160.00
    2535.000     0.994531        29717       182.86
    2621.000     0.995313        29740       213.33
    5835.000     0.996094        29764       256.00
   10111.000     0.996484        29775       284.44
   14783.000     0.996875        29787       320.00
   19663.000     0.997266        29799       365.71
   28495.000     0.997656        29810       426.67
   32559.000     0.998047        29822       512.00
   37727.000     0.998242        29829       568.89
   41823.000     0.998437        29834       640.00
   43039.000     0.998633        29840       731.43
   46559.000     0.998828        29845       853.33
   51551.000     0.999023        29851      1024.00
   51711.000     0.999121        29854      1137.78
   55583.000     0.999219        29857      1280.00
   55647.000     0.999316        29860      1462.86
   56447.000     0.999414        29863      1706.67
   60383.000     0.999512        29867      2048.00
   60383.000     0.999561        29867      2275.56
   60671.000     0.999609        29869      2560.00
   60703.000     0.999658        29870      2925.71
   61247.000     0.999707        29872      3413.33
   64959.000     0.999756        29873      4096.00
   65183.000     0.999780        29875      4551.11
   65183.000     0.999805        29875      5120.00
   65183.000     0.999829        29875      5851.43
   65215.000     0.999854        29876      6826.67
   65311.000     0.999878        29878      8192.00
   65311.000     0.999890        29878      9102.22
   65311.000     0.999902        29878     10240.00
   65311.000     0.999915        29878     11702.86
   65311.000     0.999927        29878     13653.33
   65919.000     0.999939        29879     16384.00
   65919.000     0.999945        29879     18204.44
   65919.000     0.999951        29879     20480.00
   65919.000     0.999957        29879     23405.71
   65919.000     0.999963        29879     27306.67
   66111.000     0.999969        29880     32768.00
   66111.000     1.000000        29880          inf
#[Mean    =     1312.619, StdDeviation   =     2431.318]
#[Max     =    66048.000, Total count    =        29880]
#[Buckets =           27, SubBuckets     =         2048]
----------------------------------------------------------

  Latency Distribution (HdrHistogram - Uncorrected Latency (measured without taking delayed starts into account))
 50.000%  427.00us
 75.000%  540.00us
 90.000%  671.00us
 99.000%  907.00us
 99.900%51295.00us
 99.990%65119.00us
 99.999%65919.00us
100.000%65919.00us

  Detailed Percentile spectrum:
       Value   Percentile   TotalCount 1/(1-Percentile)

      96.000     0.000000            1         1.00
     287.000     0.100000         3022         1.11
     325.000     0.200000         6031         1.25
     363.000     0.300000         8964         1.43
     396.000     0.400000        12014         1.67
     427.000     0.500000        14979         2.00
     445.000     0.550000        16500         2.22
     465.000     0.600000        17958         2.50
     486.000     0.650000        19426         2.86
     510.000     0.700000        20918         3.33
     540.000     0.750000        22443         4.00
     557.000     0.775000        23162         4.44
     573.000     0.800000        23904         5.00
     593.000     0.825000        24657         5.71
     616.000     0.850000        25399         6.67
     642.000     0.875000        26151         8.00
     657.000     0.887500        26521         8.89
     671.000     0.900000        26893        10.00
     687.000     0.912500        27295        11.43
     703.000     0.925000        27658        13.33
     720.000     0.937500        28024        16.00
     730.000     0.943750        28214        17.78
     741.000     0.950000        28392        20.00
     754.000     0.956250        28575        22.86
     770.000     0.962500        28763        26.67
     785.000     0.968750        28949        32.00
     795.000     0.971875        29040        35.56
     807.000     0.975000        29142        40.00
     819.000     0.978125        29230        45.71
     835.000     0.981250        29321        53.33
     853.000     0.984375        29423        64.00
     864.000     0.985938        29461        71.11
     879.000     0.987500        29511        80.00
     895.000     0.989062        29555        91.43
     916.000     0.990625        29600       106.67
     939.000     0.992188        29648       128.00
     956.000     0.992969        29670       142.22
     983.000     0.993750        29696       160.00
    1024.000     0.994531        29717       182.86
    1078.000     0.995313        29742       213.33
    1315.000     0.996094        29765       256.00
    9719.000     0.996484        29775       284.44
   14479.000     0.996875        29787       320.00
   19359.000     0.997266        29799       365.71
   28255.000     0.997656        29810       426.67
   31279.000     0.998047        29824       512.00
   37183.000     0.998242        29828       568.89
   41535.000     0.998437        29834       640.00
   42783.000     0.998633        29840       731.43
   46239.000     0.998828        29845       853.33
   51327.000     0.999023        29851      1024.00
   51455.000     0.999121        29854      1137.78
   55231.000     0.999219        29857      1280.00
   55391.000     0.999316        29860      1462.86
   56255.000     0.999414        29863      1706.67
   60287.000     0.999512        29866      2048.00
   60319.000     0.999561        29867      2275.56
   60383.000     0.999609        29869      2560.00
   60511.000     0.999658        29870      2925.71
   61151.000     0.999707        29872      3413.33
   64767.000     0.999756        29873      4096.00
   65023.000     0.999780        29874      4551.11
   65055.000     0.999805        29875      5120.00
   65055.000     0.999829        29875      5851.43
   65087.000     0.999854        29876      6826.67
   65119.000     0.999878        29877      8192.00
   65119.000     0.999890        29877      9102.22
   65215.000     0.999902        29878     10240.00
   65215.000     0.999915        29878     11702.86
   65215.000     0.999927        29878     13653.33
   65791.000     0.999939        29879     16384.00
   65791.000     0.999945        29879     18204.44
   65791.000     0.999951        29879     20480.00
   65791.000     0.999957        29879     23405.71
   65791.000     0.999963        29879     27306.67
   65919.000     0.999969        29880     32768.00
   65919.000     1.000000        29880          inf
#[Mean    =      583.829, StdDeviation   =     2406.250]
#[Max     =    65856.000, Total count    =        29880]
#[Buckets =           27, SubBuckets     =         2048]
----------------------------------------------------------
  29888 requests in 10.00s, 2.51MB read
Requests/sec:   2988.57
Transfer/sec:    256.83KB

