Command: /tmp/wrk2/wrk http://10.10.1.1:8000/index.html -c 256 -t 8 -R 9000 -d 10 -L -U
Return code: 0
STDOUT:
Running 10s test @ http://10.10.1.1:8000/index.html
  8 threads and 256 connections
  Thread Stats   Avg      Stdev     Max   +/- Stdev
    Latency   1248.13u 1027.98us48672.00u   96.89%
    Req/Sec       -nan      -nan   0.00      0.00%
  Latency Distribution (HdrHistogram - Recorded Latency)
 50.000% 1185.00us
 75.000% 1560.00us
 90.000% 1911.00us
 99.000% 2585.00us
 99.900%15159.00us
 99.990%43583.00us
 99.999%48479.00us
100.000%48703.00us

  Detailed Percentile spectrum:
       Value   Percentile   TotalCount 1/(1-Percentile)

     124.000     0.000000            1         1.00
     572.000     0.100000         8855         1.11
     748.000     0.200000        17712         1.25
     900.000     0.300000        26525         1.43
    1045.000     0.400000        35392         1.67
    1185.000     0.500000        44237         2.00
    1255.000     0.550000        48671         2.22
    1326.000     0.600000        53072         2.50
    1398.000     0.650000        57474         2.86
    1475.000     0.700000        61880         3.33
    1560.000     0.750000        66300         4.00
    1605.000     0.775000        68488         4.44
    1656.000     0.800000        70710         5.00
    1712.000     0.825000        72923         5.71
    1770.000     0.850000        75136         6.67
    1835.000     0.875000        77345         8.00
    1870.000     0.887500        78437         8.89
    1911.000     0.900000        79543        10.00
    1955.000     0.912500        80645        11.43
    2003.000     0.925000        81744        13.33
    2061.000     0.937500        82852        16.00
    2093.000     0.943750        83409        17.78
    2127.000     0.950000        83952        20.00
    2169.000     0.956250        84524        22.86
    2213.000     0.962500        85058        26.67
    2267.000     0.968750        85619        32.00
    2295.000     0.971875        85886        35.56
    2331.000     0.975000        86173        40.00
    2369.000     0.978125        86435        45.71
    2415.000     0.981250        86718        53.33
    2465.000     0.984375        86989        64.00
    2495.000     0.985938        87129        71.11
    2523.000     0.987500        87269        80.00
    2559.000     0.989062        87401        91.43
    2601.000     0.990625        87542       106.67
    2641.000     0.992188        87677       128.00
    2669.000     0.992969        87744       142.22
    2705.000     0.993750        87815       160.00
    2743.000     0.994531        87882       182.86
    2789.000     0.995313        87951       213.33
    2839.000     0.996094        88020       256.00
    2873.000     0.996484        88055       284.44
    2911.000     0.996875        88089       320.00
    2975.000     0.997266        88124       365.71
    3055.000     0.997656        88158       426.67
    3245.000     0.998047        88193       512.00
    3455.000     0.998242        88210       568.89
    4551.000     0.998437        88227       640.00
    5875.000     0.998633        88245       731.43
   10527.000     0.998828        88262       853.33
   15399.000     0.999023        88279      1024.00
   15743.000     0.999121        88288      1137.78
   16071.000     0.999219        88296      1280.00
   16399.000     0.999316        88305      1462.86
   20015.000     0.999414        88314      1706.67
   21103.000     0.999512        88322      2048.00
   25391.000     0.999561        88327      2275.56
   28943.000     0.999609        88331      2560.00
   30463.000     0.999658        88335      2925.71
   33951.000     0.999707        88340      3413.33
   35039.000     0.999756        88344      4096.00
   38623.000     0.999780        88346      4551.11
   38975.000     0.999805        88349      5120.00
   39263.000     0.999829        88350      5851.43
   43231.000     0.999854        88353      6826.67
   43359.000     0.999878        88355      8192.00
   43583.000     0.999890        88356      9102.22
   43743.000     0.999902        88357     10240.00
   43999.000     0.999915        88358     11702.86
   47359.000     0.999927        88359     13653.33
   47455.000     0.999939        88360     16384.00
   47871.000     0.999945        88361     18204.44
   47871.000     0.999951        88361     20480.00
   48127.000     0.999957        88362     23405.71
   48127.000     0.999963        88362     27306.67
   48159.000     0.999969        88363     32768.00
   48159.000     0.999973        88363     36408.89
   48159.000     0.999976        88363     40960.00
   48479.000     0.999979        88364     46811.43
   48479.000     0.999982        88364     54613.33
   48479.000     0.999985        88364     65536.00
   48479.000     0.999986        88364     72817.78
   48479.000     0.999988        88364     81920.00
   48703.000     0.999989        88365     93622.86
   48703.000     1.000000        88365          inf
#[Mean    =     1248.134, StdDeviation   =     1027.980]
#[Max     =    48672.000, Total count    =        88365]
#[Buckets =           27, SubBuckets     =         2048]
----------------------------------------------------------

  Latency Distribution (HdrHistogram - Uncorrected Latency (measured without taking delayed starts into account))
 50.000%  387.00us
 75.000%  541.00us
 90.000%  805.00us
 99.000% 1399.00us
 99.900% 2815.00us
 99.990%43423.00us
 99.999%48255.00us
100.000%48479.00us

  Detailed Percentile spectrum:
       Value   Percentile   TotalCount 1/(1-Percentile)

      80.000     0.000000            1         1.00
     227.000     0.100000         8897         1.11
     270.000     0.200000        17893         1.25
     308.000     0.300000        26530         1.43
     347.000     0.400000        35463         1.67
     387.000     0.500000        44316         2.00
     410.000     0.550000        48662         2.22
     435.000     0.600000        53050         2.50
     464.000     0.650000        57481         2.86
     498.000     0.700000        61877         3.33
     541.000     0.750000        66339         4.00
     566.000     0.775000        68551         4.44
     594.000     0.800000        70708         5.00
     629.000     0.825000        72924         5.71
     672.000     0.850000        75161         6.67
     728.000     0.875000        77333         8.00
     763.000     0.887500        78425         8.89
     805.000     0.900000        79532        10.00
     855.000     0.912500        80636        11.43
     913.000     0.925000        81744        13.33
     979.000     0.937500        82849        16.00
    1015.000     0.943750        83399        17.78
    1053.000     0.950000        83953        20.00
    1092.000     0.956250        84505        22.86
    1132.000     0.962500        85069        26.67
    1175.000     0.968750        85613        32.00
    1198.000     0.971875        85883        35.56
    1224.000     0.975000        86156        40.00
    1250.000     0.978125        86433        45.71
    1280.000     0.981250        86716        53.33
    1312.000     0.984375        86986        64.00
    1335.000     0.985938        87125        71.11
    1358.000     0.987500        87262        80.00
    1383.000     0.989062        87400        91.43
    1411.000     0.990625        87539       106.67
    1443.000     0.992188        87678       128.00
    1459.000     0.992969        87750       142.22
    1479.000     0.993750        87813       160.00
    1503.000     0.994531        87882       182.86
    1532.000     0.995313        87951       213.33
    1567.000     0.996094        88020       256.00
    1592.000     0.996484        88057       284.44
    1618.000     0.996875        88089       320.00
    1650.000     0.997266        88125       365.71
    1689.000     0.997656        88159       426.67
    1743.000     0.998047        88193       512.00
    1791.000     0.998242        88210       568.89
    1891.000     0.998437        88227       640.00
    2301.000     0.998633        88245       731.43
    2549.000     0.998828        88262       853.33
    2831.000     0.999023        88279      1024.00
    3311.000     0.999121        88288      1137.78
    4171.000     0.999219        88296      1280.00
    4451.000     0.999316        88305      1462.86
   16095.000     0.999414        88314      1706.67
   20799.000     0.999512        88322      2048.00
   25071.000     0.999561        88327      2275.56
   28687.000     0.999609        88331      2560.00
   30143.000     0.999658        88335      2925.71
   33759.000     0.999707        88340      3413.33
   34911.000     0.999756        88344      4096.00
   38463.000     0.999780        88346      4551.11
   38783.000     0.999805        88348      5120.00
   39167.000     0.999829        88350      5851.43
   43007.000     0.999854        88353      6826.67
   43199.000     0.999878        88355      8192.00
   43423.000     0.999890        88356      9102.22
   43455.000     0.999902        88357     10240.00
   43839.000     0.999915        88358     11702.86
   47135.000     0.999927        88359     13653.33
   47295.000     0.999939        88360     16384.00
   47807.000     0.999945        88361     18204.44
   47807.000     0.999951        88361     20480.00
   47967.000     0.999957        88362     23405.71
   47967.000     0.999963        88362     27306.67
   47999.000     0.999969        88363     32768.00
   47999.000     0.999973        88363     36408.89
   47999.000     0.999976        88363     40960.00
   48255.000     0.999979        88364     46811.43
   48255.000     0.999982        88364     54613.33
   48255.000     0.999985        88364     65536.00
   48255.000     0.999986        88364     72817.78
   48255.000     0.999988        88364     81920.00
   48479.000     0.999989        88365     93622.86
   48479.000     1.000000        88365          inf
#[Mean    =      481.064, StdDeviation   =      872.112]
#[Max     =    48448.000, Total count    =        88365]
#[Buckets =           27, SubBuckets     =         2048]
----------------------------------------------------------
  88374 requests in 10.00s, 7.42MB read
Requests/sec:   8834.48
Transfer/sec:    759.21KB

