Command: /tmp/wrk2/wrk http://10.10.1.1:8000/index.html -c 256 -t 8 -R 8000 -d 10 -L -U
Return code: 0
STDOUT:
Running 10s test @ http://10.10.1.1:8000/index.html
  8 threads and 256 connections
  Thread Stats   Avg      Stdev     Max   +/- Stdev
    Latency   1213.95u 1038.00us48160.00u   97.41%
    Req/Sec       -nan      -nan   0.00      0.00%
  Latency Distribution (HdrHistogram - Recorded Latency)
 50.000% 1158.00us
 75.000% 1513.00us
 90.000% 1849.00us
 99.000% 2541.00us
 99.900%13231.00us
 99.990%43423.00us
 99.999%48127.00us
100.000%48191.00us

  Detailed Percentile spectrum:
       Value   Percentile   TotalCount 1/(1-Percentile)

     137.000     0.000000            1         1.00
     552.000     0.100000         7866         1.11
     721.000     0.200000        15721         1.25
     875.000     0.300000        23587         1.43
    1020.000     0.400000        31451         1.67
    1158.000     0.500000        39320         2.00
    1224.000     0.550000        43242         2.22
    1291.000     0.600000        47189         2.50
    1358.000     0.650000        51072         2.86
    1433.000     0.700000        55024         3.33
    1513.000     0.750000        58937         4.00
    1557.000     0.775000        60910         4.44
    1603.000     0.800000        62873         5.00
    1654.000     0.825000        64839         5.71
    1709.000     0.850000        66783         6.67
    1775.000     0.875000        68771         8.00
    1810.000     0.887500        69739         8.89
    1849.000     0.900000        70709        10.00
    1890.000     0.912500        71689        11.43
    1936.000     0.925000        72677        13.33
    1991.000     0.937500        73662        16.00
    2023.000     0.943750        74148        17.78
    2057.000     0.950000        74636        20.00
    2099.000     0.956250        75148        22.86
    2145.000     0.962500        75630        26.67
    2197.000     0.968750        76121        32.00
    2229.000     0.971875        76360        35.56
    2263.000     0.975000        76608        40.00
    2299.000     0.978125        76855        45.71
    2343.000     0.981250        77096        53.33
    2399.000     0.984375        77345        64.00
    2433.000     0.985938        77462        71.11
    2475.000     0.987500        77588        80.00
    2513.000     0.989062        77704        91.43
    2563.000     0.990625        77828       106.67
    2625.000     0.992188        77952       128.00
    2663.000     0.992969        78011       142.22
    2713.000     0.993750        78076       160.00
    2747.000     0.994531        78137       182.86
    2797.000     0.995313        78197       213.33
    2851.000     0.996094        78258       256.00
    2887.000     0.996484        78289       284.44
    2927.000     0.996875        78319       320.00
    2979.000     0.997266        78349       365.71
    3039.000     0.997656        78382       426.67
    3167.000     0.998047        78410       512.00
    3255.000     0.998242        78425       568.89
    4719.000     0.998437        78441       640.00
    6699.000     0.998633        78456       731.43
   10951.000     0.998828        78471       853.33
   13343.000     0.999023        78487      1024.00
   13527.000     0.999121        78494      1137.78
   15615.000     0.999219        78502      1280.00
   16303.000     0.999316        78510      1462.86
   20047.000     0.999414        78517      1706.67
   25151.000     0.999512        78525      2048.00
   28703.000     0.999561        78529      2275.56
   29343.000     0.999609        78533      2560.00
   34175.000     0.999658        78538      2925.71
   34271.000     0.999707        78540      3413.33
   38431.000     0.999756        78544      4096.00
   38815.000     0.999780        78546      4551.11
   39007.000     0.999805        78548      5120.00
   42431.000     0.999829        78550      5851.43
   43199.000     0.999854        78552      6826.67
   43231.000     0.999878        78554      8192.00
   43423.000     0.999890        78555      9102.22
   43487.000     0.999902        78556     10240.00
   47167.000     0.999915        78557     11702.86
   47647.000     0.999927        78558     13653.33
   47775.000     0.999939        78560     16384.00
   47775.000     0.999945        78560     18204.44
   47775.000     0.999951        78560     20480.00
   47775.000     0.999957        78560     23405.71
   48127.000     0.999963        78562     27306.67
   48127.000     0.999969        78562     32768.00
   48127.000     0.999973        78562     36408.89
   48127.000     0.999976        78562     40960.00
   48127.000     0.999979        78562     46811.43
   48127.000     0.999982        78562     54613.33
   48127.000     0.999985        78562     65536.00
   48127.000     0.999986        78562     72817.78
   48191.000     0.999988        78563     81920.00
   48191.000     1.000000        78563          inf
#[Mean    =     1213.949, StdDeviation   =     1037.998]
#[Max     =    48160.000, Total count    =        78563]
#[Buckets =           27, SubBuckets     =         2048]
----------------------------------------------------------

  Latency Distribution (HdrHistogram - Uncorrected Latency (measured without taking delayed starts into account))
 50.000%  385.00us
 75.000%  518.00us
 90.000%  720.00us
 99.000% 1223.00us
 99.900% 2981.00us
 99.990%43263.00us
 99.999%47871.00us
100.000%47999.00us

  Detailed Percentile spectrum:
       Value   Percentile   TotalCount 1/(1-Percentile)

      81.000     0.000000            1         1.00
     234.000     0.100000         8025         1.11
     275.000     0.200000        15762         1.25
     313.000     0.300000        23717         1.43
     348.000     0.400000        31526         1.67
     385.000     0.500000        39358         2.00
     406.000     0.550000        43373         2.22
     428.000     0.600000        47204         2.50
     453.000     0.650000        51169         2.86
     483.000     0.700000        55081         3.33
     518.000     0.750000        58938         4.00
     540.000     0.775000        60918         4.44
     565.000     0.800000        62911         5.00
     592.000     0.825000        64815         5.71
     625.000     0.850000        66793         6.67
     667.000     0.875000        68769         8.00
     690.000     0.887500        69728         8.89
     720.000     0.900000        70744        10.00
     753.000     0.912500        71691        11.43
     797.000     0.925000        72687        13.33
     848.000     0.937500        73657        16.00
     878.000     0.943750        74161        17.78
     911.000     0.950000        74636        20.00
     945.000     0.956250        75130        22.86
     986.000     0.962500        75624        26.67
    1027.000     0.968750        76115        32.00
    1050.000     0.971875        76355        35.56
    1074.000     0.975000        76604        40.00
    1100.000     0.978125        76847        45.71
    1126.000     0.981250        77096        53.33
    1155.000     0.984375        77336        64.00
    1172.000     0.985938        77469        71.11
    1188.000     0.987500        77582        80.00
    1209.000     0.989062        77707        91.43
    1235.000     0.990625        77829       106.67
    1262.000     0.992188        77953       128.00
    1281.000     0.992969        78013       142.22
    1296.000     0.993750        78074       160.00
    1319.000     0.994531        78135       182.86
    1342.000     0.995313        78195       213.33
    1382.000     0.996094        78257       256.00
    1402.000     0.996484        78288       284.44
    1421.000     0.996875        78318       320.00
    1452.000     0.997266        78350       365.71
    1492.000     0.997656        78379       426.67
    1555.000     0.998047        78410       512.00
    1624.000     0.998242        78425       568.89
    1735.000     0.998437        78441       640.00
    2407.000     0.998633        78456       731.43
    2717.000     0.998828        78471       853.33
    3265.000     0.999023        78487      1024.00
    5583.000     0.999121        78494      1137.78
    6471.000     0.999219        78502      1280.00
    6695.000     0.999316        78510      1462.86
   19775.000     0.999414        78517      1706.67
   24847.000     0.999512        78525      2048.00
   28415.000     0.999561        78529      2275.56
   28991.000     0.999609        78533      2560.00
   33855.000     0.999658        78537      2925.71
   33983.000     0.999707        78540      3413.33
   38207.000     0.999756        78544      4096.00
   38655.000     0.999780        78546      4551.11
   38847.000     0.999805        78548      5120.00
   42207.000     0.999829        78550      5851.43
   42943.000     0.999854        78552      6826.67
   43039.000     0.999878        78554      8192.00
   43263.000     0.999890        78555      9102.22
   43295.000     0.999902        78556     10240.00
   47007.000     0.999915        78557     11702.86
   47455.000     0.999927        78558     13653.33
   47551.000     0.999939        78559     16384.00
   47551.000     0.999945        78559     18204.44
   47615.000     0.999951        78560     20480.00
   47615.000     0.999957        78560     23405.71
   47871.000     0.999963        78562     27306.67
   47871.000     0.999969        78562     32768.00
   47871.000     0.999973        78562     36408.89
   47871.000     0.999976        78562     40960.00
   47871.000     0.999979        78562     46811.43
   47871.000     0.999982        78562     54613.33
   47871.000     0.999985        78562     65536.00
   47871.000     0.999986        78562     72817.78
   47999.000     0.999988        78563     81920.00
   47999.000     1.000000        78563          inf
#[Mean    =      463.273, StdDeviation   =      903.672]
#[Max     =    47968.000, Total count    =        78563]
#[Buckets =           27, SubBuckets     =         2048]
----------------------------------------------------------
  78572 requests in 10.00s, 6.59MB read
Requests/sec:   7853.31
Transfer/sec:    674.89KB

