Command: /tmp/wrk2/wrk http://10.10.1.1:8000/index.html -c 256 -t 8 -R 6000 -d 10 -L -U
Return code: 0
STDOUT:
Running 10s test @ http://10.10.1.1:8000/index.html
  8 threads and 256 connections
  Thread Stats   Avg      Stdev     Max   +/- Stdev
    Latency   1270.76u 1415.46us56256.00u   98.87%
    Req/Sec       -nan      -nan   0.00      0.00%
  Latency Distribution (HdrHistogram - Recorded Latency)
 50.000% 1188.00us
 75.000% 1536.00us
 90.000% 1875.00us
 99.000% 2739.00us
 99.900%20143.00us
 99.990%55039.00us
 99.999%56127.00us
100.000%56287.00us

  Detailed Percentile spectrum:
       Value   Percentile   TotalCount 1/(1-Percentile)

     162.000     0.000000            1         1.00
     586.000     0.100000         5905         1.11
     763.000     0.200000        11813         1.25
     915.000     0.300000        17707         1.43
    1055.000     0.400000        23595         1.67
    1188.000     0.500000        29507         2.00
    1252.000     0.550000        32466         2.22
    1317.000     0.600000        35409         2.50
    1383.000     0.650000        38345         2.86
    1454.000     0.700000        41271         3.33
    1536.000     0.750000        44223         4.00
    1582.000     0.775000        45708         4.44
    1630.000     0.800000        47180         5.00
    1680.000     0.825000        48640         5.71
    1736.000     0.850000        50109         6.67
    1798.000     0.875000        51588         8.00
    1835.000     0.887500        52321         8.89
    1875.000     0.900000        53057        10.00
    1920.000     0.912500        53799        11.43
    1969.000     0.925000        54527        13.33
    2035.000     0.937500        55263        16.00
    2075.000     0.943750        55641        17.78
    2119.000     0.950000        56015        20.00
    2163.000     0.956250        56375        22.86
    2221.000     0.962500        56734        26.67
    2287.000     0.968750        57109        32.00
    2327.000     0.971875        57286        35.56
    2375.000     0.975000        57473        40.00
    2429.000     0.978125        57658        45.71
    2493.000     0.981250        57843        53.33
    2559.000     0.984375        58026        64.00
    2603.000     0.985938        58117        71.11
    2647.000     0.987500        58207        80.00
    2699.000     0.989062        58300        91.43
    2767.000     0.990625        58396       106.67
    2829.000     0.992188        58483       128.00
    2871.000     0.992969        58531       142.22
    2915.000     0.993750        58574       160.00
    2985.000     0.994531        58620       182.86
    3043.000     0.995313        58666       213.33
    3123.000     0.996094        58713       256.00
    3181.000     0.996484        58735       284.44
    3295.000     0.996875        58758       320.00
    3497.000     0.997266        58781       365.71
    4983.000     0.997656        58804       426.67
    8631.000     0.998047        58827       512.00
    9775.000     0.998242        58839       568.89
   13799.000     0.998437        58850       640.00
   18991.000     0.998633        58862       731.43
   19807.000     0.998828        58874       853.33
   20255.000     0.999023        58885      1024.00
   23871.000     0.999121        58891      1137.78
   28031.000     0.999219        58896      1280.00
   32575.000     0.999316        58902      1462.86
   36543.000     0.999414        58908      1706.67
   38719.000     0.999512        58914      2048.00
   42303.000     0.999561        58917      2275.56
   42367.000     0.999609        58919      2560.00
   45407.000     0.999658        58922      2925.71
   46303.000     0.999707        58925      3413.33
   47519.000     0.999756        58928      4096.00
   50879.000     0.999780        58930      4551.11
   50911.000     0.999805        58931      5120.00
   50943.000     0.999829        58932      5851.43
   51295.000     0.999854        58934      6826.67
   52255.000     0.999878        58935      8192.00
   55039.000     0.999890        58936      9102.22
   55551.000     0.999902        58937     10240.00
   55551.000     0.999915        58937     11702.86
   55743.000     0.999927        58939     13653.33
   55743.000     0.999939        58939     16384.00
   55743.000     0.999945        58939     18204.44
   55871.000     0.999951        58940     20480.00
   55871.000     0.999957        58940     23405.71
   55871.000     0.999963        58940     27306.67
   56127.000     0.999969        58941     32768.00
   56127.000     0.999973        58941     36408.89
   56127.000     0.999976        58941     40960.00
   56127.000     0.999979        58941     46811.43
   56127.000     0.999982        58941     54613.33
   56287.000     0.999985        58942     65536.00
   56287.000     1.000000        58942          inf
#[Mean    =     1270.757, StdDeviation   =     1415.458]
#[Max     =    56256.000, Total count    =        58942]
#[Buckets =           27, SubBuckets     =         2048]
----------------------------------------------------------

  Latency Distribution (HdrHistogram - Uncorrected Latency (measured without taking delayed starts into account))
 50.000%  387.00us
 75.000%  488.00us
 90.000%  769.00us
 99.000% 1442.00us
 99.900%18223.00us
 99.990%54783.00us
 99.999%55935.00us
100.000%56191.00us

  Detailed Percentile spectrum:
       Value   Percentile   TotalCount 1/(1-Percentile)

      88.000     0.000000            1         1.00
     256.000     0.100000         6004         1.11
     292.000     0.200000        12000         1.25
     320.000     0.300000        17700         1.43
     354.000     0.400000        23683         1.67
     387.000     0.500000        29515         2.00
     402.000     0.550000        32422         2.22
     419.000     0.600000        35519         2.50
     437.000     0.650000        38368         2.86
     460.000     0.700000        41366         3.33
     488.000     0.750000        44243         4.00
     507.000     0.775000        45756         4.44
     530.000     0.800000        47194         5.00
     561.000     0.825000        48660         5.71
     606.000     0.850000        50117         6.67
     674.000     0.875000        51580         8.00
     719.000     0.887500        52321         8.89
     769.000     0.900000        53048        10.00
     832.000     0.912500        53786        11.43
     901.000     0.925000        54535        13.33
     978.000     0.937500        55265        16.00
    1016.000     0.943750        55638        17.78
    1057.000     0.950000        56004        20.00
    1097.000     0.956250        56364        22.86
    1144.000     0.962500        56735        26.67
    1187.000     0.968750        57107        32.00
    1211.000     0.971875        57286        35.56
    1238.000     0.975000        57471        40.00
    1268.000     0.978125        57653        45.71
    1303.000     0.981250        57843        53.33
    1344.000     0.984375        58023        64.00
    1369.000     0.985938        58115        71.11
    1395.000     0.987500        58207        80.00
    1426.000     0.989062        58298        91.43
    1453.000     0.990625        58393       106.67
    1485.000     0.992188        58486       128.00
    1507.000     0.992969        58528       142.22
    1525.000     0.993750        58574       160.00
    1547.000     0.994531        58621       182.86
    1582.000     0.995313        58667       213.33
    1610.000     0.996094        58713       256.00
    1650.000     0.996484        58735       284.44
    1675.000     0.996875        58758       320.00
    1712.000     0.997266        58781       365.71
    1803.000     0.997656        58804       426.67
    2303.000     0.998047        58827       512.00
    2591.000     0.998242        58839       568.89
    3053.000     0.998437        58850       640.00
    4991.000     0.998633        58862       731.43
   13199.000     0.998828        58873       853.33
   18255.000     0.999023        58885      1024.00
   23551.000     0.999121        58891      1137.78
   27743.000     0.999219        58896      1280.00
   32303.000     0.999316        58902      1462.86
   36255.000     0.999414        58908      1706.67
   38431.000     0.999512        58914      2048.00
   42079.000     0.999561        58917      2275.56
   42175.000     0.999609        58919      2560.00
   45247.000     0.999658        58922      2925.71
   46239.000     0.999707        58925      3413.33
   47359.000     0.999756        58928      4096.00
   50719.000     0.999780        58930      4551.11
   50751.000     0.999805        58932      5120.00
   50751.000     0.999829        58932      5851.43
   51199.000     0.999854        58934      6826.67
   52095.000     0.999878        58935      8192.00
   54783.000     0.999890        58936      9102.22
   55391.000     0.999902        58937     10240.00
   55391.000     0.999915        58937     11702.86
   55551.000     0.999927        58938     13653.33
   55647.000     0.999939        58939     16384.00
   55647.000     0.999945        58939     18204.44
   55711.000     0.999951        58940     20480.00
   55711.000     0.999957        58940     23405.71
   55711.000     0.999963        58940     27306.67
   55935.000     0.999969        58941     32768.00
   55935.000     0.999973        58941     36408.89
   55935.000     0.999976        58941     40960.00
   55935.000     0.999979        58941     46811.43
   55935.000     0.999982        58941     54613.33
   56191.000     0.999985        58942     65536.00
   56191.000     1.000000        58942          inf
#[Mean    =      496.392, StdDeviation   =     1294.992]
#[Max     =    56160.000, Total count    =        58942]
#[Buckets =           27, SubBuckets     =         2048]
----------------------------------------------------------
  58950 requests in 10.00s, 4.95MB read
Requests/sec:   5892.69
Transfer/sec:    506.40KB

