Command: /tmp/wrk2/wrk http://10.10.1.1:8000/index.html -c 256 -t 8 -R 5000 -d 10 -L -U
Return code: 0
STDOUT:
Running 10s test @ http://10.10.1.1:8000/index.html
  8 threads and 256 connections
  Thread Stats   Avg      Stdev     Max   +/- Stdev
    Latency   1253.87u 1616.47us59232.00u   99.47%
    Req/Sec       -nan      -nan   0.00      0.00%
  Latency Distribution (HdrHistogram - Recorded Latency)
 50.000% 1171.00us
 75.000% 1503.00us
 90.000% 1842.00us
 99.000% 2599.00us
 99.900%26735.00us
 99.990%58783.00us
 99.999%59263.00us
100.000%59263.00us

  Detailed Percentile spectrum:
       Value   Percentile   TotalCount 1/(1-Percentile)

     127.000     0.000000            1         1.00
     557.000     0.100000         4917         1.11
     734.000     0.200000         9850         1.25
     891.000     0.300000        14749         1.43
    1036.000     0.400000        19659         1.67
    1171.000     0.500000        24573         2.00
    1234.000     0.550000        27066         2.22
    1297.000     0.600000        29490         2.50
    1359.000     0.650000        31991         2.86
    1426.000     0.700000        34425         3.33
    1503.000     0.750000        36874         4.00
    1548.000     0.775000        38089         4.44
    1595.000     0.800000        39315         5.00
    1645.000     0.825000        40552         5.71
    1704.000     0.850000        41788         6.67
    1767.000     0.875000        43001         8.00
    1803.000     0.887500        43629         8.89
    1842.000     0.900000        44242        10.00
    1882.000     0.912500        44859        11.43
    1932.000     0.925000        45465        13.33
    1988.000     0.937500        46083        16.00
    2018.000     0.943750        46389        17.78
    2055.000     0.950000        46697        20.00
    2099.000     0.956250        47009        22.86
    2149.000     0.962500        47308        26.67
    2203.000     0.968750        47613        32.00
    2235.000     0.971875        47766        35.56
    2277.000     0.975000        47920        40.00
    2323.000     0.978125        48071        45.71
    2373.000     0.981250        48223        53.33
    2435.000     0.984375        48378        64.00
    2481.000     0.985938        48457        71.11
    2523.000     0.987500        48530        80.00
    2567.000     0.989062        48606        91.43
    2615.000     0.990625        48683       106.67
    2689.000     0.992188        48760       128.00
    2737.000     0.992969        48798       142.22
    2789.000     0.993750        48837       160.00
    2851.000     0.994531        48875       182.86
    2927.000     0.995313        48914       213.33
    3031.000     0.996094        48952       256.00
    3083.000     0.996484        48971       284.44
    3287.000     0.996875        48990       320.00
    3705.000     0.997266        49009       365.71
    5975.000     0.997656        49028       426.67
   12695.000     0.998047        49048       512.00
   17855.000     0.998242        49057       568.89
   18527.000     0.998437        49067       640.00
   18751.000     0.998633        49076       731.43
   21999.000     0.998828        49086       853.33
   30895.000     0.999023        49096      1024.00
   31375.000     0.999121        49100      1137.78
   35839.000     0.999219        49105      1280.00
   40479.000     0.999316        49110      1462.86
   40927.000     0.999414        49115      1706.67
   45311.000     0.999512        49120      2048.00
   45439.000     0.999561        49122      2275.56
   49791.000     0.999609        49124      2560.00
   50111.000     0.999658        49128      2925.71
   50303.000     0.999707        49129      3413.33
   54143.000     0.999756        49132      4096.00
   54207.000     0.999780        49133      4551.11
   54239.000     0.999805        49135      5120.00
   54239.000     0.999829        49135      5851.43
   54335.000     0.999854        49136      6826.67
   58783.000     0.999878        49138      8192.00
   58783.000     0.999890        49138      9102.22
   58815.000     0.999902        49139     10240.00
   58815.000     0.999915        49139     11702.86
   59007.000     0.999927        49140     13653.33
   59103.000     0.999939        49141     16384.00
   59103.000     0.999945        49141     18204.44
   59103.000     0.999951        49141     20480.00
   59103.000     0.999957        49141     23405.71
   59199.000     0.999963        49142     27306.67
   59199.000     0.999969        49142     32768.00
   59199.000     0.999973        49142     36408.89
   59199.000     0.999976        49142     40960.00
   59199.000     0.999979        49142     46811.43
   59263.000     0.999982        49143     54613.33
   59263.000     1.000000        49143          inf
#[Mean    =     1253.866, StdDeviation   =     1616.474]
#[Max     =    59232.000, Total count    =        49143]
#[Buckets =           27, SubBuckets     =         2048]
----------------------------------------------------------

  Latency Distribution (HdrHistogram - Uncorrected Latency (measured without taking delayed starts into account))
 50.000%  370.00us
 75.000%  466.00us
 90.000%  783.00us
 99.000% 1453.00us
 99.900%26431.00us
 99.990%58655.00us
 99.999%59135.00us
100.000%59135.00us

  Detailed Percentile spectrum:
       Value   Percentile   TotalCount 1/(1-Percentile)

      92.000     0.000000            2         1.00
     240.000     0.100000         4948         1.11
     276.000     0.200000         9897         1.25
     304.000     0.300000        14845         1.43
     335.000     0.400000        19717         1.67
     370.000     0.500000        24604         2.00
     387.000     0.550000        27099         2.22
     402.000     0.600000        29599         2.50
     418.000     0.650000        31964         2.86
     439.000     0.700000        34462         3.33
     466.000     0.750000        36930         4.00
     482.000     0.775000        38123         4.44
     502.000     0.800000        39334         5.00
     535.000     0.825000        40559         5.71
     587.000     0.850000        41781         6.67
     674.000     0.875000        43001         8.00
     726.000     0.887500        43628         8.89
     783.000     0.900000        44233        10.00
     851.000     0.912500        44845        11.43
     928.000     0.925000        45462        13.33
    1017.000     0.937500        46077        16.00
    1060.000     0.943750        46384        17.78
    1103.000     0.950000        46691        20.00
    1148.000     0.956250        46993        22.86
    1196.000     0.962500        47304        26.67
    1239.000     0.968750        47608        32.00
    1264.000     0.971875        47761        35.56
    1290.000     0.975000        47922        40.00
    1319.000     0.978125        48068        45.71
    1351.000     0.981250        48222        53.33
    1383.000     0.984375        48379        64.00
    1403.000     0.985938        48453        71.11
    1419.000     0.987500        48532        80.00
    1441.000     0.989062        48608        91.43
    1465.000     0.990625        48684       106.67
    1494.000     0.992188        48761       128.00
    1515.000     0.992969        48800       142.22
    1535.000     0.993750        48836       160.00
    1557.000     0.994531        48875       182.86
    1592.000     0.995313        48917       213.33
    1635.000     0.996094        48953       256.00
    1665.000     0.996484        48972       284.44
    1722.000     0.996875        48990       320.00
    2057.000     0.997266        49009       365.71
    2847.000     0.997656        49028       426.67
    3655.000     0.998047        49048       512.00
    4379.000     0.998242        49057       568.89
   12343.000     0.998437        49067       640.00
   17535.000     0.998633        49076       731.43
   21631.000     0.998828        49087       853.33
   30591.000     0.999023        49096      1024.00
   31119.000     0.999121        49101      1137.78
   35551.000     0.999219        49106      1280.00
   40127.000     0.999316        49110      1462.86
   40671.000     0.999414        49115      1706.67
   45151.000     0.999512        49120      2048.00
   45215.000     0.999561        49122      2275.56
   49535.000     0.999609        49124      2560.00
   49823.000     0.999658        49127      2925.71
   50015.000     0.999707        49129      3413.33
   53919.000     0.999756        49133      4096.00
   53919.000     0.999780        49133      4551.11
   54015.000     0.999805        49134      5120.00
   54111.000     0.999829        49135      5851.43
   54175.000     0.999854        49136      6826.67
   58655.000     0.999878        49138      8192.00
   58655.000     0.999890        49138      9102.22
   58719.000     0.999902        49139     10240.00
   58719.000     0.999915        49139     11702.86
   58879.000     0.999927        49140     13653.33
   58911.000     0.999939        49141     16384.00
   58911.000     0.999945        49141     18204.44
   58911.000     0.999951        49141     20480.00
   58911.000     0.999957        49141     23405.71
   58975.000     0.999963        49142     27306.67
   58975.000     0.999969        49142     32768.00
   58975.000     0.999973        49142     36408.89
   58975.000     0.999976        49142     40960.00
   58975.000     0.999979        49142     46811.43
   59135.000     0.999982        49143     54613.33
   59135.000     1.000000        49143          inf
#[Mean    =      498.932, StdDeviation   =     1530.223]
#[Max     =    59104.000, Total count    =        49143]
#[Buckets =           27, SubBuckets     =         2048]
----------------------------------------------------------
  49152 requests in 10.01s, 4.12MB read
Requests/sec:   4908.47
Transfer/sec:    421.82KB

