Command: /tmp/wrk2/wrk http://10.10.1.1:8000/index.html -c 256 -t 8 -R 50000 -d 10 -L -U
Return code: 0
STDOUT:
Running 10s test @ http://10.10.1.1:8000/index.html
  8 threads and 256 connections
  Thread Stats   Avg      Stdev     Max   +/- Stdev
    Latency   1762.06u  885.51us29136.00u   82.09%
    Req/Sec       -nan      -nan   0.00      0.00%
  Latency Distribution (HdrHistogram - Recorded Latency)
 50.000% 1707.00us
 75.000% 2139.00us
 90.000% 2569.00us
 99.000% 3915.00us
 99.900% 8871.00us
 99.990%22207.00us
 99.999%27375.00us
100.000%29151.00us

  Detailed Percentile spectrum:
       Value   Percentile   TotalCount 1/(1-Percentile)

     109.000     0.000000            1         1.00
     888.000     0.100000        48511         1.11
    1169.000     0.200000        97081         1.25
    1376.000     0.300000       145545         1.43
    1547.000     0.400000       193840         1.67
    1707.000     0.500000       242427         2.00
    1786.000     0.550000       266612         2.22
    1866.000     0.600000       290832         2.50
    1950.000     0.650000       314974         2.86
    2040.000     0.700000       339183         3.33
    2139.000     0.750000       363530         4.00
    2193.000     0.775000       375656         4.44
    2253.000     0.800000       387859         5.00
    2317.000     0.825000       399734         5.71
    2389.000     0.850000       411888         6.67
    2471.000     0.875000       424012         8.00
    2517.000     0.887500       430023         8.89
    2569.000     0.900000       436107        10.00
    2627.000     0.912500       442291        11.43
    2691.000     0.925000       448349        13.33
    2763.000     0.937500       454323        16.00
    2805.000     0.943750       457325        17.78
    2853.000     0.950000       460404        20.00
    2905.000     0.956250       463368        22.86
    2967.000     0.962500       466353        26.67
    3041.000     0.968750       469395        32.00
    3085.000     0.971875       470932        35.56
    3135.000     0.975000       472414        40.00
    3191.000     0.978125       473928        45.71
    3263.000     0.981250       475457        53.33
    3365.000     0.984375       476946        64.00
    3437.000     0.985938       477702        71.11
    3545.000     0.987500       478454        80.00
    3709.000     0.989062       479207        91.43
    4167.000     0.990625       479968       106.67
    4891.000     0.992188       480721       128.00
    5251.000     0.992969       481101       142.22
    5675.000     0.993750       481482       160.00
    6099.000     0.994531       481860       182.86
    6479.000     0.995313       482235       213.33
    6823.000     0.996094       482619       256.00
    6983.000     0.996484       482806       284.44
    7151.000     0.996875       482995       320.00
    7315.000     0.997266       483187       365.71
    7499.000     0.997656       483374       426.67
    7723.000     0.998047       483562       512.00
    7851.000     0.998242       483655       568.89
    7983.000     0.998437       483750       640.00
    8139.000     0.998633       483844       731.43
    8335.000     0.998828       483943       853.33
    8967.000     0.999023       484033      1024.00
    9431.000     0.999121       484081      1137.78
   10567.000     0.999219       484128      1280.00
   11567.000     0.999316       484175      1462.86
   12495.000     0.999414       484223      1706.67
   14791.000     0.999512       484270      2048.00
   15567.000     0.999561       484294      2275.56
   16431.000     0.999609       484317      2560.00
   17119.000     0.999658       484341      2925.71
   18495.000     0.999707       484365      3413.33
   20271.000     0.999756       484388      4096.00
   20495.000     0.999780       484400      4551.11
   20863.000     0.999805       484413      5120.00
   21567.000     0.999829       484424      5851.43
   21775.000     0.999854       484439      6826.67
   21935.000     0.999878       484447      8192.00
   22063.000     0.999890       484453      9102.22
   22207.000     0.999902       484459     10240.00
   22607.000     0.999915       484465     11702.86
   23039.000     0.999927       484471     13653.33
   23647.000     0.999939       484477     16384.00
   23871.000     0.999945       484480     18204.44
   24143.000     0.999951       484483     20480.00
   24719.000     0.999957       484486     23405.71
   24815.000     0.999963       484489     27306.67
   24975.000     0.999969       484492     32768.00
   25023.000     0.999973       484493     36408.89
   25135.000     0.999976       484495     40960.00
   25215.000     0.999979       484496     46811.43
   25759.000     0.999982       484498     54613.33
   26639.000     0.999985       484499     65536.00
   26847.000     0.999986       484500     72817.78
   27375.000     0.999988       484501     81920.00
   27375.000     0.999989       484501     93622.86
   27567.000     0.999991       484502    109226.67
   28527.000     0.999992       484503    131072.00
   28527.000     0.999993       484503    145635.56
   28735.000     0.999994       484504    163840.00
   28735.000     0.999995       484504    187245.71
   28735.000     0.999995       484504    218453.33
   28943.000     0.999996       484505    262144.00
   28943.000     0.999997       484505    291271.11
   28943.000     0.999997       484505    327680.00
   28943.000     0.999997       484505    374491.43
   28943.000     0.999998       484505    436906.67
   29151.000     0.999998       484506    524288.00
   29151.000     1.000000       484506          inf
#[Mean    =     1762.062, StdDeviation   =      885.506]
#[Max     =    29136.000, Total count    =       484506]
#[Buckets =           27, SubBuckets     =         2048]
----------------------------------------------------------

  Latency Distribution (HdrHistogram - Uncorrected Latency (measured without taking delayed starts into account))
 50.000%  933.00us
 75.000% 1259.00us
 90.000% 1520.00us
 99.000% 2645.00us
 99.900% 5383.00us
 99.990% 8063.00us
 99.999%24687.00us
100.000%25599.00us

  Detailed Percentile spectrum:
       Value   Percentile   TotalCount 1/(1-Percentile)

      74.000     0.000000            2         1.00
     351.000     0.100000        48551         1.11
     497.000     0.200000        97006         1.25
     649.000     0.300000       145528         1.43
     795.000     0.400000       194084         1.67
     933.000     0.500000       242613         2.00
     999.000     0.550000       266558         2.22
    1063.000     0.600000       290785         2.50
    1126.000     0.650000       315068         2.86
    1190.000     0.700000       339196         3.33
    1259.000     0.750000       363505         4.00
    1295.000     0.775000       375548         4.44
    1333.000     0.800000       387825         5.00
    1372.000     0.825000       399817         5.71
    1414.000     0.850000       411842         6.67
    1463.000     0.875000       424161         8.00
    1489.000     0.887500       430012         8.89
    1520.000     0.900000       436140        10.00
    1553.000     0.912500       442201        11.43
    1591.000     0.925000       448272        13.33
    1634.000     0.937500       454273        16.00
    1660.000     0.943750       457353        17.78
    1689.000     0.950000       460363        20.00
    1722.000     0.956250       463371        22.86
    1760.000     0.962500       466341        26.67
    1809.000     0.968750       469405        32.00
    1838.000     0.971875       470914        35.56
    1872.000     0.975000       472398        40.00
    1916.000     0.978125       473924        45.71
    1977.000     0.981250       475428        53.33
    2061.000     0.984375       476971        64.00
    2119.000     0.985938       477696        71.11
    2209.000     0.987500       478459        80.00
    2379.000     0.989062       479211        91.43
    2909.000     0.990625       479965       106.67
    3509.000     0.992188       480721       128.00
    3809.000     0.992969       481100       142.22
    4335.000     0.993750       481482       160.00
    4759.000     0.994531       481859       182.86
    5035.000     0.995313       482240       213.33
    5147.000     0.996094       482616       256.00
    5175.000     0.996484       482807       284.44
    5207.000     0.996875       482999       320.00
    5235.000     0.997266       483219       365.71
    5255.000     0.997656       483379       426.67
    5283.000     0.998047       483574       512.00
    5295.000     0.998242       483682       568.89
    5307.000     0.998437       483758       640.00
    5323.000     0.998633       483845       731.43
    5351.000     0.998828       483941       853.33
    5391.000     0.999023       484040      1024.00
    5415.000     0.999121       484084      1137.78
    5451.000     0.999219       484128      1280.00
    5495.000     0.999316       484176      1462.86
    5603.000     0.999414       484223      1706.67
    5803.000     0.999512       484270      2048.00
    5935.000     0.999561       484295      2275.56
    6127.000     0.999609       484317      2560.00
    6367.000     0.999658       484341      2925.71
    6735.000     0.999707       484366      3413.33
    7271.000     0.999756       484388      4096.00
    7523.000     0.999780       484400      4551.11
    7567.000     0.999805       484413      5120.00
    7683.000     0.999829       484425      5851.43
    7787.000     0.999854       484436      6826.67
    7959.000     0.999878       484447      8192.00
    8003.000     0.999890       484454      9102.22
    8063.000     0.999902       484459     10240.00
    8079.000     0.999915       484466     11702.86
    8103.000     0.999927       484471     13653.33
    8155.000     0.999939       484477     16384.00
    8207.000     0.999945       484480     18204.44
   11503.000     0.999951       484483     20480.00
   11687.000     0.999957       484486     23405.71
   15239.000     0.999963       484489     27306.67
   15551.000     0.999969       484492     32768.00
   15735.000     0.999973       484493     36408.89
   19839.000     0.999976       484495     40960.00
   19871.000     0.999979       484496     46811.43
   19967.000     0.999982       484498     54613.33
   20111.000     0.999985       484499     65536.00
   20495.000     0.999986       484500     72817.78
   24687.000     0.999988       484501     81920.00
   24687.000     0.999989       484501     93622.86
   24767.000     0.999991       484502    109226.67
   24831.000     0.999992       484503    131072.00
   24831.000     0.999993       484503    145635.56
   24927.000     0.999994       484504    163840.00
   24927.000     0.999995       484504    187245.71
   24927.000     0.999995       484504    218453.33
   25007.000     0.999996       484505    262144.00
   25007.000     0.999997       484505    291271.11
   25007.000     0.999997       484505    327680.00
   25007.000     0.999997       484505    374491.43
   25007.000     0.999998       484505    436906.67
   25599.000     0.999998       484506    524288.00
   25599.000     1.000000       484506          inf
#[Mean    =      965.193, StdDeviation   =      586.930]
#[Max     =    25584.000, Total count    =       484506]
#[Buckets =           27, SubBuckets     =         2048]
----------------------------------------------------------
  484516 requests in 10.00s, 40.66MB read
Requests/sec:  48443.74
Transfer/sec:      4.07MB

