Command: /users/vj2267/machnet/examples/scripts/../../release_build/examples/webclient/webclient http://10.10.1.1:8000/index.html -c 1 -t 1 -R 4000 -d 10 -L -U
Return code: 0
STDOUT:
Running 10s test @ http://10.10.1.1:8000/index.html
  1 threads and 1 connections
[INFO] sock_connect: Connected successfully to 10.10.1.1:8000 and c->thread_start=1750727552377672
  Thread calibration: mean lat.: 0.012ms, rate sampling interval: 10ms
  Thread Stats   Avg      Stdev     Max   +/- Stdev
    Latency    12.26us    0.57us  16.00us   99.71%
    Req/Sec     4.00k     7.14     4.10k    99.50%
  Latency Distribution (HdrHistogram - Recorded Latency)
 50.000%   12.00us
 75.000%   13.00us
 90.000%   13.00us
 99.000%   13.00us
 99.900%   14.00us
 99.990%   14.00us
 99.999%   16.00us
100.000%   16.00us

  Detailed Percentile spectrum:
       Value   Percentile   TotalCount 1/(1-Percentile)

      11.000     0.000000          523         1.00
      12.000     0.100000         5427         1.11
      12.000     0.200000         5427         1.25
      12.000     0.300000         5427         1.43
      12.000     0.400000         5427         1.67
      12.000     0.500000         5427         2.00
      12.000     0.550000         5427         2.22
      12.000     0.600000         5427         2.50
      12.000     0.650000         5427         2.86
      13.000     0.700000         7941         3.33
      13.000     0.750000         7941         4.00
      13.000     0.775000         7941         4.44
      13.000     0.800000         7941         5.00
      13.000     0.825000         7941         5.71
      13.000     0.850000         7941         6.67
      13.000     0.875000         7941         8.00
      13.000     0.900000         7941        10.00
      13.000     0.912500         7941        11.43
      13.000     0.925000         7941        13.33
      13.000     0.937500         7941        16.00
      13.000     0.943750         7941        17.78
      13.000     0.950000         7941        20.00
      13.000     0.956250         7941        22.86
      13.000     0.962500         7941        26.67
      13.000     0.968750         7941        32.00
      13.000     0.971875         7941        35.56
      13.000     0.975000         7941        40.00
      13.000     0.978125         7941        45.71
      13.000     0.981250         7941        53.33
      13.000     0.984375         7941        64.00
      13.000     0.987500         7941        80.00
      13.000     0.989063         7941        91.43
      13.000     0.990625         7941       106.67
      13.000     0.992188         7941       128.00
      13.000     0.993750         7941       160.00
      13.000     0.994531         7941       182.86
      13.000     0.995313         7941       213.33
      13.000     0.996094         7941       256.00
      13.000     0.996484         7941       284.44
      13.000     0.996875         7941       320.00
      14.000     0.997266         7963       365.71
      14.000     0.997656         7963       426.67
      14.000     0.998047         7963       512.00
      14.000     0.998242         7963       568.89
      14.000     0.998437         7963       640.00
      14.000     0.998633         7963       731.43
      14.000     0.998828         7963       853.33
      14.000     0.999023         7963      1024.00
      14.000     0.999121         7963      1137.78
      14.000     0.999219         7963      1280.00
      14.000     0.999316         7963      1462.86
      14.000     0.999414         7963      1706.67
      14.000     0.999512         7963      2048.00
      14.000     0.999561         7963      2275.56
      14.000     0.999609         7963      2560.00
      14.000     0.999658         7963      2925.71
      14.000     0.999707         7963      3413.33
      14.000     0.999756         7963      4096.00
      14.000     0.999805         7963      5120.00
      14.000     0.999829         7963      5851.43
      14.000     0.999854         7963      6826.67
      16.000     0.999878         7964      8192.00
      16.000     1.000000         7964          inf
#[Mean    =       12.256, StdDeviation   =        0.573]
#[Max     =       16.000, Total count    =         7964]
#[Buckets =           27, SubBuckets     =         2048]
----------------------------------------------------------

  Latency Distribution (HdrHistogram - Uncorrected Latency (measured without taking delayed starts into account))
 50.000%   12.00us
 75.000%   12.00us
 90.000%   12.00us
 99.000%   12.00us
 99.900%   13.00us
 99.990%   13.00us
 99.999%   13.00us
100.000%   13.00us

  Detailed Percentile spectrum:
       Value   Percentile   TotalCount 1/(1-Percentile)

      11.000     0.000000         1560         1.00
      11.000     0.100000         1560         1.11
      12.000     0.200000         7894         1.25
      12.000     0.300000         7894         1.43
      12.000     0.400000         7894         1.67
      12.000     0.500000         7894         2.00
      12.000     0.550000         7894         2.22
      12.000     0.600000         7894         2.50
      12.000     0.650000         7894         2.86
      12.000     0.700000         7894         3.33
      12.000     0.750000         7894         4.00
      12.000     0.775000         7894         4.44
      12.000     0.800000         7894         5.00
      12.000     0.825000         7894         5.71
      12.000     0.850000         7894         6.67
      12.000     0.875000         7894         8.00
      12.000     0.900000         7894        10.00
      12.000     0.912500         7894        11.43
      12.000     0.925000         7894        13.33
      12.000     0.937500         7894        16.00
      12.000     0.943750         7894        17.78
      12.000     0.950000         7894        20.00
      12.000     0.956250         7894        22.86
      12.000     0.962500         7894        26.67
      12.000     0.968750         7894        32.00
      12.000     0.971875         7894        35.56
      12.000     0.975000         7894        40.00
      12.000     0.978125         7894        45.71
      12.000     0.981250         7894        53.33
      12.000     0.984375         7894        64.00
      12.000     0.987500         7894        80.00
      12.000     0.989063         7894        91.43
      12.000     0.990625         7894       106.67
      13.000     0.992188         7964       128.00
      13.000     1.000000         7964          inf
#[Mean    =       11.813, StdDeviation   =        0.412]
#[Max     =       13.000, Total count    =         7964]
#[Buckets =           27, SubBuckets     =         2048]
----------------------------------------------------------
  40001 requests in 12.00s, 3.81MB read
Requests/sec:   4000.10
Transfer/sec:    390.63KB

STDERR:
[WARNING] script_wrk_connect is not implemented...
Checking for file descriptor...
Got a file descriptor!

