Command: /users/vj2267/machnet/examples/scripts/../../release_build/examples/webclient/webclient http://10.10.1.1:8000/index.html -c 1 -t 1 -R 6000 -d 10 -L -U
Return code: 0
STDOUT:
Running 10s test @ http://10.10.1.1:8000/index.html
  1 threads and 1 connections
[INFO] sock_connect: Connected successfully to 10.10.1.1:8000 and c->thread_start=1750727576378314
  Thread calibration: mean lat.: 0.012ms, rate sampling interval: 10ms
  Thread Stats   Avg      Stdev     Max   +/- Stdev
    Latency    12.22us    0.61us  27.00us   99.72%
    Req/Sec     6.00k     7.07     6.10k    99.50%
  Latency Distribution (HdrHistogram - Recorded Latency)
 50.000%   12.00us
 75.000%   13.00us
 90.000%   13.00us
 99.000%   13.00us
 99.900%   14.00us
 99.990%   14.00us
 99.999%   27.00us
100.000%   27.00us

  Detailed Percentile spectrum:
       Value   Percentile   TotalCount 1/(1-Percentile)

      11.000     0.000000         1074         1.00
      12.000     0.100000         8242         1.11
      12.000     0.200000         8242         1.25
      12.000     0.300000         8242         1.43
      12.000     0.400000         8242         1.67
      12.000     0.500000         8242         2.00
      12.000     0.550000         8242         2.22
      12.000     0.600000         8242         2.50
      12.000     0.650000         8242         2.86
      13.000     0.700000        11909         3.33
      13.000     0.750000        11909         4.00
      13.000     0.775000        11909         4.44
      13.000     0.800000        11909         5.00
      13.000     0.825000        11909         5.71
      13.000     0.850000        11909         6.67
      13.000     0.875000        11909         8.00
      13.000     0.900000        11909        10.00
      13.000     0.912500        11909        11.43
      13.000     0.925000        11909        13.33
      13.000     0.937500        11909        16.00
      13.000     0.943750        11909        17.78
      13.000     0.950000        11909        20.00
      13.000     0.956250        11909        22.86
      13.000     0.962500        11909        26.67
      13.000     0.968750        11909        32.00
      13.000     0.971875        11909        35.56
      13.000     0.975000        11909        40.00
      13.000     0.978125        11909        45.71
      13.000     0.981250        11909        53.33
      13.000     0.984375        11909        64.00
      13.000     0.987500        11909        80.00
      13.000     0.989063        11909        91.43
      13.000     0.990625        11909       106.67
      13.000     0.992188        11909       128.00
      13.000     0.993750        11909       160.00
      13.000     0.994531        11909       182.86
      13.000     0.995313        11909       213.33
      13.000     0.996094        11909       256.00
      13.000     0.996484        11909       284.44
      13.000     0.996875        11909       320.00
      14.000     0.997266        11942       365.71
      14.000     0.997656        11942       426.67
      14.000     0.998047        11942       512.00
      14.000     0.998242        11942       568.89
      14.000     0.998437        11942       640.00
      14.000     0.998633        11942       731.43
      14.000     0.998828        11942       853.33
      14.000     0.999023        11942      1024.00
      14.000     0.999121        11942      1137.78
      14.000     0.999219        11942      1280.00
      14.000     0.999316        11942      1462.86
      14.000     0.999414        11942      1706.67
      14.000     0.999512        11942      2048.00
      14.000     0.999561        11942      2275.56
      14.000     0.999609        11942      2560.00
      14.000     0.999658        11942      2925.71
      14.000     0.999707        11942      3413.33
      14.000     0.999756        11942      4096.00
      14.000     0.999805        11942      5120.00
      14.000     0.999829        11942      5851.43
      14.000     0.999854        11942      6826.67
      14.000     0.999878        11942      8192.00
      14.000     0.999902        11942     10240.00
      14.000     0.999915        11942     11702.86
      27.000     0.999927        11943     13653.33
      27.000     1.000000        11943          inf
#[Mean    =       12.224, StdDeviation   =        0.614]
#[Max     =       27.000, Total count    =        11943]
#[Buckets =           27, SubBuckets     =         2048]
----------------------------------------------------------

  Latency Distribution (HdrHistogram - Uncorrected Latency (measured without taking delayed starts into account))
 50.000%   12.00us
 75.000%   12.00us
 90.000%   12.00us
 99.000%   12.00us
 99.900%   13.00us
 99.990%   13.00us
 99.999%   13.00us
100.000%   13.00us

  Detailed Percentile spectrum:
       Value   Percentile   TotalCount 1/(1-Percentile)

      11.000     0.000000         3003         1.00
      11.000     0.100000         3003         1.11
      11.000     0.200000         3003         1.25
      12.000     0.300000        11860         1.43
      12.000     0.400000        11860         1.67
      12.000     0.500000        11860         2.00
      12.000     0.550000        11860         2.22
      12.000     0.600000        11860         2.50
      12.000     0.650000        11860         2.86
      12.000     0.700000        11860         3.33
      12.000     0.750000        11860         4.00
      12.000     0.775000        11860         4.44
      12.000     0.800000        11860         5.00
      12.000     0.825000        11860         5.71
      12.000     0.850000        11860         6.67
      12.000     0.875000        11860         8.00
      12.000     0.900000        11860        10.00
      12.000     0.912500        11860        11.43
      12.000     0.925000        11860        13.33
      12.000     0.937500        11860        16.00
      12.000     0.943750        11860        17.78
      12.000     0.950000        11860        20.00
      12.000     0.956250        11860        22.86
      12.000     0.962500        11860        26.67
      12.000     0.968750        11860        32.00
      12.000     0.971875        11860        35.56
      12.000     0.975000        11860        40.00
      12.000     0.978125        11860        45.71
      12.000     0.981250        11860        53.33
      12.000     0.984375        11860        64.00
      12.000     0.987500        11860        80.00
      12.000     0.989063        11860        91.43
      12.000     0.990625        11860       106.67
      12.000     0.992188        11860       128.00
      13.000     0.993750        11943       160.00
      13.000     1.000000        11943          inf
#[Mean    =       11.756, StdDeviation   =        0.446]
#[Max     =       13.000, Total count    =        11943]
#[Buckets =           27, SubBuckets     =         2048]
----------------------------------------------------------
  60001 requests in 12.00s, 5.72MB read
Requests/sec:   6000.10
Transfer/sec:    585.95KB

STDERR:
[WARNING] script_wrk_connect is not implemented...
Checking for file descriptor...
Got a file descriptor!

